9 0.159765625 0.3564453125 0.01484375 0.009765625
9 0.160546875 0.32373046875 0.03984375 0.0556640625
0 0.85 0.4384765625 0.0171875 0.044921875
0 0.77890625 0.42529296875 0.009375 0.0380859375
1 0.719140625 0.4287109375 0.01171875 0.025390625
1 0.18515625 0.4794921875 0.040625 0.05078125
1 0.209375 0.4775390625 0.0578125 0.05078125
1 0.03671875 0.5009765625 0.034375 0.078125
1 0.09765625 0.65966796875 0.1953125 0.1572265625
2 0.964453125 0.47314453125 0.07109375 0.1279296875
2 0.91484375 0.47412109375 0.1 0.1083984375
2 0.91484375 0.4443359375 0.13125 0.08984375
2 0.7328125 0.40234375 0.0171875 0.01953125
2 0.7484375 0.4052734375 0.01875 0.01953125
2 0.69375 0.40283203125 0.009375 0.0126953125
2 0.683203125 0.40283203125 0.01484375 0.0166015625
2 0.675390625 0.40869140625 0.01015625 0.0166015625
2 0.6671875 0.41259765625 0.015625 0.0185546875
2 0.653515625 0.41650390625 0.02109375 0.0224609375
2 0.61640625 0.408203125 0.01875 0.0078125
2 0.6359375 0.419921875 0.025 0.02734375
2 0.63203125 0.4248046875 0.0203125 0.02734375
2 0.622265625 0.42626953125 0.01953125 0.0302734375
2 0.6078125 0.42724609375 0.025 0.0341796875
2 0.522265625 0.42236328125 0.02421875 0.0224609375
2 0.541015625 0.408203125 0.02265625 0.015625
2 0.546484375 0.4384765625 0.05234375 0.052734375
2 0.57421875 0.435546875 0.025 0.04296875
2 0.580859375 0.4287109375 0.04140625 0.046875
2 0.744140625 0.45166015625 0.06640625 0.0693359375
2 0.423046875 0.46630859375 0.08203125 0.0791015625
2 0.471875 0.45654296875 0.0484375 0.0634765625
2 0.50390625 0.44921875 0.05 0.052734375
2 0.01171875 0.474609375 0.0234375 0.06640625
2 0.027734375 0.4287109375 0.05546875 0.044921875
2 0.096875 0.47216796875 0.1546875 0.1181640625
0 0.71953125 0.41943359375 0.0109375 0.0283203125
0 0.09453125 0.59228515625 0.090625 0.2021484375
