4 0.5330882352941176 0.34375 0.06454248366013073 0.04296875
4 0.7124183006535948 0.37109375 0.1977124183006536 0.30078125
7 0.8206699346405228 0.384765625 0.007352941176470588 0.01953125
9 0.4632352941176471 0.3134765625 0.008169934640522876 0.0078125
0 0.0457516339869281 0.53515625 0.0915032679738562 0.197265625
0 0.11683006535947713 0.427734375 0.03758169934640523 0.10546875
0 0.14787581699346405 0.40771484375 0.02287581699346405 0.0888671875
0 0.24754901960784315 0.48876953125 0.06699346405228758 0.2177734375
0 0.2716503267973856 0.42529296875 0.03839869281045752 0.1142578125
0 0.29697712418300654 0.41259765625 0.008986928104575163 0.0458984375
0 0.3263888888888889 0.41259765625 0.013888888888888888 0.0341796875
0 0.37459150326797386 0.4130859375 0.008986928104575163 0.02734375
0 0.9391339869281046 0.427734375 0.018790849673202614 0.0390625
0 0.9195261437908496 0.42919921875 0.015522875816993464 0.0263671875
0 0.880718954248366 0.4267578125 0.011437908496732025 0.02734375
0 0.9031862745098039 0.4296875 0.013888888888888888 0.0234375
0 0.8668300653594772 0.4365234375 0.013071895424836602 0.04296875
1 0.37745098039215685 0.43603515625 0.12091503267973856 0.1572265625
2 0.5245098039215687 0.474609375 0.19444444444444445 0.228515625
0 0.3937908496732026 0.4130859375 0.021241830065359478 0.03125
0 0.3570261437908497 0.408203125 0.026143790849673203 0.03125
0 0.7826797385620915 0.29248046875 0.02287581699346405 0.0224609375
0 0.7009803921568627 0.28271484375 0.016339869281045753 0.0263671875
0 0.6809640522875817 0.279296875 0.013888888888888888 0.02734375
0 0.6797385620915033 0.40625 0.03104575163398693 0.05078125
