7 0.957421875 0.39794921875 0.01171875 0.0361328125
7 0.883984375 0.349609375 0.01328125 0.03515625
7 0.5375 0.43505859375 0.0125 0.0361328125
7 0.327734375 0.43798828125 0.01328125 0.0341796875
7 0.2078125 0.31103515625 0.0140625 0.0458984375
7 0.271484375 0.3310546875 0.01015625 0.0390625
7 0.013671875 0.4248046875 0.01796875 0.046875
0 0.986328125 0.5087890625 0.01328125 0.04296875
0 0.9703125 0.509765625 0.0140625 0.048828125
2 0.780078125 0.5126953125 0.03046875 0.044921875
2 0.821484375 0.49267578125 0.01796875 0.0205078125
3 0.70078125 0.501953125 0.0234375 0.025390625
0 0.698046875 0.4921875 0.01171875 0.029296875
