7 0.9347222222222222 0.2953125 0.012777777777777779 0.044375
7 0.7336111111111111 0.3334375 0.025 0.051875
7 0.7436111111111111 0.384375 0.011666666666666667 0.02375
7 0.3372222222222222 0.1996875 0.02 0.045625
9 0.7547222222222222 0.365 0.04055555555555555 0.01
9 0.7302777777777778 0.4203125 0.010555555555555556 0.016875
0 0.6408333333333334 0.444375 0.008333333333333333 0.02875
2 0.505 0.4575 0.05555555555555555 0.05125
2 0.4088888888888889 0.463125 0.05333333333333334 0.0425
2 0.4575 0.446875 0.02388888888888889 0.02375
2 0.24583333333333332 0.48875 0.17944444444444443 0.13125
