0 0.501953125 0.4814453125 0.01015625 0.044921875
0 0.493359375 0.48486328125 0.00859375 0.0380859375
0 0.48203125 0.4814453125 0.0125 0.04296875
0 0.455078125 0.46533203125 0.00703125 0.0244140625
0 0.444921875 0.4658203125 0.00703125 0.017578125
2 0.044140625 0.6572265625 0.08828125 0.17578125
2 0.08984375 0.59326171875 0.1671875 0.1962890625
2 0.194921875 0.5703125 0.08828125 0.123046875
2 0.246484375 0.5537109375 0.07109375 0.091796875
2 0.276171875 0.5400390625 0.04453125 0.072265625
2 0.29765625 0.51708984375 0.071875 0.0791015625
2 0.147265625 0.48876953125 0.05390625 0.0263671875
2 0.111328125 0.48681640625 0.02578125 0.0185546875
2 0.195703125 0.48486328125 0.03984375 0.0224609375
2 0.2328125 0.48046875 0.0328125 0.021484375
2 0.2703125 0.47607421875 0.0359375 0.0244140625
2 0.305859375 0.47021484375 0.03203125 0.0146484375
2 0.3328125 0.5126953125 0.028125 0.0546875
2 0.35 0.5048828125 0.025 0.041015625
2 0.354296875 0.49560546875 0.04140625 0.0458984375
2 0.368359375 0.48779296875 0.04296875 0.0517578125
2 0.38984375 0.48681640625 0.0140625 0.0283203125
2 0.394140625 0.48046875 0.02421875 0.033203125
2 0.407421875 0.4794921875 0.01171875 0.0234375
2 0.412890625 0.4765625 0.01171875 0.0234375
2 0.421484375 0.47412109375 0.01328125 0.0185546875
2 0.43125 0.46728515625 0.0140625 0.0185546875
2 0.438671875 0.4619140625 0.01015625 0.01171875
2 0.919921875 0.80517578125 0.16015625 0.3896484375
2 0.82421875 0.66552734375 0.253125 0.2197265625
2 0.71953125 0.5869140625 0.184375 0.173828125
2 0.6390625 0.56494140625 0.0765625 0.1181640625
2 0.612890625 0.52880859375 0.08828125 0.1005859375
2 0.570703125 0.5205078125 0.03671875 0.072265625
2 0.559765625 0.49755859375 0.06640625 0.0712890625
2 0.528515625 0.48681640625 0.04140625 0.0556640625
2 0.476171875 0.4609375 0.01015625 0.013671875
