9 0.10027777777777777 0.423125 0.013888888888888888 0.01625
9 0.09944444444444445 0.43375 0.006666666666666667 0.005
9 0.49777777777777776 0.385 0.021111111111111112 0.0325
9 0.5005555555555555 0.4065625 0.012222222222222223 0.008125
9 0.6891666666666667 0.39875 0.020555555555555556 0.0075
0 0.11638888888888889 0.4615625 0.011666666666666667 0.030625
2 0.13277777777777777 0.4575 0.03222222222222222 0.02875
2 0.17888888888888888 0.4575 0.042222222222222223 0.04
2 0.23666666666666666 0.45625 0.043333333333333335 0.03
2 0.29055555555555557 0.45625 0.03888888888888889 0.0325
2 0.6530555555555555 0.4496875 0.13055555555555556 0.045625
