9 0.40859375 0.435546875 0.0125 0.013671875
9 0.40859375 0.44482421875 0.0078125 0.0048828125
9 0.58046875 0.4228515625 0.0140625 0.017578125
9 0.580859375 0.43359375 0.00859375 0.00390625
0 0.608203125 0.5888671875 0.05078125 0.166015625
0 0.64609375 0.48388671875 0.0125 0.0322265625
0 0.410546875 0.49072265625 0.01484375 0.0498046875
0 0.425390625 0.490234375 0.01328125 0.048828125
0 0.503125 0.470703125 0.00625 0.013671875
0 0.564453125 0.4677734375 0.01171875 0.021484375
0 0.57421875 0.46630859375 0.0078125 0.0205078125
1 0.522265625 0.6328125 0.06015625 0.166015625
1 0.170703125 0.64208984375 0.06484375 0.1396484375
1 0.440234375 0.49755859375 0.01015625 0.0322265625
2 0.158203125 0.58544921875 0.15078125 0.1513671875
2 0.230078125 0.54931640625 0.09921875 0.1240234375
2 0.2875 0.54150390625 0.053125 0.0830078125
2 0.294140625 0.5185546875 0.08359375 0.095703125
2 0.344140625 0.5185546875 0.04296875 0.0703125
2 0.3625 0.51416015625 0.025 0.0595703125
2 0.380859375 0.50146484375 0.03515625 0.0419921875
2 0.399609375 0.49755859375 0.02265625 0.0380859375
2 0.94453125 0.57275390625 0.0421875 0.1259765625
2 0.931640625 0.5087890625 0.07109375 0.10546875
2 0.846484375 0.50146484375 0.13515625 0.0732421875
2 0.77265625 0.59716796875 0.234375 0.2216796875
2 0.61875 0.46484375 0.0390625 0.015625
2 0.61640625 0.5283203125 0.09375 0.078125
2 0.578515625 0.50390625 0.04453125 0.048828125
2 0.6171875 0.4765625 0.034375 0.025390625
2 0.641796875 0.4775390625 0.03671875 0.03125
2 0.52734375 0.51123046875 0.0640625 0.0654296875
2 0.531640625 0.47216796875 0.02421875 0.0166015625
2 0.452734375 0.4775390625 0.01640625 0.01953125
2 0.462890625 0.4716796875 0.01171875 0.015625
2 0.471484375 0.466796875 0.01171875 0.017578125
2 0.514453125 0.47216796875 0.01015625 0.0126953125
2 0.70546875 0.494140625 0.0609375 0.05078125
0 0.439453125 0.48583984375 0.01328125 0.0458984375
0 0.173046875 0.60107421875 0.05859375 0.1650390625
0 0.522265625 0.59326171875 0.06484375 0.2021484375
