4 0.4175 0.4371875 0.06833333333333333 0.068125
7 0.059722222222222225 0.304375 0.020555555555555556 0.06125
7 0.7863888888888889 0.3028125 0.018333333333333333 0.058125
7 0.7897222222222222 0.3734375 0.021666666666666667 0.023125
7 0.05611111111111111 0.3746875 0.02 0.020625
9 0.06694444444444445 0.35125 0.04055555555555555 0.02
9 0.7813888888888889 0.3503125 0.04388888888888889 0.016875
9 0.59 0.410625 0.012222222222222223 0.0125
9 0.59 0.4215625 0.011111111111111112 0.008125
9 0.7019444444444445 0.3846875 0.011666666666666667 0.018125
0 0.6266666666666667 0.4671875 0.04111111111111111 0.118125
2 0.48527777777777775 0.4484375 0.03277777777777778 0.011875
2 0.5083333333333333 0.4478125 0.013333333333333334 0.013125
2 0.5169444444444444 0.444375 0.010555555555555556 0.01
2 0.5213888888888889 0.4478125 0.009444444444444445 0.009375
2 0.5302777777777777 0.4475 0.010555555555555556 0.01875
2 0.54 0.4484375 0.016666666666666666 0.023125
2 0.5436111111111112 0.450625 0.010555555555555556 0.0225
2 0.5580555555555555 0.45125 0.02722222222222222 0.03125
2 0.5630555555555555 0.4540625 0.011666666666666667 0.031875
2 0.5902777777777778 0.4525 0.042777777777777776 0.055
2 0.5722222222222222 0.4521875 0.014444444444444444 0.044375
2 0.6369444444444444 0.461875 0.07277777777777777 0.0675
2 0.38555555555555554 0.4625 0.05444444444444444 0.055
2 0.3258333333333333 0.4725 0.09388888888888888 0.0725
2 0.455 0.4428125 0.01 0.019375
