7 0.62255859375 0.4944661458333333 0.0078125 0.012369791666666666
7 0.576171875 0.4599609375 0.0087890625 0.013671875
7 0.49951171875 0.4977213541666667 0.009765625 0.014973958333333334
9 0.38720703125 0.4866536458333333 0.0166015625 0.005859375
1 0.800537109375 0.6946614583333334 0.03857421875 0.1328125
2 0.490478515625 0.5462239583333334 0.02294921875 0.028645833333333332
2 0.465087890625 0.5504557291666666 0.01904296875 0.033203125
2 0.436767578125 0.5511067708333334 0.04638671875 0.044921875
2 0.31396484375 0.5732421875 0.0546875 0.072265625
2 0.24658203125 0.5804036458333334 0.08984375 0.099609375
2 0.18603515625 0.5947265625 0.08984375 0.10221354166666667
2 0.08837890625 0.6119791666666666 0.1328125 0.12890625
2 0.518310546875 0.5400390625 0.02392578125 0.020182291666666668
2 0.543701171875 0.5397135416666666 0.01611328125 0.015625
0 0.797607421875 0.6223958333333334 0.07958984375 0.19140625
