9 0.8630555555555556 0.2646875 0.04055555555555555 0.060625
9 0.8641666666666666 0.32625 0.020555555555555556 0.0375
9 0.8636111111111111 0.3640625 0.020555555555555556 0.036875
9 0.38083333333333336 0.40875 0.005 0.0025
9 0.3811111111111111 0.40375 0.006666666666666667 0.0075
9 0.6091666666666666 0.406875 0.01611111111111111 0.00875
9 0.020555555555555556 0.3621875 0.013333333333333334 0.028125
0 0.7763888888888889 0.4646875 0.026111111111111113 0.091875
0 0.2563888888888889 0.4428125 0.012777777777777779 0.035625
2 0.9552777777777778 0.5275 0.08944444444444444 0.25125
2 0.1486111111111111 0.461875 0.029444444444444443 0.02625
2 0.4147222222222222 0.4165625 0.02388888888888889 0.021875
2 0.5383333333333333 0.4515625 0.03888888888888889 0.033125
2 0.5161111111111111 0.4284375 0.028888888888888888 0.026875
2 0.49277777777777776 0.4225 0.01 0.00625
2 0.4311111111111111 0.41875 0.008888888888888889 0.01375
2 0.48583333333333334 0.4221875 0.0038888888888888888 0.004375
