9 0.5151143790849673 0.419921875 0.02369281045751634 0.017578125
0 0.12622549019607843 0.51953125 0.025326797385620915 0.0703125
0 0.13602941176470587 0.5009765625 0.02042483660130719 0.05078125
0 0.25612745098039214 0.48974609375 0.010620915032679739 0.0322265625
0 0.32516339869281047 0.4794921875 0.008169934640522876 0.033203125
0 0.3276143790849673 0.48193359375 0.008169934640522876 0.0263671875
0 0.37254901960784315 0.47705078125 0.004901960784313725 0.0185546875
0 0.36519607843137253 0.482421875 0.008169934640522876 0.017578125
0 0.3880718954248366 0.474609375 0.0032679738562091504 0.017578125
0 0.3966503267973856 0.4755859375 0.005718954248366013 0.017578125
0 0.40236928104575165 0.47412109375 0.004084967320261438 0.0146484375
0 0.42892156862745096 0.47021484375 0.004901960784313725 0.0185546875
0 0.434640522875817 0.470703125 0.004901960784313725 0.01953125
0 0.5273692810457516 0.478515625 0.012254901960784314 0.033203125
0 0.5093954248366013 0.48046875 0.01715686274509804 0.03515625
0 0.6474673202614379 0.47509765625 0.015522875816993464 0.0322265625
0 0.6311274509803921 0.474609375 0.018790849673202614 0.03125
0 0.5490196078431373 0.466796875 0.006535947712418301 0.01953125
0 0.8014705882352942 0.4658203125 0.017973856209150325 0.041015625
0 0.7834967320261438 0.4619140625 0.00980392156862745 0.03515625
0 0.9211601307189542 0.47119140625 0.031862745098039214 0.0830078125
0 0.9897875816993464 0.45703125 0.018790849673202614 0.04296875
