7 0.53125 0.5149739583333334 0.005859375 0.010416666666666666
7 0.56396484375 0.4986979166666667 0.0068359375 0.01171875
7 0.5859375 0.51171875 0.0068359375 0.010416666666666666
9 0.634521484375 0.4853515625 0.01611328125 0.018880208333333332
9 0.634521484375 0.4970703125 0.00732421875 0.004557291666666667
9 0.18603515625 0.4593098958333333 0.033203125 0.009765625
1 0.6484375 0.5615234375 0.017578125 0.050130208333333336
2 0.474853515625 0.53125 0.02392578125 0.020833333333333332
2 0.48779296875 0.5276692708333334 0.01953125 0.025390625
2 0.423583984375 0.5413411458333334 0.02978515625 0.038411458333333336
2 0.390380859375 0.5436197916666666 0.04052734375 0.052083333333333336
2 0.376953125 0.5504557291666666 0.0478515625 0.047526041666666664
2 0.343017578125 0.5572916666666666 0.03857421875 0.061197916666666664
2 0.30517578125 0.5631510416666666 0.0849609375 0.06640625
0 0.64794921875 0.5455729166666666 0.0185546875 0.05859375
8 0.712890625 0.5716145833333334 0.0126953125 0.036458333333333336
