7 0.4527777777777778 0.17875 0.02 0.06125
7 0.7469444444444444 0.32375 0.020555555555555556 0.0575
7 0.9491666666666667 0.2746875 0.02388888888888889 0.021875
7 0.9480555555555555 0.3715625 0.012777777777777779 0.024375
7 0.7433333333333333 0.3865625 0.013333333333333334 0.019375
9 0.6019444444444444 0.4140625 0.01611111111111111 0.021875
9 0.7344444444444445 0.3634375 0.04111111111111111 0.016875
9 0.7233333333333334 0.3278125 0.01888888888888889 0.043125
9 0.9913888888888889 0.3278125 0.017222222222222222 0.014375
2 0.05583333333333333 0.5328125 0.11166666666666666 0.229375
