9 0.21638888888888888 0.3221875 0.06833333333333333 0.029375
9 0.29555555555555557 0.3184375 0.08222222222222222 0.028125
2 0.14805555555555555 0.4753125 0.13055555555555556 0.099375
2 0.21944444444444444 0.4634375 0.08333333333333333 0.086875
2 0.2677777777777778 0.4465625 0.0811111111111111 0.080625
2 0.315 0.4525 0.021111111111111112 0.04375
2 0.3238888888888889 0.4478125 0.028888888888888888 0.038125
2 0.3386111111111111 0.4453125 0.019444444444444445 0.034375
2 0.3438888888888889 0.4409375 0.03111111111111111 0.033125
2 0.3575 0.439375 0.015 0.02625
2 0.36666666666666664 0.43375 0.03 0.02875
2 0.38555555555555554 0.434375 0.013333333333333334 0.02375
2 0.39361111111111113 0.4315625 0.013888888888888888 0.020625
2 0.405 0.43125 0.014444444444444444 0.01625
2 0.41055555555555556 0.42875 0.013333333333333334 0.015
2 0.4222222222222222 0.42875 0.014444444444444444 0.0175
2 0.43583333333333335 0.42875 0.012777777777777779 0.0125
2 0.4477777777777778 0.4284375 0.011111111111111112 0.010625
2 0.4508333333333333 0.42625 0.011666666666666667 0.01375
2 0.4583333333333333 0.4265625 0.005555555555555556 0.010625
2 0.4666666666666667 0.426875 0.01 0.00875
2 0.47333333333333333 0.42625 0.005555555555555556 0.00875
2 0.4922222222222222 0.4275 0.016666666666666666 0.02125
2 0.5144444444444445 0.4415625 0.05444444444444444 0.045625
2 0.5541666666666667 0.4290625 0.030555555555555555 0.019375
