0 0.13194444444444445 0.499375 0.020555555555555556 0.06
2 0.8997222222222222 0.5915625 0.20055555555555554 0.313125
2 0.04138888888888889 0.49375 0.08277777777777778 0.06875
2 0.3338888888888889 0.4884375 0.03111111111111111 0.024375
2 0.35 0.4803125 0.03777777777777778 0.031875
2 0.37666666666666665 0.4765625 0.028888888888888888 0.026875
2 0.38972222222222225 0.475 0.011666666666666667 0.02375
2 0.41805555555555557 0.4703125 0.042777777777777776 0.041875
2 0.6277777777777778 0.481875 0.17222222222222222 0.06
2 0.5419444444444445 0.4715625 0.04833333333333333 0.038125
2 0.5191666666666667 0.4665625 0.015 0.024375
2 0.5005555555555555 0.4671875 0.024444444444444446 0.018125
2 0.4736111111111111 0.4696875 0.021666666666666667 0.014375
2 0.45416666666666666 0.47125 0.017222222222222222 0.01125
2 0.7758333333333334 0.475625 0.07722222222222222 0.04625
2 0.8333333333333334 0.47 0.044444444444444446 0.04375
2 0.8688888888888889 0.4678125 0.043333333333333335 0.040625
2 0.9077777777777778 0.469375 0.042222222222222223 0.04625
2 0.7180555555555556 0.468125 0.03833333333333333 0.0325
