7 0.9219444444444445 0.3128125 0.042777777777777776 0.043125
7 0.935 0.1875 0.04555555555555556 0.1175
7 0.5461111111111111 0.4165625 0.008888888888888889 0.010625
9 0.9136111111111112 0.4109375 0.02277777777777778 0.035625
9 0.9377777777777778 0.265625 0.08666666666666667 0.0375
9 0.07138888888888889 0.394375 0.020555555555555556 0.0275
0 0.5833333333333334 0.4634375 0.012222222222222223 0.050625
0 0.09722222222222222 0.4684375 0.01888888888888889 0.060625
0 0.11166666666666666 0.4734375 0.02 0.063125
0 0.1947222222222222 0.47 0.011666666666666667 0.045
0 0.24333333333333335 0.460625 0.011111111111111112 0.0425
0 0.2872222222222222 0.460625 0.008888888888888889 0.02625
0 0.2927777777777778 0.45625 0.006666666666666667 0.025
0 0.3 0.4575 0.006666666666666667 0.02125
0 0.2697222222222222 0.460625 0.010555555555555556 0.025
0 0.2588888888888889 0.4596875 0.0077777777777777776 0.030625
0 0.07361111111111111 0.468125 0.01611111111111111 0.05125
2 0.52 0.466875 0.03 0.0325
2 0.4841666666666667 0.4678125 0.049444444444444444 0.048125
