2 0.5052777777777778 0.475625 0.08833333333333333 0.03875
2 0.14666666666666667 0.483125 0.04111111111111111 0.0375
2 0.2638888888888889 0.4790625 0.04666666666666667 0.031875
2 0.23805555555555555 0.479375 0.02722222222222222 0.02875
2 0.20972222222222223 0.475625 0.03166666666666667 0.02375
2 0.19194444444444445 0.4740625 0.015 0.020625
2 0.17833333333333334 0.4696875 0.023333333333333334 0.019375
2 0.06166666666666667 0.4515625 0.017777777777777778 0.014375
2 0.050833333333333335 0.4640625 0.017222222222222222 0.010625
2 0.06 0.4721875 0.022222222222222223 0.019375
2 0.14916666666666667 0.4434375 0.017222222222222222 0.015625
