1 0.567626953125 0.4680989583333333 0.02099609375 0.07421875
1 0.655029296875 0.474609375 0.02294921875 0.07161458333333333
2 0.123779296875 0.48828125 0.18505859375 0.203125
2 0.2568359375 0.4645182291666667 0.125 0.15169270833333334
2 0.347900390625 0.4466145833333333 0.09912109375 0.10286458333333333
2 0.4169921875 0.4270833333333333 0.0546875 0.061197916666666664
2 0.45849609375 0.4348958333333333 0.033203125 0.052083333333333336
2 0.4658203125 0.4287109375 0.0400390625 0.051432291666666664
2 0.498291015625 0.4251302083333333 0.02587890625 0.040364583333333336
2 0.5234375 0.4283854166666667 0.0166015625 0.018229166666666668
2 0.536376953125 0.4264322916666667 0.01318359375 0.018229166666666668
2 0.547607421875 0.427734375 0.01025390625 0.014322916666666666
2 0.9169921875 0.5091145833333334 0.1025390625 0.3046875
2 0.87939453125 0.4772135416666667 0.17578125 0.2786458333333333
2 0.75048828125 0.4739583333333333 0.1083984375 0.11848958333333333
2 0.68896484375 0.4508463541666667 0.052734375 0.08268229166666667
2 0.622802734375 0.4290364583333333 0.03173828125 0.049479166666666664
2 0.606689453125 0.4267578125 0.01904296875 0.039713541666666664
2 0.593994140625 0.4235026041666667 0.01708984375 0.026692708333333332
2 0.654541015625 0.4287109375 0.06005859375 0.068359375
0 0.568603515625 0.4313151041666667 0.03662109375 0.126953125
0 0.654541015625 0.4410807291666667 0.03271484375 0.11783854166666667
