9 0.583251953125 0.4967447916666667 0.00537109375 0.0026041666666666665
9 0.58349609375 0.5035807291666666 0.0048828125 0.008463541666666666
0 0.560546875 0.529296875 0.0087890625 0.03125
0 0.397705078125 0.552734375 0.01513671875 0.07421875
2 0.92138671875 0.5901692708333334 0.09765625 0.166015625
2 0.815185546875 0.5240885416666666 0.12353515625 0.08723958333333333
2 0.91845703125 0.5169270833333334 0.1005859375 0.08333333333333333
2 0.750244140625 0.5305989583333334 0.04248046875 0.0703125
2 0.719482421875 0.5315755208333334 0.04638671875 0.059244791666666664
2 0.6435546875 0.5247395833333334 0.0205078125 0.037760416666666664
2 0.6728515625 0.5250651041666666 0.021484375 0.035807291666666664
2 0.695068359375 0.5227864583333334 0.02490234375 0.03515625
2 0.5830078125 0.5325520833333334 0.0283203125 0.032552083333333336
2 0.5283203125 0.5299479166666666 0.0263671875 0.026041666666666668
2 0.507568359375 0.5221354166666666 0.01611328125 0.020833333333333332
2 0.50146484375 0.5266927083333334 0.0146484375 0.018229166666666668
2 0.4912109375 0.5296223958333334 0.015625 0.024088541666666668
2 0.473388671875 0.53515625 0.02197265625 0.0234375
2 0.452392578125 0.5319010416666666 0.02783203125 0.028645833333333332
2 0.4462890625 0.5380859375 0.01953125 0.031901041666666664
2 0.423828125 0.5442708333333334 0.0390625 0.037760416666666664
2 0.3896484375 0.5550130208333334 0.037109375 0.054036458333333336
2 0.375244140625 0.560546875 0.03173828125 0.052083333333333336
2 0.3515625 0.5563151041666666 0.029296875 0.07096354166666667
2 0.310302734375 0.5611979166666666 0.08251953125 0.08854166666666667
2 0.260986328125 0.5807291666666666 0.11181640625 0.09375
2 0.093505859375 0.6119791666666666 0.12744140625 0.17838541666666666
