9 0.823828125 0.42138671875 0.00703125 0.0380859375
1 0.316015625 0.50439453125 0.02890625 0.0322265625
2 0.03046875 0.63525390625 0.0609375 0.2158203125
2 0.11640625 0.5751953125 0.1828125 0.181640625
2 0.2265625 0.55908203125 0.0640625 0.1181640625
2 0.265625 0.5478515625 0.053125 0.08203125
2 0.959375 0.81494140625 0.08125 0.2802734375
2 0.84765625 0.6826171875 0.3046875 0.2421875
2 0.582421875 0.49462890625 0.05859375 0.0595703125
2 0.59375 0.47802734375 0.046875 0.0634765625
2 0.603125 0.4384765625 0.0203125 0.017578125
2 0.356640625 0.49609375 0.06640625 0.056640625
2 0.4015625 0.48486328125 0.0484375 0.0439453125
2 0.421484375 0.47607421875 0.04609375 0.0498046875
2 0.446484375 0.47705078125 0.01796875 0.0361328125
2 0.461328125 0.470703125 0.02734375 0.03125
2 0.473828125 0.46923828125 0.01484375 0.0283203125
2 0.4859375 0.4677734375 0.021875 0.025390625
2 0.496875 0.4658203125 0.01875 0.025390625
2 0.51171875 0.4619140625 0.021875 0.021484375
2 0.519921875 0.458984375 0.01640625 0.01953125
2 0.526953125 0.45703125 0.01640625 0.021484375
2 0.546875 0.45458984375 0.0296875 0.0185546875
2 0.569921875 0.451171875 0.01796875 0.0234375
2 0.76484375 0.47216796875 0.0390625 0.0595703125
2 0.7546875 0.46826171875 0.06875 0.0654296875
2 0.86953125 0.4658203125 0.1703125 0.08984375
