4 0.86083984375 0.4788411458333333 0.2138671875 0.11263020833333333
4 0.692626953125 0.501953125 0.10791015625 0.061197916666666664
4 0.56005859375 0.5152994791666666 0.0810546875 0.09700520833333333
4 0.458740234375 0.5234375 0.11083984375 0.048177083333333336
0 0.895751953125 0.5777994791666666 0.03466796875 0.138671875
0 0.843017578125 0.5537109375 0.04833984375 0.19075520833333334
0 0.78955078125 0.5520833333333334 0.0263671875 0.12630208333333334
0 0.7587890625 0.5598958333333334 0.0322265625 0.12239583333333333
0 0.640380859375 0.5400390625 0.01806640625 0.061848958333333336
0 0.14794921875 0.5631510416666666 0.009765625 0.028645833333333332
0 0.111083984375 0.580078125 0.01220703125 0.024739583333333332
2 0.942138671875 0.5393880208333334 0.05224609375 0.10611979166666667
2 0.933349609375 0.49609375 0.07275390625 0.0859375
2 0.480224609375 0.5367838541666666 0.03955078125 0.047526041666666664
2 0.40185546875 0.5634765625 0.0859375 0.07747395833333333
