9 0.40078125 0.44921875 0.0046875 0.005859375
9 0.40078125 0.453125 0.003125 0.001953125
9 0.466796875 0.4482421875 0.00390625 0.001953125
9 0.466796875 0.44384765625 0.00546875 0.0068359375
0 0.571875 0.4677734375 0.0109375 0.01953125
1 0.394140625 0.49560546875 0.01171875 0.0302734375
1 0.44609375 0.48486328125 0.0078125 0.0205078125
2 0.053125 0.638671875 0.10625 0.193359375
2 0.133984375 0.572265625 0.13515625 0.1484375
2 0.208203125 0.56103515625 0.06328125 0.0986328125
2 0.22734375 0.5439453125 0.0453125 0.0703125
2 0.257421875 0.5263671875 0.06328125 0.064453125
2 0.283984375 0.51171875 0.06484375 0.0703125
2 0.31953125 0.505859375 0.0296875 0.04296875
2 0.323828125 0.49755859375 0.04140625 0.0478515625
2 0.357421875 0.4873046875 0.03046875 0.029296875
2 0.369140625 0.482421875 0.02421875 0.02734375
2 0.379296875 0.4755859375 0.02109375 0.025390625
2 0.404296875 0.46875 0.01171875 0.015625
2 0.425 0.46875 0.01875 0.01953125
2 0.4140625 0.46337890625 0.009375 0.0126953125
2 0.440234375 0.462890625 0.01171875 0.013671875
2 0.43515625 0.45849609375 0.0125 0.0107421875
2 0.45390625 0.4638671875 0.009375 0.017578125
2 0.464453125 0.46533203125 0.01953125 0.0224609375
2 0.465234375 0.4736328125 0.01015625 0.0234375
2 0.480078125 0.47509765625 0.02890625 0.0322265625
2 0.486328125 0.48486328125 0.01953125 0.0341796875
2 0.511328125 0.49072265625 0.04921875 0.0537109375
2 0.525 0.5087890625 0.0515625 0.0625
2 0.533984375 0.5263671875 0.03359375 0.083984375
2 0.580078125 0.53369140625 0.10546875 0.1142578125
2 0.678125 0.58154296875 0.1875 0.1865234375
2 0.788671875 0.66015625 0.30859375 0.244140625
2 0.892578125 0.51708984375 0.09296875 0.0986328125
2 0.916015625 0.470703125 0.11796875 0.048828125
2 0.866796875 0.45849609375 0.04609375 0.0283203125
2 0.515625 0.45556640625 0.025 0.0146484375
2 0.57734375 0.46533203125 0.059375 0.0263671875
0 0.394921875 0.4814453125 0.01328125 0.04296875
0 0.445703125 0.47607421875 0.00859375 0.0283203125
