7 0.3047385620915033 0.3798828125 0.017973856209150325 0.05078125
7 0.5473856209150327 0.435546875 0.004901960784313725 0.01171875
7 0.6286764705882353 0.384765625 0.005718954248366013 0.015625
7 0.7691993464052288 0.0732421875 0.025326797385620915 0.068359375
9 0.05269607843137255 0.4873046875 0.013888888888888888 0.01953125
9 0.25612745098039214 0.4482421875 0.03676470588235294 0.041015625
9 0.31862745098039214 0.453125 0.011437908496732025 0.013671875
9 0.4334150326797386 0.43505859375 0.022058823529411766 0.0263671875
9 0.4334150326797386 0.4130859375 0.022058823529411766 0.021484375
9 0.431781045751634 0.39208984375 0.022058823529411766 0.0244140625
9 0.7622549019607843 0.39599609375 0.03594771241830065 0.0537109375
6 0.7091503267973857 0.4453125 0.03431372549019608 0.046875
3 0.136437908496732 0.5205078125 0.0196078431372549 0.02734375
3 0.06740196078431372 0.5224609375 0.05800653594771242 0.044921875
3 0.4599673202614379 0.576171875 0.06372549019607843 0.119140625
3 0.4861111111111111 0.521484375 0.032679738562091505 0.041015625
3 0.7116013071895425 0.51611328125 0.03104575163398693 0.0556640625
3 0.5845588235294118 0.46240234375 0.007352941176470588 0.0126953125
3 0.6021241830065359 0.4619140625 0.004901960784313725 0.01171875
2 0.5833333333333334 0.4541015625 0.013071895424836602 0.015625
2 0.5665849673202614 0.46142578125 0.02369281045751634 0.0205078125
2 0.5461601307189542 0.45751953125 0.008986928104575163 0.0107421875
2 0.5396241830065359 0.45849609375 0.008986928104575163 0.0126953125
2 0.5314542483660131 0.45947265625 0.008986928104575163 0.0126953125
2 0.5183823529411765 0.4599609375 0.01715686274509804 0.013671875
2 0.4910130718954248 0.46728515625 0.014705882352941176 0.0185546875
2 0.6013071895424836 0.45947265625 0.014705882352941176 0.0166015625
2 0.6388888888888888 0.46630859375 0.04411764705882353 0.0302734375
2 0.6805555555555556 0.4541015625 0.011437908496732025 0.017578125
2 0.6891339869281046 0.455078125 0.012254901960784314 0.021484375
2 0.8366013071895425 0.44873046875 0.03431372549019608 0.0146484375
2 0.15727124183006536 0.505859375 0.03022875816993464 0.029296875
2 0.4056372549019608 0.52197265625 0.12336601307189543 0.1416015625
2 0.27205882352941174 0.5771484375 0.2630718954248366 0.2109375
2 0.015931372549019607 0.82275390625 0.031862745098039214 0.1923828125
2 0.7839052287581699 0.53125 0.14460784313725492 0.1640625
2 0.622140522875817 0.4931640625 0.1119281045751634 0.044921875
2 0.5833333333333334 0.615234375 0.25980392156862747 0.26171875
2 0.8790849673202614 0.62353515625 0.24183006535947713 0.3505859375
0 0.7197712418300654 0.501953125 0.03431372549019608 0.111328125
0 0.5649509803921569 0.46875 0.03022875816993464 0.03515625
0 0.5392156862745098 0.474609375 0.017973856209150325 0.025390625
0 0.5065359477124183 0.4794921875 0.032679738562091505 0.044921875
0 0.4812091503267974 0.49609375 0.0392156862745098 0.08203125
0 0.4562908496732026 0.53076171875 0.05473856209150327 0.1474609375
0 0.13602941176470587 0.5068359375 0.015522875816993464 0.02734375
0 0.5841503267973857 0.4580078125 0.006535947712418301 0.015625
0 0.6021241830065359 0.4560546875 0.004901960784313725 0.013671875
