0 0.5236111111111111 0.52625 0.030555555555555555 0.075
2 0.7086111111111111 0.495625 0.24055555555555555 0.2125
2 0.5791666666666667 0.5159375 0.059444444444444446 0.104375
2 0.5463888888888889 0.5228125 0.03722222222222222 0.079375
2 0.4297222222222222 0.5209375 0.1272222222222222 0.111875
2 0.32972222222222225 0.5296875 0.07944444444444444 0.064375
2 0.25222222222222224 0.541875 0.06444444444444444 0.045
2 0.21666666666666667 0.53625 0.02666666666666667 0.05375
2 0.16694444444444445 0.5265625 0.08944444444444444 0.081875
2 0.065 0.52125 0.13 0.11
