7 0.09395424836601307 0.45849609375 0.011437908496732025 0.0361328125
7 0.09681372549019608 0.529296875 0.005718954248366013 0.017578125
7 0.6715686274509803 0.45166015625 0.011437908496732025 0.0380859375
7 0.10008169934640523 0.50244140625 0.012254901960784314 0.0146484375
9 0.0392156862745098 0.4892578125 0.006535947712418301 0.01171875
9 0.0392156862745098 0.50048828125 0.006535947712418301 0.0107421875
9 0.04003267973856209 0.509765625 0.004901960784313725 0.0078125
9 0.14501633986928106 0.47314453125 0.008986928104575163 0.0107421875
9 0.1454248366013072 0.48291015625 0.024509803921568627 0.0087890625
9 0.25326797385620914 0.46826171875 0.021241830065359478 0.0068359375
9 0.2549019607843137 0.47802734375 0.024509803921568627 0.0087890625
9 0.2667483660130719 0.48681640625 0.025326797385620915 0.0068359375
9 0.2667483660130719 0.49365234375 0.02369281045751634 0.0048828125
9 0.2667483660130719 0.5029296875 0.02369281045751634 0.0078125
9 0.3349673202614379 0.490234375 0.00980392156862745 0.01171875
9 0.3349673202614379 0.5009765625 0.00980392156862745 0.009765625
9 0.3349673202614379 0.51123046875 0.00980392156862745 0.0107421875
9 0.3954248366013072 0.505859375 0.006535947712418301 0.005859375
9 0.39501633986928103 0.513671875 0.005718954248366013 0.009765625
9 0.5849673202614379 0.478515625 0.011437908496732025 0.013671875
9 0.5853758169934641 0.4892578125 0.008986928104575163 0.0078125
9 0.5857843137254902 0.498046875 0.00980392156862745 0.009765625
9 0.5866013071895425 0.505859375 0.011437908496732025 0.005859375
9 0.678921568627451 0.4833984375 0.021241830065359478 0.0234375
9 0.8766339869281046 0.36328125 0.05718954248366013 0.06640625
9 0.877859477124183 0.427734375 0.05800653594771242 0.06640625
9 0.8790849673202614 0.46630859375 0.06045751633986928 0.0126953125
9 0.8803104575163399 0.47998046875 0.059640522875817 0.0146484375
0 0.6352124183006536 0.53466796875 0.013888888888888888 0.0380859375
0 0.6580882352941176 0.52734375 0.013888888888888888 0.033203125
0 0.5947712418300654 0.53173828125 0.006535947712418301 0.0205078125
0 0.08741830065359477 0.53466796875 0.008169934640522876 0.0185546875
1 0.6678921568627451 0.56689453125 0.025326797385620915 0.0517578125
3 0.44730392156862747 0.58544921875 0.04003267973856209 0.0908203125
3 0.5020424836601307 0.5361328125 0.007352941176470588 0.01171875
2 0.13316993464052287 0.5419921875 0.06209150326797386 0.033203125
2 0.19444444444444445 0.55810546875 0.08496732026143791 0.0849609375
2 0.23651960784313725 0.58544921875 0.1527777777777778 0.1142578125
2 0.397875816993464 0.53466796875 0.029411764705882353 0.0283203125
2 0.44281045751633985 0.548828125 0.05392156862745098 0.05859375
2 0.4693627450980392 0.5341796875 0.018790849673202614 0.033203125
2 0.5314542483660131 0.53955078125 0.022058823529411766 0.0185546875
2 0.48447712418300654 0.52392578125 0.00980392156862745 0.0107421875
2 0.5322712418300654 0.52783203125 0.013888888888888888 0.0087890625
2 0.5322712418300654 0.521484375 0.010620915032679739 0.0078125
2 0.4922385620915033 0.52294921875 0.008986928104575163 0.0126953125
2 0.5118464052287581 0.52001953125 0.008986928104575163 0.0087890625
2 0.4987745098039216 0.5166015625 0.007352941176470588 0.0078125
0 0.4497549019607843 0.5615234375 0.03676470588235294 0.080078125
0 0.5016339869281046 0.5302734375 0.006535947712418301 0.01171875
0 0.6678921568627451 0.552734375 0.02369281045751634 0.06640625
