7 0.36887254901960786 0.50341796875 0.005718954248366013 0.0087890625
7 0.3672385620915033 0.462890625 0.007352941176470588 0.021484375
7 0.5935457516339869 0.52294921875 0.005718954248366013 0.0087890625
7 0.5964052287581699 0.490234375 0.006535947712418301 0.0234375
7 0.6258169934640523 0.52392578125 0.004901960784313725 0.0068359375
7 0.6997549019607843 0.51220703125 0.007352941176470588 0.0107421875
7 0.0755718954248366 0.43017578125 0.012254901960784314 0.0322265625
7 0.03880718954248366 0.44140625 0.008986928104575163 0.01171875
7 0.06331699346405228 0.47705078125 0.008986928104575163 0.0126953125
9 0.6683006535947712 0.49853515625 0.017973856209150325 0.0087890625
9 0.6674836601307189 0.5078125 0.016339869281045753 0.009765625
9 0.610702614379085 0.5048828125 0.02042483660130719 0.009765625
9 0.6094771241830066 0.51123046875 0.016339869281045753 0.0048828125
9 0.6033496732026143 0.51708984375 0.012254901960784314 0.0048828125
0 0.6589052287581699 0.53466796875 0.007352941176470588 0.0224609375
0 0.6825980392156863 0.5302734375 0.007352941176470588 0.013671875
0 0.673202614379085 0.53564453125 0.004901960784313725 0.0146484375
0 0.8533496732026143 0.564453125 0.01715686274509804 0.068359375
0 0.9387254901960784 0.568359375 0.021241830065359478 0.07421875
0 0.9595588235294118 0.56982421875 0.028594771241830064 0.0771484375
6 0.14256535947712418 0.509765625 0.1511437908496732 0.08984375
3 0.3410947712418301 0.548828125 0.012254901960784314 0.02734375
2 0.0298202614379085 0.52978515625 0.059640522875817 0.0517578125
2 0.26143790849673204 0.52685546875 0.049019607843137254 0.0361328125
2 0.3043300653594771 0.52685546875 0.025326797385620915 0.0263671875
2 0.5008169934640523 0.5478515625 0.027777777777777776 0.044921875
2 0.5290032679738562 0.53955078125 0.035130718954248366 0.0361328125
2 0.5747549019607843 0.556640625 0.06454248366013073 0.0546875
2 0.4338235294117647 0.5927734375 0.1323529411764706 0.1328125
2 0.6462418300653595 0.53662109375 0.017973856209150325 0.0185546875
2 0.7536764705882353 0.57421875 0.0923202614379085 0.06640625
2 0.45465686274509803 0.5185546875 0.08088235294117647 0.08203125
0 0.3431372549019608 0.541015625 0.011437908496732025 0.029296875
