4 0.2980555555555556 0.4596875 0.07944444444444444 0.076875
9 0.6922222222222222 0.3565625 0.03111111111111111 0.009375
9 0.6922222222222222 0.3653125 0.006666666666666667 0.006875
2 0.035833333333333335 0.51125 0.07166666666666667 0.13
2 0.11694444444444445 0.503125 0.11833333333333333 0.09875
2 0.36527777777777776 0.46625 0.02388888888888889 0.02
2 0.38333333333333336 0.4621875 0.017777777777777778 0.015625
2 0.3927777777777778 0.46 0.011111111111111112 0.015
2 0.41805555555555557 0.4503125 0.010555555555555556 0.011875
2 0.4572222222222222 0.4728125 0.09 0.091875
2 0.8166666666666667 0.4328125 0.044444444444444446 0.018125
