9 0.232421875 0.48583984375 0.01328125 0.0205078125
9 0.33125 0.4765625 0.0125 0.017578125
9 0.427734375 0.47119140625 0.01484375 0.0205078125
9 0.52109375 0.4658203125 0.015625 0.0234375
9 0.596484375 0.46337890625 0.01484375 0.0205078125
9 0.771875 0.41796875 0.01875 0.013671875
9 0.036328125 0.4765625 0.07265625 0.04296875
2 0.1453125 0.4970703125 0.0359375 0.021484375
2 0.225 0.4970703125 0.021875 0.017578125
2 0.3890625 0.48583984375 0.0421875 0.0263671875
2 0.442578125 0.47802734375 0.02890625 0.0283203125
