9 0.9571078431372549 0.3408203125 0.013888888888888888 0.029296875
9 0.6703431372549019 0.4072265625 0.012254901960784314 0.013671875
9 0.5616830065359477 0.44140625 0.01715686274509804 0.021484375
0 0.8235294117647058 0.46630859375 0.026143790849673203 0.0986328125
0 0.8174019607843137 0.458984375 0.02042483660130719 0.087890625
0 0.6066176470588235 0.43310546875 0.010620915032679739 0.0341796875
0 0.5502450980392157 0.421875 0.008986928104575163 0.015625
0 0.3190359477124183 0.42626953125 0.015522875816993464 0.0595703125
6 0.3770424836601307 0.40966796875 0.08905228758169935 0.1044921875
6 0.48937908496732024 0.41162109375 0.03104575163398693 0.0419921875
2 0.5179738562091504 0.4326171875 0.049019607843137254 0.03125
2 0.4456699346405229 0.42529296875 0.03676470588235294 0.0419921875
2 0.5004084967320261 0.42333984375 0.02696078431372549 0.0283203125
