9 0.22166666666666668 0.4734375 0.017777777777777778 0.010625
2 0.105 0.459375 0.06777777777777778 0.04375
2 0.3552777777777778 0.4696875 0.010555555555555556 0.013125
2 0.37277777777777776 0.4740625 0.028888888888888888 0.024375
2 0.45111111111111113 0.4584375 0.02 0.013125
2 0.43416666666666665 0.4628125 0.03722222222222222 0.020625
2 0.4747222222222222 0.4696875 0.03722222222222222 0.023125
2 0.5311111111111111 0.465625 0.04 0.035
2 0.6108333333333333 0.455 0.06722222222222222 0.03625
2 0.6336111111111111 0.4853125 0.10944444444444444 0.088125
2 0.7488888888888889 0.460625 0.06111111111111111 0.0525
2 0.7675 0.463125 0.07722222222222222 0.05875
