7 0.7802287581699346 0.44921875 0.011437908496732025 0.037109375
7 0.6070261437908496 0.482421875 0.006535947712418301 0.015625
7 0.5502450980392157 0.494140625 0.004084967320261438 0.009765625
7 0.4105392156862745 0.49658203125 0.0024509803921568627 0.0068359375
9 0.9677287581699346 0.416015625 0.031862745098039214 0.037109375
0 0.7655228758169934 0.533203125 0.016339869281045753 0.060546875
0 0.7324346405228758 0.5390625 0.025326797385620915 0.078125
0 0.12377450980392157 0.51611328125 0.012254901960784314 0.0205078125
0 0.0559640522875817 0.5224609375 0.013888888888888888 0.033203125
0 0.16544117647058823 0.515625 0.008986928104575163 0.017578125
0 0.10702614379084967 0.5166015625 0.00980392156862745 0.017578125
0 0.9799836601307189 0.5087890625 0.010620915032679739 0.0390625
0 0.07516339869281045 0.52099609375 0.011437908496732025 0.0185546875
6 0.4991830065359477 0.498046875 0.02287581699346405 0.03125
2 0.1548202614379085 0.53515625 0.04330065359477124 0.02734375
2 0.1968954248366013 0.5380859375 0.04084967320261438 0.033203125
2 0.3860294117647059 0.515625 0.013888888888888888 0.013671875
2 0.43504901960784315 0.51513671875 0.035130718954248366 0.0205078125
2 0.31576797385620914 0.544921875 0.16748366013071894 0.09765625
2 0.12990196078431374 0.57373046875 0.25980392156862747 0.1044921875
2 0.6670751633986928 0.54248046875 0.10212418300653595 0.0771484375
2 0.6176470588235294 0.52685546875 0.0457516339869281 0.0478515625
2 0.5220588235294118 0.5107421875 0.013071895424836602 0.009765625
2 0.5314542483660131 0.50927734375 0.013888888888888888 0.0107421875
2 0.45874183006535946 0.6396484375 0.4485294117647059 0.251953125
