9 0.465 0.39125 0.044444444444444446 0.04875
9 0.8652777777777778 0.40625 0.012777777777777779 0.01875
9 0.7627777777777778 0.449375 0.0044444444444444444 0.0075
9 0.7736111111111111 0.44375 0.005 0.00625
9 0.06777777777777778 0.4828125 0.058888888888888886 0.120625
0 0.6313888888888889 0.460625 0.006111111111111111 0.01625
0 0.5213888888888889 0.4553125 0.006111111111111111 0.015625
0 0.15666666666666668 0.46125 0.017777777777777778 0.045
0 0.495 0.45375 0.008888888888888889 0.03875
2 0.99 0.4940625 0.02 0.068125
8 0.7852777777777777 0.47625 0.007222222222222222 0.0175
2 0.7022222222222222 0.4665625 0.11666666666666667 0.135625
