7 0.24333333333333335 0.37125 0.012222222222222223 0.01625
9 0.24444444444444444 0.3959375 0.022222222222222223 0.028125
9 0.5311111111111111 0.3996875 0.0077777777777777776 0.013125
9 0.6230555555555556 0.37875 0.026111111111111113 0.03875
0 0.08472222222222223 0.471875 0.025 0.06
0 0.04527777777777778 0.46375 0.018333333333333333 0.03875
0 0.8669444444444444 0.479375 0.026111111111111113 0.10125
0 0.7941666666666667 0.43375 0.013888888888888888 0.0475
0 0.7580555555555556 0.4721875 0.025 0.081875
0 0.7338888888888889 0.4775 0.021111111111111112 0.0775
0 0.6983333333333334 0.4625 0.024444444444444446 0.06375
0 0.6855555555555556 0.4640625 0.015555555555555555 0.060625
0 0.6425 0.4553125 0.017222222222222222 0.071875
0 0.6580555555555555 0.4578125 0.018333333333333333 0.059375
0 0.8261111111111111 0.423125 0.008888888888888889 0.0325
0 0.8372222222222222 0.4234375 0.0077777777777777776 0.033125
0 0.8969444444444444 0.4275 0.009444444444444445 0.035
0 0.9391666666666667 0.42125 0.011666666666666667 0.0425
0 0.9544444444444444 0.421875 0.011111111111111112 0.03625
0 0.7288888888888889 0.42125 0.011111111111111112 0.03125
0 0.7166666666666667 0.455 0.013333333333333334 0.06125
0 0.7575 0.4140625 0.008333333333333333 0.030625
0 0.8636111111111111 0.424375 0.012777777777777779 0.04375
0 0.5766666666666667 0.4321875 0.01 0.035625
0 0.5636111111111111 0.431875 0.011666666666666667 0.035
0 0.5944444444444444 0.428125 0.0077777777777777776 0.02625
0 0.6755555555555556 0.451875 0.012222222222222223 0.0525
0 0.6044444444444445 0.4184375 0.006666666666666667 0.018125
0 0.6147222222222222 0.4165625 0.007222222222222222 0.023125
0 0.7419444444444444 0.4046875 0.007222222222222222 0.018125
2 0.03611111111111111 0.5015625 0.07222222222222222 0.083125
2 0.235 0.5196875 0.14777777777777779 0.109375
2 0.3169444444444444 0.4625 0.051666666666666666 0.04875
2 0.34555555555555556 0.4571875 0.024444444444444446 0.038125
2 0.35805555555555557 0.438125 0.028333333333333332 0.0275
2 0.38083333333333336 0.4540625 0.06055555555555556 0.054375
2 0.4086111111111111 0.440625 0.03388888888888889 0.04
2 0.42527777777777775 0.4353125 0.01611111111111111 0.029375
2 0.43222222222222223 0.4234375 0.017777777777777778 0.020625
2 0.455 0.4646875 0.058888888888888886 0.054375
2 0.4647222222222222 0.4446875 0.051666666666666666 0.056875
2 0.4597222222222222 0.4134375 0.012777777777777779 0.008125
2 0.4847222222222222 0.4140625 0.011666666666666667 0.008125
2 0.505 0.435625 0.03 0.0325
2 0.5261111111111111 0.44375 0.04666666666666667 0.03875
2 0.5408333333333334 0.4928125 0.09166666666666666 0.085625
2 0.43083333333333335 0.409375 0.013888888888888888 0.01125
2 0.43944444444444447 0.40375 0.013333333333333334 0.00875
8 0.7144444444444444 0.505 0.021111111111111112 0.05125
4 0.4747222222222222 0.4028125 0.01611111111111111 0.019375
