7 0.4624183006535948 0.37939453125 0.006535947712418301 0.0205078125
7 0.42320261437908496 0.35302734375 0.014705882352941176 0.0380859375
7 0.21037581699346405 0.3623046875 0.008986928104575163 0.01953125
9 0.1830065359477124 0.232421875 0.05392156862745098 0.068359375
9 0.18423202614379086 0.06298828125 0.06290849673202614 0.0908203125
9 0.3284313725490196 0.28564453125 0.026143790849673203 0.0302734375
9 0.9603758169934641 0.3271484375 0.04493464052287582 0.04296875
0 0.42606209150326796 0.4189453125 0.008986928104575163 0.037109375
0 0.45098039215686275 0.4140625 0.008169934640522876 0.03515625
1 0.440359477124183 0.44287109375 0.021241830065359478 0.0419921875
1 0.17933006535947713 0.51025390625 0.13480392156862744 0.0712890625
1 0.14950980392156862 0.5126953125 0.13562091503267973 0.064453125
1 0.12622549019607843 0.44921875 0.03676470588235294 0.08203125
6 0.7508169934640523 0.39697265625 0.3333333333333333 0.2783203125
3 0.9730392156862745 0.48681640625 0.05392156862745098 0.0791015625
3 0.26429738562091504 0.45166015625 0.07924836601307189 0.1064453125
2 0.5972222222222222 0.51025390625 0.29901960784313725 0.3505859375
2 0.3762254901960784 0.427734375 0.08251633986928104 0.09765625
2 0.2937091503267974 0.4384765625 0.12009803921568628 0.11328125
0 0.43913398692810457 0.4287109375 0.02042483660130719 0.06640625
