9 0.2966666666666667 0.469375 0.005555555555555556 0.01
9 0.29305555555555557 0.444375 0.007222222222222222 0.0125
9 0.2947222222222222 0.455625 0.006111111111111111 0.01
2 0.4330555555555556 0.4809375 0.015 0.020625
2 0.40944444444444444 0.4828125 0.035555555555555556 0.034375
2 0.4661111111111111 0.4790625 0.057777777777777775 0.054375
2 0.49805555555555553 0.48125 0.012777777777777779 0.01125
2 0.5113888888888889 0.4790625 0.012777777777777779 0.014375
2 0.5280555555555555 0.4775 0.017222222222222222 0.03
2 0.5313888888888889 0.48 0.013888888888888888 0.0275
2 0.5552777777777778 0.475625 0.045 0.05
2 0.5975 0.4825 0.06277777777777778 0.0575
2 0.6730555555555555 0.4609375 0.08722222222222223 0.040625
