9 0.56015625 0.44482421875 0.0078125 0.0068359375
9 0.5109375 0.45068359375 0.00625 0.0087890625
9 0.40078125 0.4482421875 0.00625 0.009765625
0 0.49765625 0.48291015625 0.0125 0.0458984375
0 0.399609375 0.47705078125 0.00859375 0.0283203125
0 0.3828125 0.47119140625 0.00625 0.0185546875
0 0.346484375 0.48046875 0.00859375 0.03515625
0 0.35546875 0.48046875 0.0078125 0.0390625
0 0.3640625 0.48046875 0.009375 0.041015625
0 0.264453125 0.49853515625 0.01015625 0.0517578125
0 0.273828125 0.49853515625 0.01328125 0.0537109375
0 0.245703125 0.5009765625 0.01328125 0.05078125
2 0.939453125 0.6982421875 0.12109375 0.271484375
2 0.858203125 0.59521484375 0.25234375 0.2138671875
2 0.821875 0.4736328125 0.0453125 0.029296875
2 0.69609375 0.5439453125 0.1046875 0.10546875
2 0.684375 0.48193359375 0.06875 0.0263671875
2 0.646875 0.53125 0.0578125 0.083984375
2 0.634375 0.51806640625 0.0640625 0.0693359375
2 0.61171875 0.5029296875 0.0734375 0.076171875
2 0.54765625 0.48583984375 0.034375 0.0361328125
2 0.5296875 0.4814453125 0.0203125 0.02734375
2 0.527734375 0.4765625 0.01796875 0.0234375
2 0.51640625 0.47705078125 0.0140625 0.0224609375
2 0.507421875 0.470703125 0.01171875 0.015625
2 0.48515625 0.46923828125 0.00625 0.0068359375
2 0.467578125 0.47705078125 0.02421875 0.0224609375
2 0.09375 0.48583984375 0.0875 0.0419921875
