7 0.4444444444444444 0.49560546875 0.0032679738562091504 0.0048828125
9 0.3619281045751634 0.474609375 0.013071895424836602 0.015625
9 0.44689542483660133 0.4892578125 0.004901960784313725 0.005859375
9 0.29697712418300654 0.482421875 0.005718954248366013 0.009765625
9 0.29616013071895425 0.49169921875 0.004084967320261438 0.0087890625
9 0.8647875816993464 0.48291015625 0.03022875816993464 0.0126953125
9 0.8660130718954249 0.45458984375 0.0392156862745098 0.0439453125
0 0.7026143790849673 0.5458984375 0.00980392156862745 0.046875
0 0.7185457516339869 0.54248046875 0.013888888888888888 0.0576171875
0 0.7438725490196079 0.54296875 0.012254901960784314 0.052734375
0 0.9616013071895425 0.56689453125 0.024509803921568627 0.0869140625
2 0.4305555555555556 0.533203125 0.03431372549019608 0.03515625
2 0.3974673202614379 0.52099609375 0.02696078431372549 0.0185546875
2 0.3598856209150327 0.5390625 0.018790849673202614 0.03125
2 0.3333333333333333 0.5439453125 0.05228758169934641 0.056640625
2 0.3165849673202614 0.552734375 0.049836601307189546 0.056640625
2 0.2790032679738562 0.56103515625 0.08251633986928104 0.0654296875
2 0.14338235294117646 0.5869140625 0.1576797385620915 0.125
2 0.39705882352941174 0.56298828125 0.0784313725490196 0.0732421875
14 0.5580065359477124 0.50146484375 0.021241830065359478 0.0751953125
