9 0.7558333333333334 0.35 0.018333333333333333 0.02125
9 0.7394444444444445 0.298125 0.02666666666666667 0.03375
9 0.011111111111111112 0.3471875 0.022222222222222223 0.010625
9 0.015 0.31625 0.03 0.05125
0 0.9894444444444445 0.450625 0.021111111111111112 0.13625
0 0.6091666666666666 0.440625 0.011666666666666667 0.025
0 0.5947222222222223 0.440625 0.012777777777777779 0.02625
1 0.8472222222222222 0.476875 0.04777777777777778 0.07375
2 0.5319444444444444 0.4590625 0.05277777777777778 0.041875
2 0.5252777777777777 0.4503125 0.045 0.045625
2 0.5008333333333334 0.4490625 0.01611111111111111 0.039375
2 0.48777777777777775 0.4515625 0.015555555555555555 0.020625
2 0.47694444444444445 0.4521875 0.009444444444444445 0.010625
2 0.46166666666666667 0.451875 0.015555555555555555 0.015
2 0.42916666666666664 0.453125 0.02277777777777778 0.01875
2 0.40805555555555556 0.4553125 0.011666666666666667 0.013125
2 0.3952777777777778 0.456875 0.020555555555555556 0.01625
2 0.37444444444444447 0.4571875 0.014444444444444444 0.025625
2 0.36527777777777776 0.4559375 0.01611111111111111 0.033125
2 0.35555555555555557 0.4559375 0.021111111111111112 0.038125
2 0.33111111111111113 0.453125 0.05 0.05
2 0.31555555555555553 0.463125 0.05444444444444444 0.04375
0 0.8494444444444444 0.4515625 0.04 0.113125
