7 0.7798202614379085 0.44677734375 0.008986928104575163 0.0380859375
7 0.6066176470588235 0.482421875 0.004084967320261438 0.015625
7 0.5498366013071896 0.4931640625 0.0032679738562091504 0.0078125
7 0.28594771241830064 0.49072265625 0.0032679738562091504 0.0107421875
9 0.9677287581699346 0.416015625 0.03022875816993464 0.03515625
9 0.9677287581699346 0.4453125 0.025326797385620915 0.0234375
0 0.031862745098039214 0.54150390625 0.013071895424836602 0.0439453125
0 0.06372549019607843 0.53857421875 0.014705882352941176 0.0458984375
0 0.015522875816993464 0.54150390625 0.016339869281045753 0.0419921875
0 0.09395424836601307 0.52197265625 0.00980392156862745 0.0322265625
0 0.08415032679738563 0.521484375 0.008169934640522876 0.02734375
0 0.12377450980392157 0.5166015625 0.010620915032679739 0.01953125
0 0.12050653594771242 0.54296875 0.02042483660130719 0.056640625
0 0.3394607843137255 0.54052734375 0.01715686274509804 0.0556640625
0 0.3541666666666667 0.5361328125 0.013888888888888888 0.060546875
0 0.36560457516339867 0.53466796875 0.018790849673202614 0.0615234375
0 0.7532679738562091 0.5322265625 0.011437908496732025 0.064453125
0 0.7618464052287581 0.53076171875 0.015522875816993464 0.0634765625
0 0.7720588235294118 0.52734375 0.013071895424836602 0.05859375
0 0.8398692810457516 0.5302734375 0.026143790849673203 0.052734375
0 0.8129084967320261 0.53076171875 0.017973856209150325 0.0537109375
6 0.49959150326797386 0.4951171875 0.02369281045751634 0.025390625
2 0.14869281045751634 0.54345703125 0.06209150326797386 0.0400390625
2 0.19362745098039216 0.53955078125 0.049019607843137254 0.0341796875
2 0.3035130718954248 0.51904296875 0.03676470588235294 0.0341796875
2 0.3737745098039216 0.51806640625 0.013888888888888888 0.0185546875
2 0.38929738562091504 0.51806640625 0.022058823529411766 0.0185546875
2 0.4383169934640523 0.52490234375 0.03676470588235294 0.0380859375
2 0.45588235294117646 0.52001953125 0.013071895424836602 0.0244140625
2 0.48080065359477125 0.533203125 0.04330065359477124 0.0625
2 0.5053104575163399 0.52001953125 0.01715686274509804 0.0361328125
2 0.5138888888888888 0.51171875 0.006535947712418301 0.015625
2 0.5208333333333334 0.5126953125 0.010620915032679739 0.013671875
2 0.5322712418300654 0.51708984375 0.02042483660130719 0.0146484375
2 0.5408496732026143 0.5263671875 0.04084967320261438 0.029296875
2 0.616421568627451 0.515625 0.04493464052287582 0.021484375
2 0.6809640522875817 0.52978515625 0.0727124183006536 0.0537109375
2 0.5629084967320261 0.6103515625 0.3545751633986928 0.169921875
