7 0.5412581699346405 0.46240234375 0.005718954248366013 0.0185546875
7 0.4783496732026144 0.4697265625 0.004084967320261438 0.01171875
7 0.4166666666666667 0.47119140625 0.004901960784313725 0.0126953125
7 0.38848039215686275 0.46240234375 0.005718954248366013 0.0087890625
7 0.3235294117647059 0.47119140625 0.0032679738562091504 0.0107421875
7 0.35130718954248363 0.45556640625 0.006535947712418301 0.0244140625
7 0.25531045751633985 0.46826171875 0.007352941176470588 0.0205078125
7 0.5228758169934641 0.47216796875 0.004901960784313725 0.0126953125
9 0.8451797385620915 0.33642578125 0.0661764705882353 0.0341796875
9 0.8439542483660131 0.27001953125 0.08333333333333333 0.0966796875
9 0.39133986928104575 0.47314453125 0.00980392156862745 0.0126953125
9 0.375 0.47265625 0.00980392156862745 0.013671875
9 0.4297385620915033 0.4853515625 0.006535947712418301 0.0078125
9 0.43423202614379086 0.47802734375 0.005718954248366013 0.0087890625
0 0.6437908496732027 0.5263671875 0.024509803921568627 0.068359375
0 0.6691176470588235 0.53662109375 0.026143790849673203 0.0966796875
0 0.8214869281045751 0.5615234375 0.04003267973856209 0.1484375
1 0.8419117647058824 0.6416015625 0.09395424836601307 0.158203125
3 0.4395424836601307 0.52880859375 0.024509803921568627 0.0341796875
2 0.16176470588235295 0.6201171875 0.2761437908496732 0.20703125
2 0.2798202614379085 0.57373046875 0.1315359477124183 0.1337890625
2 0.37826797385620914 0.5341796875 0.0718954248366013 0.07421875
2 0.42892156862745096 0.51611328125 0.026143790849673203 0.0302734375
2 0.4599673202614379 0.49853515625 0.017973856209150325 0.0244140625
2 0.47875816993464054 0.49951171875 0.011437908496732025 0.0126953125
2 0.5310457516339869 0.56640625 0.14215686274509803 0.140625
2 0.27205882352941174 0.48046875 0.021241830065359478 0.01171875
2 0.32883986928104575 0.5029296875 0.02042483660130719 0.01171875
2 0.3190359477124183 0.498046875 0.010620915032679739 0.01171875
2 0.16380718954248366 0.48193359375 0.035130718954248366 0.0107421875
2 0.1270424836601307 0.4892578125 0.03676470588235294 0.01171875
2 0.4424019607843137 0.490234375 0.008986928104575163 0.009765625
0 0.4387254901960784 0.51220703125 0.0196078431372549 0.0244140625
