7 0.52099609375 0.5302734375 0.0048828125 0.014973958333333334
7 0.571044921875 0.5048828125 0.00439453125 0.013671875
7 0.605224609375 0.5263671875 0.00439453125 0.013671875
1 0.65576171875 0.6002604166666666 0.0234375 0.0625
2 0.0625 0.6126302083333334 0.0625 0.12239583333333333
2 0.126708984375 0.5947265625 0.10888671875 0.123046875
2 0.20947265625 0.5908203125 0.0830078125 0.08658854166666667
2 0.2685546875 0.5768229166666666 0.064453125 0.078125
2 0.419921875 0.5693359375 0.072265625 0.07096354166666667
2 0.5546875 0.5576171875 0.109375 0.048828125
2 0.46533203125 0.5553385416666666 0.017578125 0.032552083333333336
2 0.482177734375 0.5546875 0.01416015625 0.028645833333333332
0 0.656005859375 0.57421875 0.02294921875 0.09375
