9 0.3616666666666667 0.4515625 0.005555555555555556 0.006875
2 0.91 0.46375 0.18 0.09625
2 0.6341666666666667 0.4559375 0.06166666666666667 0.024375
2 0.5702777777777778 0.4575 0.05611111111111111 0.03875
2 0.45055555555555554 0.461875 0.015555555555555555 0.015
2 0.43277777777777776 0.458125 0.012222222222222223 0.01375
2 0.4266666666666667 0.4634375 0.015555555555555555 0.015625
2 0.165 0.4640625 0.09222222222222222 0.025625
2 0.27 0.4809375 0.03777777777777778 0.038125
2 0.30916666666666665 0.4796875 0.06722222222222222 0.046875
2 0.34833333333333333 0.4715625 0.017777777777777778 0.018125
2 0.36194444444444446 0.469375 0.013888888888888888 0.01625
2 0.38055555555555554 0.464375 0.01888888888888889 0.01625
