7 0.06985294117647059 0.4365234375 0.02042483660130719 0.0234375
7 0.4338235294117647 0.4951171875 0.0032679738562091504 0.0078125
9 0.2152777777777778 0.3857421875 0.04003267973856209 0.046875
9 0.21691176470588236 0.41943359375 0.04493464052287582 0.0205078125
9 0.7071078431372549 0.57080078125 0.06944444444444445 0.0458984375
9 0.9861111111111112 0.45166015625 0.027777777777777776 0.0244140625
9 0.08537581699346405 0.2958984375 0.05800653594771242 0.072265625
0 0.34558823529411764 0.5390625 0.017973856209150325 0.05859375
0 0.35784313725490197 0.5380859375 0.00980392156862745 0.0625
0 0.36887254901960786 0.53955078125 0.012254901960784314 0.0654296875
2 0.4824346405228758 0.52392578125 0.013888888888888888 0.0185546875
2 0.4632352941176471 0.52490234375 0.00980392156862745 0.0087890625
