0 0.800537109375 0.5774739583333334 0.08349609375 0.3502604166666667
0 0.74560546875 0.5777994791666666 0.10546875 0.404296875
0 0.255615234375 0.4231770833333333 0.02294921875 0.028645833333333332
0 0.21875 0.4501953125 0.025390625 0.060546875
1 0.877197265625 0.6350911458333334 0.15771484375 0.17513020833333334
2 0.39697265625 0.4658203125 0.0263671875 0.029296875
2 0.267822265625 0.4970703125 0.14501953125 0.12174479166666667
2 0.15869140625 0.4853515625 0.076171875 0.08268229166666667
2 0.482177734375 0.4733072916666667 0.04541015625 0.06901041666666667
2 0.52734375 0.4905598958333333 0.0888671875 0.091796875
2 0.45166015625 0.466796875 0.013671875 0.044270833333333336
2 0.43798828125 0.4680989583333333 0.0146484375 0.029947916666666668
2 0.35009765625 0.4671223958333333 0.013671875 0.027994791666666668
2 0.3330078125 0.4651692708333333 0.0244140625 0.038411458333333336
0 0.878173828125 0.5634765625 0.10302734375 0.2545572916666667
