9 0.6213235294117647 0.43359375 0.012254901960784314 0.017578125
9 0.5857843137254902 0.35546875 0.07026143790849673 0.0625
9 0.5171568627450981 0.361328125 0.05718954248366013 0.060546875
3 0.6548202614379085 0.45947265625 0.007352941176470588 0.0126953125
2 0.5886437908496732 0.466796875 0.022058823529411766 0.025390625
2 0.5686274509803921 0.47265625 0.03758169934640523 0.037109375
2 0.5269607843137255 0.4873046875 0.06209150326797386 0.056640625
2 0.5441176470588235 0.46337890625 0.0196078431372549 0.0166015625
2 0.3925653594771242 0.50390625 0.08088235294117647 0.068359375
2 0.6327614379084967 0.46142578125 0.022058823529411766 0.0224609375
0 0.6548202614379085 0.4541015625 0.007352941176470588 0.013671875
