7 0.5119444444444444 0.4196875 0.009444444444444445 0.023125
7 0.43444444444444447 0.3871875 0.0077777777777777776 0.020625
7 0.4627777777777778 0.4228125 0.0033333333333333335 0.009375
7 0.41833333333333333 0.416875 0.0044444444444444444 0.01125
7 0.3202777777777778 0.379375 0.009444444444444445 0.02375
7 0.3597222222222222 0.44625 0.0038888888888888888 0.01
7 0.23194444444444445 0.4203125 0.009444444444444445 0.023125
9 0.5980555555555556 0.4034375 0.03277777777777778 0.033125
9 0.5980555555555556 0.37125 0.03277777777777778 0.03125
9 0.41055555555555556 0.4140625 0.0077777777777777776 0.008125
9 0.018333333333333333 0.3896875 0.023333333333333334 0.035625
9 0.017777777777777778 0.4246875 0.01888888888888889 0.030625
9 0.014722222222222222 0.4540625 0.015 0.013125
0 0.9597222222222223 0.4671875 0.049444444444444444 0.141875
0 0.8194444444444444 0.4696875 0.03888888888888889 0.095625
0 0.7805555555555556 0.463125 0.043333333333333335 0.1125
1 0.7086111111111111 0.4934375 0.03388888888888889 0.078125
1 0.7219444444444445 0.49375 0.049444444444444444 0.07375
1 0.4866666666666667 0.4759375 0.008888888888888889 0.018125
2 0.12583333333333332 0.4928125 0.14277777777777778 0.106875
2 0.4572222222222222 0.4778125 0.04666666666666667 0.041875
2 0.4255555555555556 0.470625 0.023333333333333334 0.02125
2 0.3925 0.4696875 0.017222222222222222 0.011875
2 0.41388888888888886 0.4690625 0.008888888888888889 0.013125
0 0.48638888888888887 0.470625 0.009444444444444445 0.02375
