2 0.74658203125 0.533203125 0.05078125 0.05859375
2 0.942138671875 0.5367838541666666 0.05322265625 0.07486979166666667
2 0.671630859375 0.53125 0.01123046875 0.02734375
2 0.636962890625 0.5465494791666666 0.04638671875 0.047526041666666664
2 0.6201171875 0.5354817708333334 0.0244140625 0.026692708333333332
2 0.528076171875 0.52734375 0.02587890625 0.029947916666666668
2 0.5126953125 0.5322265625 0.0283203125 0.029296875
2 0.494873046875 0.5377604166666666 0.02978515625 0.033854166666666664
2 0.47607421875 0.5432942708333334 0.03125 0.034505208333333336
2 0.4658203125 0.5475260416666666 0.0263671875 0.04296875
2 0.4560546875 0.55078125 0.0283203125 0.046875
2 0.43798828125 0.5546875 0.0361328125 0.046875
2 0.399658203125 0.5550130208333334 0.05224609375 0.07356770833333333
2 0.36865234375 0.5647786458333334 0.052734375 0.07096354166666667
2 0.33740234375 0.5745442708333334 0.0576171875 0.07877604166666667
2 0.2763671875 0.5921223958333334 0.1123046875 0.10221354166666667
2 0.055419921875 0.6064453125 0.04833984375 0.072265625
0 0.594970703125 0.5345052083333334 0.00927734375 0.045572916666666664
0 0.581787109375 0.5328776041666666 0.00634765625 0.035807291666666664
0 0.2431640625 0.6067708333333334 0.0458984375 0.16145833333333334
8 0.052490234375 0.6321614583333334 0.02294921875 0.07421875
13 0.23974609375 0.6389973958333334 0.0234375 0.08919270833333333
