9 0.5258333333333334 0.4446875 0.008333333333333333 0.010625
9 0.40944444444444444 0.456875 0.0044444444444444444 0.0075
2 0.9019444444444444 0.5684375 0.19611111111111112 0.263125
2 0.7372222222222222 0.50625 0.17555555555555555 0.1225
2 0.6466666666666666 0.4925 0.09 0.085
2 0.5811111111111111 0.47625 0.06888888888888889 0.0625
2 0.5455555555555556 0.47625 0.02666666666666667 0.03875
2 0.5119444444444444 0.4678125 0.03388888888888889 0.029375
2 0.49444444444444446 0.4678125 0.012222222222222223 0.021875
2 0.485 0.468125 0.012222222222222223 0.01375
2 0.4786111111111111 0.4675 0.006111111111111111 0.01125
2 0.46166666666666667 0.4675 0.013333333333333334 0.0125
2 0.42388888888888887 0.466875 0.015555555555555555 0.01375
2 0.4152777777777778 0.470625 0.01611111111111111 0.01375
2 0.34 0.4759375 0.04888888888888889 0.043125
2 0.10444444444444445 0.500625 0.16444444444444445 0.10875
14 0.021388888888888888 0.52125 0.042777777777777776 0.12875
3 0.8077777777777778 0.5215625 0.09888888888888889 0.130625
