9 0.3655555555555556 0.41125 0.01888888888888889 0.0225
9 0.3655555555555556 0.426875 0.006666666666666667 0.00875
6 0.1875 0.441875 0.15944444444444444 0.09125
2 0.4711111111111111 0.455625 0.03 0.03125
2 0.5125 0.46 0.03388888888888889 0.03625
2 0.53 0.4571875 0.011111111111111112 0.030625
2 0.5497222222222222 0.4565625 0.017222222222222222 0.014375
2 0.5716666666666667 0.4609375 0.011111111111111112 0.029375
2 0.5794444444444444 0.4596875 0.013333333333333334 0.034375
2 0.5947222222222223 0.45875 0.029444444444444443 0.04625
2 0.62 0.4634375 0.04555555555555556 0.046875
2 0.6286111111111111 0.4696875 0.028333333333333332 0.049375
2 0.6641666666666667 0.468125 0.06833333333333333 0.06875
2 0.71 0.4790625 0.10444444444444445 0.076875
2 0.8377777777777777 0.460625 0.06555555555555556 0.06625
2 0.805 0.460625 0.08888888888888889 0.05
2 0.7869444444444444 0.4465625 0.08944444444444444 0.045625
2 0.9163888888888889 0.4996875 0.16722222222222222 0.279375
6 0.08305555555555555 0.4690625 0.1661111111111111 0.258125
