7 0.7461111111111111 0.324375 0.015555555555555555 0.05375
7 0.5269444444444444 0.3303125 0.017222222222222222 0.034375
7 0.5208333333333334 0.390625 0.010555555555555556 0.02125
9 0.46166666666666667 0.398125 0.014444444444444444 0.02125
9 0.7533333333333333 0.35875 0.023333333333333334 0.01625
9 0.8005555555555556 0.365625 0.034444444444444444 0.0125
0 0.05694444444444444 0.579375 0.11055555555555556 0.48
0 0.09444444444444444 0.4646875 0.013333333333333334 0.048125
0 0.10972222222222222 0.4634375 0.012777777777777779 0.045625
0 0.5427777777777778 0.455625 0.027777777777777776 0.0725
0 0.8808333333333334 0.4371875 0.010555555555555556 0.021875
2 0.16194444444444445 0.47 0.07388888888888889 0.045
2 0.3425 0.4834375 0.32166666666666666 0.119375
2 0.4572222222222222 0.4590625 0.14555555555555555 0.095625
2 0.9461111111111111 0.4803125 0.10777777777777778 0.130625
