9 0.386328125 0.44921875 0.00546875 0.00390625
9 0.386328125 0.4423828125 0.00859375 0.009765625
9 0.521484375 0.4404296875 0.00703125 0.00390625
9 0.520703125 0.431640625 0.01171875 0.013671875
0 0.99296875 0.43701171875 0.0078125 0.0322265625
1 0.481640625 0.5166015625 0.01328125 0.0390625
2 0.055078125 0.63427734375 0.11015625 0.1748046875
2 0.1171875 0.57666015625 0.1375 0.1630859375
2 0.199609375 0.5625 0.06796875 0.095703125
2 0.234765625 0.54296875 0.07421875 0.080078125
2 0.2609375 0.52783203125 0.071875 0.0869140625
2 0.303515625 0.51513671875 0.03984375 0.0537109375
2 0.3796875 0.49072265625 0.0578125 0.0595703125
2 0.3515625 0.5341796875 0.090625 0.0859375
2 0.42578125 0.4658203125 0.0171875 0.015625
2 0.43359375 0.4619140625 0.0109375 0.01171875
2 0.462890625 0.4755859375 0.03359375 0.0390625
2 0.4890625 0.46435546875 0.0203125 0.0205078125
2 0.51484375 0.47802734375 0.0390625 0.0458984375
2 0.518359375 0.48779296875 0.01796875 0.0380859375
2 0.543359375 0.49072265625 0.06171875 0.0654296875
2 0.55390625 0.51171875 0.0578125 0.072265625
2 0.56484375 0.52587890625 0.034375 0.0693359375
2 0.61484375 0.5380859375 0.115625 0.12890625
2 0.66875 0.57861328125 0.1390625 0.1396484375
2 0.75859375 0.623046875 0.2015625 0.193359375
2 0.862890625 0.72216796875 0.27421875 0.2978515625
2 0.678125 0.4609375 0.08125 0.03125
2 0.580078125 0.46875 0.02578125 0.0234375
2 0.612109375 0.46142578125 0.02578125 0.0283203125
0 0.48359375 0.4970703125 0.0203125 0.0625
