9 0.21916666666666668 0.42375 0.012777777777777779 0.015
9 0.22055555555555556 0.4534375 0.01 0.010625
9 0.2747222222222222 0.425625 0.011666666666666667 0.015
9 0.5888888888888889 0.4059375 0.02 0.021875
9 0.625 0.385 0.03666666666666667 0.0425
9 0.6233333333333333 0.4115625 0.014444444444444444 0.008125
9 0.98 0.31375 0.04 0.00875
0 0.5058333333333334 0.4571875 0.020555555555555556 0.043125
0 0.555 0.45625 0.012222222222222223 0.04375
0 0.6472222222222223 0.4446875 0.013333333333333334 0.028125
1 0.5736111111111111 0.4509375 0.007222222222222222 0.014375
2 0.08916666666666667 0.4715625 0.09944444444444445 0.065625
2 0.205 0.4553125 0.028888888888888888 0.019375
2 0.23055555555555557 0.4559375 0.023333333333333334 0.016875
2 0.25666666666666665 0.4525 0.028888888888888888 0.01875
2 0.31194444444444447 0.450625 0.02388888888888889 0.0225
2 0.3386111111111111 0.4603125 0.04833333333333333 0.040625
2 0.36666666666666664 0.45875 0.014444444444444444 0.02375
2 0.38027777777777777 0.45875 0.018333333333333333 0.02
2 0.39361111111111113 0.45625 0.020555555555555556 0.02
2 0.4047222222222222 0.4525 0.029444444444444443 0.01375
2 0.18 0.4571875 0.021111111111111112 0.016875
2 0.2761111111111111 0.4521875 0.011111111111111112 0.018125
2 0.6602777777777777 0.4434375 0.011666666666666667 0.010625
0 0.5736111111111111 0.4440625 0.007222222222222222 0.018125
