7 0.6488888888888888 0.3859375 0.015555555555555555 0.019375
7 0.6483333333333333 0.3259375 0.024444444444444446 0.063125
7 0.43916666666666665 0.1909375 0.026111111111111113 0.063125
7 0.43527777777777776 0.4190625 0.0038888888888888888 0.009375
7 0.47944444444444445 0.4103125 0.0044444444444444444 0.010625
7 0.5058333333333334 0.4115625 0.0038888888888888888 0.009375
7 0.0075 0.3515625 0.013888888888888888 0.059375
9 0.5502777777777778 0.42375 0.01611111111111111 0.015
9 0.5494444444444444 0.4046875 0.01888888888888889 0.021875
9 0.6419444444444444 0.4403125 0.006111111111111111 0.011875
9 0.6616666666666666 0.3659375 0.035555555555555556 0.009375
9 0.6361111111111111 0.268125 0.04111111111111111 0.02
9 0.4797222222222222 0.188125 0.026111111111111113 0.03
9 0.9797222222222223 0.4646875 0.03277777777777778 0.096875
9 0.9563888888888888 0.455 0.020555555555555556 0.08125
9 0.9388888888888889 0.463125 0.035555555555555556 0.1075
9 0.92 0.454375 0.023333333333333334 0.0925
9 0.8827777777777778 0.4565625 0.022222222222222223 0.085625
9 0.8666666666666667 0.4540625 0.01 0.044375
9 0.8486111111111111 0.45625 0.010555555555555556 0.03875
9 0.7988888888888889 0.456875 0.02 0.06375
9 0.7733333333333333 0.459375 0.015555555555555555 0.05625
9 0.75 0.4603125 0.021111111111111112 0.059375
9 0.7313888888888889 0.45625 0.01611111111111111 0.05375
0 0.22055555555555556 0.4690625 0.012222222222222223 0.038125
0 0.20777777777777778 0.4696875 0.013333333333333334 0.035625
0 0.0575 0.476875 0.018333333333333333 0.06625
0 0.042777777777777776 0.4884375 0.016666666666666666 0.039375
0 0.035833333333333335 0.475 0.013888888888888888 0.06875
0 0.0225 0.476875 0.018333333333333333 0.07125
0 0.2713888888888889 0.4621875 0.009444444444444445 0.020625
0 0.25472222222222224 0.460625 0.012777777777777779 0.02125
2 0.43472222222222223 0.4590625 0.021666666666666667 0.019375
2 0.43166666666666664 0.4653125 0.015555555555555555 0.023125
2 0.4141666666666667 0.4659375 0.025 0.033125
2 0.39166666666666666 0.4690625 0.03 0.045625
2 0.37333333333333335 0.473125 0.034444444444444444 0.055
2 0.31555555555555553 0.4809375 0.10666666666666667 0.088125
2 0.49194444444444446 0.4925 0.12277777777777778 0.1125
0 0.060833333333333336 0.466875 0.013888888888888888 0.03
