7 0.14777777777777779 0.3928125 0.017777777777777778 0.051875
7 0.16694444444444445 0.4234375 0.011666666666666667 0.018125
7 0.5538888888888889 0.3721875 0.017777777777777778 0.045625
7 0.5477777777777778 0.4071875 0.014444444444444444 0.019375
7 0.6997222222222222 0.3553125 0.018333333333333333 0.044375
9 0.6680555555555555 0.29375 0.017222222222222222 0.0325
0 0.2925 0.4678125 0.01611111111111111 0.051875
0 0.7058333333333333 0.47125 0.041666666666666664 0.135
0 0.6311111111111111 0.44875 0.015555555555555555 0.05875
1 0.5827777777777777 0.4715625 0.056666666666666664 0.044375
2 0.2783333333333333 0.4696875 0.05333333333333334 0.038125
0 0.5788888888888889 0.4578125 0.022222222222222223 0.063125
0 0.7033333333333334 0.4709375 0.028888888888888888 0.128125
