9 0.551171875 0.43701171875 0.01015625 0.0166015625
9 0.585546875 0.42822265625 0.00703125 0.0126953125
9 0.659765625 0.4091796875 0.01015625 0.017578125
9 0.659765625 0.427734375 0.01171875 0.017578125
9 0.830859375 0.369140625 0.02109375 0.04296875
9 0.946875 0.39599609375 0.0296875 0.0537109375
0 0.373046875 0.47705078125 0.00703125 0.0244140625
0 0.7609375 0.46484375 0.009375 0.04296875
0 0.874609375 0.53466796875 0.03359375 0.0927734375
0 0.916796875 0.51953125 0.02265625 0.03515625
0 0.90703125 0.50146484375 0.021875 0.0322265625
0 0.928125 0.50927734375 0.0171875 0.0419921875
0 0.626171875 0.46630859375 0.01015625 0.0166015625
1 0.48984375 0.48876953125 0.0125 0.0302734375
1 0.502734375 0.49462890625 0.01015625 0.0322265625
1 0.74765625 0.509765625 0.059375 0.046875
1 0.74140625 0.55224609375 0.03125 0.0576171875
1 0.7765625 0.5458984375 0.034375 0.052734375
1 0.1921875 0.5576171875 0.0296875 0.064453125
1 0.833203125 0.599609375 0.04296875 0.126953125
1 0.91640625 0.63427734375 0.10625 0.1123046875
1 0.9125 0.5966796875 0.1140625 0.123046875
3 0.7 0.57470703125 0.1375 0.1181640625
2 0.375 0.47265625 0.0375 0.017578125
2 0.408203125 0.47509765625 0.01796875 0.0205078125
2 0.4296875 0.48974609375 0.04375 0.0458984375
2 0.33515625 0.5009765625 0.059375 0.060546875
2 0.478515625 0.4697265625 0.01484375 0.013671875
2 0.516796875 0.47900390625 0.03671875 0.0400390625
2 0.58515625 0.47216796875 0.025 0.0205078125
2 0.58671875 0.462890625 0.021875 0.017578125
2 0.5421875 0.5029296875 0.025 0.05078125
2 0.564453125 0.5087890625 0.05390625 0.05859375
2 0.577734375 0.52490234375 0.05234375 0.0751953125
2 0.6453125 0.54052734375 0.128125 0.1279296875
0 0.490625 0.48046875 0.0125 0.037109375
0 0.50234375 0.48486328125 0.0109375 0.0341796875
0 0.19140625 0.53515625 0.03125 0.08984375
