7 0.369281045751634 0.45166015625 0.008169934640522876 0.0302734375
7 0.36968954248366015 0.52587890625 0.005718954248366013 0.0185546875
7 0.6270424836601307 0.49951171875 0.005718954248366013 0.0166015625
7 0.6352124183006536 0.470703125 0.004084967320261438 0.009765625
7 0.6433823529411765 0.47802734375 0.0024509803921568627 0.0087890625
7 0.6311274509803921 0.43115234375 0.007352941176470588 0.0283203125
7 0.5808823529411765 0.478515625 0.0032679738562091504 0.009765625
7 0.4293300653594771 0.482421875 0.0024509803921568627 0.005859375
7 0.5580065359477124 0.48046875 0.0032679738562091504 0.009765625
7 0.6968954248366013 0.4814453125 0.006535947712418301 0.0234375
9 0.9763071895424836 0.4775390625 0.04411764705882353 0.01171875
9 0.9767156862745098 0.45703125 0.04493464052287582 0.01953125
9 0.9775326797385621 0.43603515625 0.04493464052287582 0.0166015625
9 0.9775326797385621 0.4140625 0.04493464052287582 0.021484375
9 0.3684640522875817 0.50830078125 0.014705882352941176 0.0087890625
9 0.36887254901960786 0.48193359375 0.02042483660130719 0.0244140625
9 0.5318627450980392 0.48681640625 0.006535947712418301 0.0068359375
9 0.5318627450980392 0.49609375 0.004901960784313725 0.0078125
9 0.5571895424836601 0.490234375 0.004901960784313725 0.005859375
0 0.1454248366013072 0.52783203125 0.026143790849673203 0.0361328125
0 0.17483660130718953 0.52685546875 0.03594771241830065 0.0419921875
0 0.4187091503267974 0.513671875 0.005718954248366013 0.017578125
0 0.4084967320261438 0.51416015625 0.004901960784313725 0.0126953125
2 0.13970588235294118 0.65234375 0.27941176470588236 0.212890625
2 0.32230392156862747 0.55712890625 0.056372549019607844 0.0498046875
2 0.39624183006535946 0.65966796875 0.22712418300653595 0.2294921875
2 0.4305555555555556 0.5498046875 0.10457516339869281 0.033203125
2 0.4554738562091503 0.55078125 0.06454248366013073 0.0546875
2 0.44812091503267976 0.51513671875 0.035130718954248366 0.0185546875
2 0.9097222222222222 0.81103515625 0.18055555555555555 0.3779296875
2 0.7937091503267973 0.6376953125 0.3145424836601307 0.271484375
2 0.6013071895424836 0.5966796875 0.12908496732026145 0.119140625
2 0.5784313725490197 0.55419921875 0.0718954248366013 0.0517578125
2 0.5465686274509803 0.55078125 0.06045751633986928 0.064453125
2 0.5175653594771242 0.54150390625 0.025326797385620915 0.0419921875
2 0.5073529411764706 0.5322265625 0.03594771241830065 0.037109375
2 0.4963235294117647 0.525390625 0.025326797385620915 0.03125
2 0.4750816993464052 0.52099609375 0.018790849673202614 0.0205078125
2 0.40604575163398693 0.53076171875 0.024509803921568627 0.0166015625
2 0.46895424836601307 0.5068359375 0.013071895424836602 0.009765625
2 0.45874183006535946 0.5029296875 0.013888888888888888 0.0078125
2 0.26838235294117646 0.57080078125 0.04820261437908497 0.0478515625
