4 0.6038888888888889 0.43875 0.07666666666666666 0.10375
7 0.3605555555555556 0.4215625 0.0044444444444444444 0.013125
7 0.4211111111111111 0.425625 0.005555555555555556 0.01625
9 0.8338888888888889 0.335625 0.051111111111111114 0.02875
9 0.6852777777777778 0.41875 0.009444444444444445 0.01875
9 0.8183333333333334 0.3703125 0.015555555555555555 0.026875
1 0.7883333333333333 0.5540625 0.08444444444444445 0.151875
2 0.12916666666666668 0.5121875 0.25833333333333336 0.371875
2 0.2608333333333333 0.4909375 0.07277777777777777 0.071875
2 0.30194444444444446 0.4865625 0.058333333333333334 0.056875
2 0.33055555555555555 0.48125 0.056666666666666664 0.0475
2 0.3625 0.4759375 0.042777777777777776 0.040625
2 0.9583333333333334 0.524375 0.08333333333333333 0.17125
2 0.8569444444444444 0.4990625 0.1938888888888889 0.131875
2 0.7225 0.474375 0.10055555555555555 0.11375
2 0.4988888888888889 0.494375 0.21444444444444444 0.22625
0 0.7927777777777778 0.4978125 0.08333333333333333 0.220625
