7 0.6730555555555555 0.3603125 0.02388888888888889 0.050625
7 0.5316666666666666 0.420625 0.008888888888888889 0.01875
7 0.3630555555555556 0.42125 0.009444444444444445 0.02
7 0.13777777777777778 0.353125 0.03 0.06625
9 0.2127777777777778 0.39625 0.012222222222222223 0.0225
9 0.25277777777777777 0.381875 0.02 0.03
0 0.24944444444444444 0.46625 0.011111111111111112 0.03625
0 0.23333333333333334 0.458125 0.012222222222222223 0.02625
0 0.33444444444444443 0.46 0.01 0.0275
0 0.6272222222222222 0.4525 0.011111111111111112 0.0225
0 0.7577777777777778 0.4640625 0.015555555555555555 0.056875
0 0.7263888888888889 0.4746875 0.03722222222222222 0.088125
0 0.7383333333333333 0.475 0.04888888888888889 0.08875
0 0.8244444444444444 0.4728125 0.051111111111111114 0.023125
0 0.5552777777777778 0.4690625 0.03388888888888889 0.104375
1 0.8875 0.4703125 0.029444444444444443 0.051875
1 0.5138888888888888 0.4678125 0.01888888888888889 0.020625
2 0.44222222222222224 0.4565625 0.021111111111111112 0.021875
2 0.4708333333333333 0.4653125 0.03944444444444444 0.040625
2 0.4702777777777778 0.4453125 0.026111111111111113 0.009375
0 0.5130555555555556 0.4596875 0.012777777777777779 0.030625
