9 0.261962890625 0.4573567708333333 0.02783203125 0.011067708333333334
9 0.4853515625 0.5013020833333334 0.0087890625 0.01171875
1 0.47509765625 0.5667317708333334 0.0224609375 0.060546875
1 0.512939453125 0.5699869791666666 0.01904296875 0.052734375
2 0.396484375 0.525390625 0.0234375 0.02734375
2 0.37451171875 0.5511067708333334 0.05078125 0.051432291666666664
2 0.530029296875 0.5390625 0.02197265625 0.037760416666666664
2 0.537109375 0.54296875 0.025390625 0.037760416666666664
2 0.5615234375 0.5445963541666666 0.0400390625 0.064453125
2 0.59375 0.5592447916666666 0.0654296875 0.078125
2 0.515380859375 0.5361328125 0.02783203125 0.038411458333333336
2 0.84228515625 0.6383463541666666 0.216796875 0.205078125
2 0.160400390625 0.615234375 0.19384765625 0.15625
2 0.048583984375 0.6500651041666666 0.03759765625 0.220703125
0 0.474853515625 0.5458984375 0.02197265625 0.08528645833333333
0 0.512451171875 0.5465494791666666 0.01806640625 0.06575520833333333
