7 0.39444444444444443 0.4471875 0.005555555555555556 0.016875
7 0.5755555555555556 0.455 0.0044444444444444444 0.01
7 0.6083333333333333 0.4440625 0.005555555555555556 0.015625
7 0.6219444444444444 0.443125 0.006111111111111111 0.01625
9 0.4002777777777778 0.4615625 0.009444444444444445 0.011875
9 0.5394444444444444 0.470625 0.006666666666666667 0.0075
9 0.6161111111111112 0.4553125 0.01 0.004375
9 0.9011111111111111 0.3609375 0.01888888888888889 0.033125
9 0.9008333333333334 0.3953125 0.020555555555555556 0.033125
0 0.07694444444444444 0.485625 0.028333333333333332 0.0975
0 0.2525 0.48125 0.017222222222222222 0.05375
0 0.38472222222222224 0.4796875 0.007222222222222222 0.024375
0 0.5088888888888888 0.483125 0.006666666666666667 0.02375
0 0.5172222222222222 0.4840625 0.011111111111111112 0.023125
2 0.485 0.4815625 0.02 0.018125
2 0.4627777777777778 0.48375 0.02 0.0175
2 0.42694444444444446 0.481875 0.050555555555555555 0.02375
2 0.5352777777777777 0.4846875 0.02277777777777778 0.020625
2 0.5536111111111112 0.4828125 0.017222222222222222 0.015625
2 0.5844444444444444 0.4865625 0.03 0.030625
2 0.62 0.4875 0.06 0.0475
2 0.6866666666666666 0.49625 0.09888888888888889 0.0775
2 0.8622222222222222 0.5171875 0.21333333333333335 0.160625
8 0.3575 0.4859375 0.005 0.011875
