9 0.1527777777777778 0.4053125 0.014444444444444444 0.025625
9 0.1527777777777778 0.37875 0.014444444444444444 0.0275
9 0.5786111111111111 0.411875 0.002777777777777778 0.00375
9 0.5513888888888889 0.4246875 0.005 0.005625
9 0.5511111111111111 0.4296875 0.0022222222222222222 0.004375
9 0.5713888888888888 0.39 0.0038888888888888888 0.0025
9 0.5547222222222222 0.4140625 0.002777777777777778 0.004375
9 0.47833333333333333 0.425625 0.0044444444444444444 0.01125
0 0.5744444444444444 0.39625 0.0033333333333333335 0.00625
0 0.5636111111111111 0.4209375 0.005 0.010625
2 0.6111111111111112 0.443125 0.025555555555555557 0.02375
2 0.5888888888888889 0.4525 0.03222222222222222 0.03125
2 0.43416666666666665 0.4603125 0.03944444444444444 0.030625
2 0.5505555555555556 0.4421875 0.024444444444444446 0.016875
2 0.5641666666666667 0.4378125 0.01611111111111111 0.016875
2 0.5783333333333334 0.435625 0.014444444444444444 0.0125
4 0.059722222222222225 0.44125 0.11944444444444445 0.38
