7 0.13916015625 0.2578125 0.013671875 0.026041666666666668
7 0.1806640625 0.3011067708333333 0.0126953125 0.043619791666666664
7 0.2392578125 0.4371744791666667 0.009765625 0.033203125
7 0.84375 0.4267578125 0.0107421875 0.037109375
7 0.354248046875 0.4365234375 0.01318359375 0.018880208333333332
7 0.3486328125 0.4772135416666667 0.009765625 0.015625
7 0.7158203125 0.4680989583333333 0.009765625 0.016927083333333332
7 0.716796875 0.4283854166666667 0.0126953125 0.01953125
7 0.96533203125 0.2177734375 0.0068359375 0.051432291666666664
7 0.910888671875 0.23860677083333334 0.01513671875 0.052734375
9 0.099853515625 0.5550130208333334 0.02783203125 0.017578125
9 0.099365234375 0.5231119791666666 0.00927734375 0.035807291666666664
9 0.636962890625 0.4794921875 0.01416015625 0.018880208333333332
2 0.936279296875 0.5377604166666666 0.06494140625 0.061197916666666664
2 0.474365234375 0.51953125 0.05419921875 0.02734375
2 0.576416015625 0.5179036458333334 0.03857421875 0.037109375
