9 0.5741666666666667 0.4409375 0.010555555555555556 0.019375
2 0.16333333333333333 0.4975 0.18888888888888888 0.12375
2 0.3011111111111111 0.4934375 0.0811111111111111 0.058125
2 0.37277777777777776 0.4840625 0.044444444444444446 0.038125
2 0.42194444444444446 0.4790625 0.021666666666666667 0.016875
2 0.43027777777777776 0.4771875 0.011666666666666667 0.016875
2 0.46805555555555556 0.459375 0.011666666666666667 0.01
2 0.47444444444444445 0.45125 0.008888888888888889 0.01
2 0.4677777777777778 0.433125 0.008888888888888889 0.00875
2 0.4722222222222222 0.42875 0.008888888888888889 0.0075
2 0.5491666666666667 0.4828125 0.03277777777777778 0.031875
2 0.7302777777777778 0.50875 0.175 0.12375
2 0.4866666666666667 0.43 0.005555555555555556 0.005
4 0.4625 0.4446875 0.013888888888888888 0.018125
