7 0.26953125 0.39990234375 0.0265625 0.0595703125
7 0.279296875 0.44970703125 0.01796875 0.0244140625
7 0.2203125 0.42333984375 0.0125 0.0244140625
7 0.38515625 0.427734375 0.0171875 0.0390625
7 0.701953125 0.4140625 0.01171875 0.033203125
7 0.85 0.39501953125 0.021875 0.0595703125
7 0.84765625 0.443359375 0.01875 0.02734375
7 0.647265625 0.427734375 0.00546875 0.009765625
7 0.9375 0.3974609375 0.0125 0.0390625
7 0.91171875 0.40869140625 0.0109375 0.0400390625
7 0.970703125 0.4052734375 0.01171875 0.041015625
7 0.931640625 0.43994140625 0.01171875 0.0205078125
0 0.25546875 0.51123046875 0.015625 0.0498046875
0 0.062890625 0.5341796875 0.03203125 0.046875
2 0.503125 0.505859375 0.0625 0.060546875
2 0.552734375 0.474609375 0.05078125 0.041015625
8 0.39296875 0.50390625 0.009375 0.029296875
