9 0.9394444444444444 0.2403125 0.06777777777777778 0.033125
9 0.9188888888888889 0.2621875 0.04666666666666667 0.035625
9 0.8972222222222223 0.36625 0.043333333333333335 0.02
9 0.8988888888888888 0.3175 0.06333333333333334 0.0775
9 0.5336111111111111 0.43875 0.03277777777777778 0.035
9 0.2852777777777778 0.36625 0.02388888888888889 0.025
9 0.5216666666666666 0.396875 0.008888888888888889 0.01375
9 0.5213888888888889 0.3825 0.009444444444444445 0.015
9 0.5236111111111111 0.41375 0.010555555555555556 0.0125
2 0.4886111111111111 0.441875 0.05722222222222222 0.05125
2 0.4513888888888889 0.4446875 0.026111111111111113 0.026875
2 0.4177777777777778 0.4425 0.01 0.01
2 0.2863888888888889 0.450625 0.02388888888888889 0.02
2 0.3005555555555556 0.449375 0.014444444444444444 0.015
