4 0.865966796875 0.4860026041666667 0.20751953125 0.15299479166666666
4 0.693359375 0.4993489583333333 0.1162109375 0.07421875
4 0.460205078125 0.5250651041666666 0.11279296875 0.050130208333333336
4 0.555419921875 0.5107421875 0.07666015625 0.103515625
0 0.711181640625 0.54296875 0.01904296875 0.08854166666666667
0 0.107666015625 0.5797526041666666 0.01513671875 0.026692708333333332
2 0.807861328125 0.5286458333333334 0.04541015625 0.06901041666666667
2 0.946533203125 0.5205078125 0.04541015625 0.06705729166666667
2 0.549072265625 0.5947265625 0.15283203125 0.14127604166666666
2 0.92529296875 0.5094401041666666 0.08984375 0.10091145833333333
