9 0.50234375 0.4296875 0.00625 0.0078125
0 0.159375 0.50439453125 0.021875 0.0458984375
2 0.8859375 0.69091796875 0.228125 0.2666015625
2 0.784375 0.6044921875 0.1984375 0.197265625
2 0.738671875 0.54248046875 0.16953125 0.1689453125
2 0.6515625 0.55126953125 0.05625 0.1044921875
2 0.6421875 0.52587890625 0.09375 0.1064453125
2 0.60078125 0.517578125 0.0453125 0.080078125
2 0.576171875 0.50537109375 0.04453125 0.0537109375
2 0.559375 0.5 0.0265625 0.048828125
2 0.543359375 0.49462890625 0.02578125 0.0458984375
2 0.53359375 0.49169921875 0.0203125 0.0361328125
2 0.534375 0.48486328125 0.034375 0.0341796875
2 0.517578125 0.47509765625 0.02421875 0.0283203125
2 0.51015625 0.47021484375 0.025 0.0302734375
2 0.498828125 0.4609375 0.01953125 0.025390625
2 0.478515625 0.4521484375 0.01953125 0.013671875
2 0.45 0.45556640625 0.015625 0.0146484375
2 0.427734375 0.4541015625 0.01640625 0.017578125
2 0.423046875 0.46044921875 0.01015625 0.0166015625
2 0.410546875 0.4658203125 0.02109375 0.0234375
2 0.353125 0.4658203125 0.0421875 0.029296875
2 0.305859375 0.51318359375 0.08359375 0.0830078125
2 0.2328125 0.49658203125 0.08125 0.0458984375
2 0.173828125 0.51123046875 0.06171875 0.0615234375
2 0.104296875 0.5166015625 0.03984375 0.068359375
2 0.05625 0.53564453125 0.1125 0.1064453125
2 0.190234375 0.5810546875 0.14921875 0.12890625
2 0.143359375 0.4765625 0.08046875 0.017578125
2 0.5296875 0.44677734375 0.021875 0.0107421875
