9 0.6933333333333334 0.435625 0.0044444444444444444 0.00625
9 0.6811111111111111 0.43625 0.0044444444444444444 0.00625
9 0.5972222222222222 0.439375 0.0044444444444444444 0.0075
2 0.7458333333333333 0.4565625 0.0661111111111111 0.056875
2 0.33305555555555555 0.4659375 0.030555555555555555 0.021875
2 0.3591666666666667 0.464375 0.03277777777777778 0.02375
2 0.39055555555555554 0.4621875 0.05 0.021875
2 0.5519444444444445 0.461875 0.05388888888888889 0.05
2 0.5952777777777778 0.4578125 0.025 0.020625
2 0.6130555555555556 0.4528125 0.020555555555555556 0.020625
2 0.6436111111111111 0.4515625 0.012777777777777779 0.013125
2 0.66 0.4509375 0.021111111111111112 0.020625
2 0.6938888888888889 0.4496875 0.014444444444444444 0.010625
2 0.7133333333333334 0.44875 0.012222222222222223 0.01375
2 0.6752777777777778 0.44625 0.008333333333333333 0.0075
2 0.6822222222222222 0.448125 0.011111111111111112 0.0125
2 0.7025 0.446875 0.008333333333333333 0.00875
2 0.9772222222222222 0.4275 0.03666666666666667 0.01625
