7 0.44893790849673204 0.46923828125 0.004084967320261438 0.0126953125
7 0.4522058823529412 0.4716796875 0.0024509803921568627 0.01171875
7 0.460375816993464 0.48974609375 0.0024509803921568627 0.0068359375
7 0.3872549019607843 0.4169921875 0.011437908496732025 0.033203125
7 0.051879084967320264 0.478515625 0.022058823529411766 0.068359375
7 0.08047385620915033 0.40625 0.03839869281045752 0.052734375
7 0.017973856209150325 0.4033203125 0.03594771241830065 0.046875
7 0.049019607843137254 0.14501953125 0.06209150326797386 0.1552734375
7 0.8709150326797386 0.33837890625 0.032679738562091505 0.0791015625
7 0.9084967320261438 0.501953125 0.014705882352941176 0.041015625
7 0.8378267973856209 0.45751953125 0.010620915032679739 0.0126953125
7 0.5584150326797386 0.47509765625 0.004084967320261438 0.0107421875
7 0.5318627450980392 0.4873046875 0.0032679738562091504 0.0078125
9 0.3897058823529412 0.45263671875 0.00980392156862745 0.0224609375
9 0.06454248366013073 0.337890625 0.024509803921568627 0.06640625
0 0.5326797385620915 0.52001953125 0.008169934640522876 0.0322265625
0 0.5277777777777778 0.521484375 0.004901960784313725 0.025390625
0 0.020016339869281044 0.52880859375 0.013888888888888888 0.0498046875
2 0.4223856209150327 0.51318359375 0.004901960784313725 0.0107421875
2 0.4150326797385621 0.51171875 0.013071895424836602 0.013671875
2 0.43218954248366015 0.51220703125 0.014705882352941176 0.0126953125
2 0.5134803921568627 0.5126953125 0.015522875816993464 0.017578125
2 0.47875816993464054 0.53076171875 0.06535947712418301 0.0595703125
2 0.5657679738562091 0.52197265625 0.02369281045751634 0.0498046875
2 0.5959967320261438 0.52392578125 0.06454248366013073 0.0576171875
2 0.5543300653594772 0.517578125 0.018790849673202614 0.033203125
2 0.9566993464052288 0.5029296875 0.07026143790849673 0.0546875
2 0.8880718954248366 0.66650390625 0.2238562091503268 0.2509765625
