9 0.59453125 0.43505859375 0.0171875 0.0205078125
9 0.366796875 0.44091796875 0.01328125 0.0166015625
9 0.3265625 0.439453125 0.0078125 0.013671875
0 0.139453125 0.50830078125 0.01640625 0.0673828125
0 0.122265625 0.48974609375 0.01484375 0.0556640625
0 0.34140625 0.48046875 0.0109375 0.03515625
0 0.33203125 0.48046875 0.0078125 0.033203125
0 0.4328125 0.48291015625 0.0125 0.0419921875
0 0.673828125 0.501953125 0.01171875 0.056640625
0 0.68828125 0.4873046875 0.015625 0.033203125
0 0.372265625 0.484375 0.00703125 0.025390625
0 0.38984375 0.474609375 0.0046875 0.01953125
1 0.4140625 0.4853515625 0.003125 0.009765625
2 0.49453125 0.53466796875 0.103125 0.1162109375
2 0.721484375 0.5615234375 0.13046875 0.119140625
2 0.605078125 0.51708984375 0.06796875 0.0634765625
2 0.57734375 0.5068359375 0.046875 0.056640625
2 0.558984375 0.5029296875 0.02578125 0.048828125
2 0.53203125 0.48388671875 0.025 0.0302734375
2 0.244140625 0.50830078125 0.12734375 0.0537109375
2 0.50703125 0.47265625 0.015625 0.015625
2 0.47109375 0.47216796875 0.0109375 0.0107421875
2 0.9265625 0.5068359375 0.0390625 0.0546875
2 0.973046875 0.4912109375 0.04609375 0.01953125
2 0.931640625 0.48681640625 0.03984375 0.0263671875
2 0.443359375 0.46875 0.01796875 0.015625
0 0.413671875 0.4794921875 0.00546875 0.021484375
3 0.069921875 0.51708984375 0.07109375 0.0517578125
1 0.162890625 0.50390625 0.03359375 0.03515625
