7 0.3296875 0.48681640625 0.0046875 0.0068359375
7 0.429296875 0.45654296875 0.00546875 0.0068359375
7 0.46640625 0.47021484375 0.0046875 0.0068359375
7 0.466015625 0.4765625 0.00234375 0.00390625
9 0.0328125 0.53466796875 0.0140625 0.0498046875
9 0.07421875 0.52978515625 0.0328125 0.0458984375
9 0.3703125 0.49609375 0.00625 0.0078125
9 0.40703125 0.48681640625 0.0046875 0.0068359375
9 0.538671875 0.46875 0.01484375 0.017578125
9 0.56796875 0.42919921875 0.015625 0.0166015625
9 0.569140625 0.4462890625 0.01015625 0.017578125
9 0.446484375 0.4619140625 0.01015625 0.005859375
9 0.47421875 0.4736328125 0.0078125 0.009765625
9 0.45234375 0.47412109375 0.003125 0.0048828125
1 0.258203125 0.52978515625 0.02109375 0.0361328125
2 0.0875 0.54150390625 0.0609375 0.0498046875
2 0.1859375 0.52294921875 0.0328125 0.0380859375
2 0.20234375 0.5244140625 0.0453125 0.04296875
2 0.233984375 0.52001953125 0.02421875 0.0263671875
2 0.27578125 0.51171875 0.0171875 0.0234375
2 0.2953125 0.5078125 0.021875 0.0234375
2 0.3234375 0.5068359375 0.0171875 0.015625
2 0.34921875 0.50244140625 0.0171875 0.0146484375
2 0.4171875 0.49755859375 0.0125 0.0126953125
2 0.796484375 0.458984375 0.05390625 0.02734375
2 0.817578125 0.4423828125 0.01484375 0.015625
2 0.808984375 0.4404296875 0.01484375 0.015625
2 0.381640625 0.48974609375 0.01015625 0.0107421875
2 0.391015625 0.48291015625 0.01015625 0.0087890625
0 0.2578125 0.51416015625 0.0203125 0.0517578125
8 0.75703125 0.5458984375 0.028125 0.078125
