4 0.06413398692810457 0.4912109375 0.12826797385620914 0.291015625
7 0.8762254901960784 0.50048828125 0.013888888888888888 0.0380859375
7 0.8533496732026143 0.34130859375 0.025326797385620915 0.0751953125
7 0.8492647058823529 0.4697265625 0.005718954248366013 0.009765625
9 0.872140522875817 0.4052734375 0.04330065359477124 0.0546875
9 0.991421568627451 0.3818359375 0.013888888888888888 0.033203125
9 0.9926470588235294 0.4375 0.014705882352941176 0.03125
9 0.8484477124183006 0.45654296875 0.005718954248366013 0.0068359375
9 0.678921568627451 0.44970703125 0.017973856209150325 0.0224609375
9 0.6801470588235294 0.41357421875 0.02042483660130719 0.0244140625
9 0.9922385620915033 0.41015625 0.012254901960784314 0.021484375
9 0.6801470588235294 0.4326171875 0.02042483660130719 0.01171875
9 0.6801470588235294 0.4677734375 0.013888888888888888 0.01171875
0 0.7205882352941176 0.50634765625 0.011437908496732025 0.0361328125
0 0.6944444444444444 0.50390625 0.013071895424836602 0.033203125
0 0.30269607843137253 0.52099609375 0.025326797385620915 0.0517578125
0 0.3647875816993464 0.5380859375 0.02696078431372549 0.052734375
2 0.4624183006535948 0.61181640625 0.25 0.2587890625
2 0.9595588235294118 0.52099609375 0.08088235294117647 0.0732421875
2 0.6074346405228758 0.513671875 0.04493464052287582 0.04296875
2 0.3668300653594771 0.50732421875 0.0196078431372549 0.0205078125
2 0.38031045751633985 0.498046875 0.015522875816993464 0.009765625
0 0.1895424836601307 0.50439453125 0.011437908496732025 0.0244140625
