2 0.6308333333333334 0.4659375 0.055 0.029375
7 0.5769444444444445 0.4421875 0.007222222222222222 0.013125
7 0.5116666666666667 0.419375 0.005555555555555556 0.01375
7 0.4775 0.418125 0.009444444444444445 0.015
7 0.4311111111111111 0.4078125 0.013333333333333334 0.019375
7 0.39 0.45375 0.006666666666666667 0.02125
9 0.9083333333333333 0.2825 0.1111111111111111 0.09625
9 0.9130555555555555 0.34 0.04055555555555555 0.0175
9 0.5319444444444444 0.433125 0.02388888888888889 0.00625
9 0.4925 0.41625 0.009444444444444445 0.01375
9 0.4172222222222222 0.4065625 0.0077777777777777776 0.011875
9 0.37194444444444447 0.43125 0.029444444444444443 0.00875
9 0.36027777777777775 0.46 0.009444444444444445 0.01
0 0.7369444444444444 0.45375 0.009444444444444445 0.02
0 0.7188888888888889 0.449375 0.0077777777777777776 0.0175
0 0.6911111111111111 0.455 0.011111111111111112 0.025
0 0.6822222222222222 0.4571875 0.008888888888888889 0.023125
0 0.6722222222222223 0.456875 0.008888888888888889 0.02625
0 0.23722222222222222 0.493125 0.013333333333333334 0.04
0 0.2325 0.495 0.009444444444444445 0.03375
0 0.21833333333333332 0.495625 0.013333333333333334 0.04
0 0.20583333333333334 0.4990625 0.011666666666666667 0.036875
0 0.19333333333333333 0.493125 0.015555555555555555 0.0475
0 0.18222222222222223 0.495 0.013333333333333334 0.045
0 0.16777777777777778 0.4959375 0.015555555555555555 0.045625
0 0.1511111111111111 0.4953125 0.014444444444444444 0.045625
0 0.1363888888888889 0.4978125 0.012777777777777779 0.043125
0 0.12638888888888888 0.499375 0.015 0.05125
0 0.10972222222222222 0.4978125 0.018333333333333333 0.056875
0 0.09 0.5059375 0.013333333333333334 0.044375
0 0.07527777777777778 0.506875 0.019444444444444445 0.05625
0 0.05638888888888889 0.5 0.013888888888888888 0.05125
0 0.049166666666666664 0.5084375 0.01611111111111111 0.046875
6 0.49972222222222223 0.469375 0.04055555555555555 0.055
2 0.5577777777777778 0.4925 0.09222222222222222 0.08875
2 0.47 0.4821875 0.023333333333333334 0.028125
2 0.4486111111111111 0.4884375 0.018333333333333333 0.016875
2 0.32611111111111113 0.4840625 0.07222222222222222 0.060625
0 0.6075 0.4715625 0.005 0.018125
