4 0.44055555555555553 0.430625 0.044444444444444446 0.05
7 0.06666666666666667 0.301875 0.023333333333333334 0.05625
7 0.06222222222222222 0.371875 0.02 0.02125
7 0.7861111111111111 0.370625 0.022222222222222223 0.02125
7 0.7838888888888889 0.301875 0.021111111111111112 0.06
7 0.9944444444444445 0.274375 0.01 0.0625
9 0.07138888888888889 0.346875 0.03833333333333333 0.01625
9 0.5897222222222223 0.4084375 0.011666666666666667 0.011875
9 0.7 0.3815625 0.01 0.018125
9 0.7777777777777778 0.3490625 0.043333333333333335 0.015625
9 0.9672222222222222 0.3884375 0.011111111111111112 0.016875
9 0.27111111111111114 0.405625 0.006666666666666667 0.0125
0 0.051944444444444446 0.469375 0.035 0.12125
0 0.19583333333333333 0.4709375 0.026111111111111113 0.109375
1 0.19416666666666665 0.4871875 0.10055555555555555 0.076875
2 0.3347222222222222 0.46625 0.08833333333333333 0.07
2 0.3883333333333333 0.456875 0.05 0.0525
2 0.49722222222222223 0.4453125 0.023333333333333334 0.021875
2 0.4797222222222222 0.4434375 0.010555555555555556 0.008125
2 0.6344444444444445 0.45875 0.07222222222222222 0.0675
2 0.5947222222222223 0.4496875 0.04388888888888889 0.053125
2 0.57 0.44875 0.016666666666666666 0.04125
2 0.5608333333333333 0.446875 0.02277777777777778 0.03125
2 0.5452777777777778 0.4465625 0.013888888888888888 0.023125
2 0.5394444444444444 0.4446875 0.012222222222222223 0.020625
2 0.5319444444444444 0.443125 0.012777777777777779 0.0175
