9 0.08194444444444444 0.395625 0.013888888888888888 0.03
0 0.8419444444444445 0.469375 0.02388888888888889 0.0825
0 0.8694444444444445 0.468125 0.016666666666666666 0.0725
0 0.8047222222222222 0.4425 0.009444444444444445 0.03875
0 0.7030555555555555 0.4725 0.01611111111111111 0.045
0 0.6908333333333333 0.489375 0.029444444444444443 0.075
0 0.6788888888888889 0.4803125 0.021111111111111112 0.068125
0 0.6391666666666667 0.4865625 0.03166666666666667 0.070625
0 0.5452777777777778 0.4684375 0.015 0.050625
0 0.4986111111111111 0.466875 0.011666666666666667 0.0575
0 0.6197222222222222 0.4665625 0.012777777777777779 0.026875
0 0.46694444444444444 0.464375 0.017222222222222222 0.04375
0 0.47888888888888886 0.4678125 0.013333333333333334 0.041875
0 0.41194444444444445 0.48 0.03833333333333333 0.09
1 0.7913888888888889 0.5171875 0.06944444444444445 0.111875
2 0.5663888888888889 0.4659375 0.07611111111111112 0.035625
2 0.43694444444444447 0.4671875 0.04722222222222222 0.060625
2 0.3908333333333333 0.456875 0.018333333333333333 0.0175
2 0.025833333333333333 0.48375 0.051666666666666666 0.08875
2 0.06833333333333333 0.468125 0.09111111111111111 0.07625
2 0.12277777777777778 0.4753125 0.02 0.035625
2 0.17444444444444446 0.4753125 0.06888888888888889 0.044375
2 0.13722222222222222 0.4678125 0.03 0.029375
2 0.21222222222222223 0.4696875 0.03888888888888889 0.034375
2 0.26166666666666666 0.46375 0.04555555555555556 0.02875
