0 0.9141666666666667 0.4734375 0.03277777777777778 0.071875
0 0.9466666666666667 0.4725 0.024444444444444446 0.0475
0 0.6347222222222222 0.4625 0.009444444444444445 0.015
2 0.43583333333333335 0.47 0.012777777777777779 0.01875
2 0.4222222222222222 0.4690625 0.022222222222222223 0.025625
2 0.4161111111111111 0.4721875 0.02 0.023125
2 0.39194444444444443 0.471875 0.041666666666666664 0.04
2 0.375 0.4796875 0.03111111111111111 0.036875
2 0.35833333333333334 0.483125 0.028888888888888888 0.03875
2 0.33111111111111113 0.48625 0.05555555555555555 0.0475
2 0.26944444444444443 0.4971875 0.08333333333333333 0.066875
2 0.1775 0.51125 0.12277777777777778 0.1025
2 0.07083333333333333 0.53375 0.14166666666666666 0.13625
2 0.5186111111111111 0.463125 0.018333333333333333 0.015
2 0.5355555555555556 0.46625 0.02 0.0225
2 0.5466666666666666 0.4684375 0.01888888888888889 0.025625
2 0.5669444444444445 0.468125 0.03944444444444444 0.03875
2 0.5725 0.473125 0.026111111111111113 0.035
2 0.5838888888888889 0.474375 0.02 0.03875
2 0.6058333333333333 0.476875 0.04833333333333333 0.0475
2 0.6416666666666667 0.484375 0.03 0.06125
2 0.6997222222222222 0.48125 0.1238888888888889 0.10875
2 0.8047222222222222 0.506875 0.18388888888888888 0.125
2 0.9305555555555556 0.5340625 0.13666666666666666 0.175625
