7 0.13684640522875818 0.45556640625 0.004084967320261438 0.0107421875
7 0.2034313725490196 0.45166015625 0.0032679738562091504 0.0107421875
7 0.318218954248366 0.44384765625 0.005718954248366013 0.0146484375
7 0.25939542483660133 0.45556640625 0.004084967320261438 0.0107421875
7 0.7487745098039216 0.4716796875 0.01715686274509804 0.056640625
7 0.7034313725490197 0.4208984375 0.008169934640522876 0.0234375
7 0.5208333333333334 0.431640625 0.005718954248366013 0.013671875
7 0.75 0.21484375 0.0392156862745098 0.115234375
7 0.9003267973856209 0.412109375 0.013071895424836602 0.033203125
9 0.060866013071895424 0.443359375 0.008986928104575163 0.01171875
9 0.060866013071895424 0.453125 0.008986928104575163 0.0078125
9 0.2855392156862745 0.45263671875 0.008986928104575163 0.0107421875
9 0.7446895424836601 0.3291015625 0.0661764705882353 0.08203125
9 0.8668300653594772 0.41650390625 0.027777777777777776 0.0517578125
9 0.8884803921568627 0.41650390625 0.010620915032679739 0.0146484375
9 0.8921568627450981 0.4345703125 0.016339869281045753 0.0078125
0 0.07475490196078431 0.48193359375 0.007352941176470588 0.0185546875
0 0.06658496732026144 0.47802734375 0.008986928104575163 0.0166015625
0 0.12908496732026145 0.48486328125 0.006535947712418301 0.0185546875
0 0.6470588235294118 0.486328125 0.00980392156862745 0.0234375
0 0.6842320261437909 0.48681640625 0.007352941176470588 0.0205078125
0 0.7001633986928104 0.486328125 0.006535947712418301 0.017578125
0 0.7308006535947712 0.490234375 0.010620915032679739 0.03125
0 0.7928921568627451 0.4921875 0.007352941176470588 0.025390625
0 0.8243464052287581 0.56787109375 0.06535947712418301 0.1748046875
0 0.8676470588235294 0.57958984375 0.04411764705882353 0.1572265625
0 0.11315359477124183 0.48828125 0.007352941176470588 0.0234375
6 0.4158496732026144 0.48193359375 0.11274509803921569 0.1494140625
3 0.044526143790849675 0.54638671875 0.08905228758169935 0.0810546875
3 0.05269607843137255 0.5341796875 0.1053921568627451 0.0859375
3 0.20955882352941177 0.505859375 0.022058823529411766 0.046875
3 0.6740196078431373 0.49462890625 0.016339869281045753 0.0205078125
3 0.051470588235294115 0.5166015625 0.09313725490196079 0.046875
2 0.20669934640522875 0.47802734375 0.029411764705882353 0.0283203125
2 0.2806372549019608 0.53076171875 0.12173202614379085 0.1396484375
2 0.5008169934640523 0.48486328125 0.016339869281045753 0.0205078125
2 0.5224673202614379 0.4814453125 0.02696078431372549 0.03125
2 0.548202614379085 0.484375 0.024509803921568627 0.015625
2 0.5919117647058824 0.484375 0.028594771241830064 0.01953125
2 0.5808823529411765 0.53369140625 0.09313725490196079 0.1044921875
2 0.5138888888888888 0.6015625 0.2042483660130719 0.19921875
2 0.5424836601307189 0.4716796875 0.017973856209150325 0.009765625
0 0.21160130718954248 0.494140625 0.02287581699346405 0.0546875
0 0.6723856209150327 0.48681640625 0.00980392156862745 0.0224609375
