9 0.30269607843137253 0.3916015625 0.01715686274509804 0.013671875
9 0.44689542483660133 0.36669921875 0.008169934640522876 0.0107421875
0 0.01715686274509804 0.39599609375 0.03431372549019608 0.0595703125
0 0.8190359477124183 0.423828125 0.03839869281045752 0.07421875
0 0.8406862745098039 0.41943359375 0.026143790849673203 0.0556640625
0 0.875 0.41162109375 0.03431372549019608 0.0478515625
0 0.6376633986928104 0.39892578125 0.013888888888888888 0.0205078125
2 0.8848039215686274 0.5830078125 0.23039215686274508 0.302734375
2 0.7377450980392157 0.48486328125 0.1650326797385621 0.1533203125
2 0.6499183006535948 0.45458984375 0.07107843137254902 0.0927734375
2 0.6098856209150327 0.431640625 0.059640522875817 0.060546875
2 0.5723039215686274 0.4150390625 0.025326797385620915 0.033203125
2 0.5175653594771242 0.41943359375 0.08905228758169935 0.1181640625
2 0.40441176470588236 0.40771484375 0.1111111111111111 0.0810546875
2 0.3570261437908497 0.4453125 0.0915032679738562 0.107421875
2 0.2908496732026144 0.47900390625 0.15849673202614378 0.1572265625
2 0.1294934640522876 0.5537109375 0.2589869281045752 0.296875
2 0.46405228758169936 0.4072265625 0.016339869281045753 0.03515625
