7 0.4113562091503268 0.47705078125 0.007352941176470588 0.0205078125
7 0.5053104575163399 0.474609375 0.005718954248366013 0.017578125
9 0.1156045751633987 0.4296875 0.02369281045751634 0.03125
9 0.11764705882352941 0.44970703125 0.027777777777777776 0.0146484375
9 0.704248366013072 0.4755859375 0.03104575163398693 0.04296875
9 0.7079248366013072 0.50146484375 0.013888888888888888 0.0068359375
9 0.5976307189542484 0.4951171875 0.013888888888888888 0.015625
9 0.5424836601307189 0.49267578125 0.006535947712418301 0.0087890625
9 0.7393790849673203 0.478515625 0.026143790849673203 0.0078125
9 0.7438725490196079 0.470703125 0.018790849673202614 0.0078125
2 0.4714052287581699 0.54052734375 0.05555555555555555 0.0537109375
2 0.4673202614379085 0.5078125 0.027777777777777776 0.013671875
2 0.43709150326797386 0.5205078125 0.026143790849673203 0.025390625
2 0.41013071895424835 0.5166015625 0.017973856209150325 0.021484375
2 0.4011437908496732 0.52294921875 0.013071895424836602 0.0283203125
2 0.38643790849673204 0.52490234375 0.029411764705882353 0.0302734375
2 0.3590686274509804 0.53466796875 0.03676470588235294 0.0419921875
2 0.32802287581699346 0.5390625 0.06290849673202614 0.05078125
2 0.24142156862745098 0.56005859375 0.10375816993464053 0.0986328125
2 0.184640522875817 0.58251953125 0.12908496732026145 0.1220703125
2 0.08374183006535947 0.61181640625 0.16748366013071894 0.1630859375
2 0.012663398692810458 0.66845703125 0.025326797385620915 0.1337890625
