4 0.6941666666666667 0.485 0.12944444444444445 0.1275
7 0.5247222222222222 0.4546875 0.005 0.010625
7 0.4311111111111111 0.448125 0.005555555555555556 0.0125
9 0.33694444444444444 0.4028125 0.008333333333333333 0.018125
9 0.3375 0.4209375 0.009444444444444445 0.018125
9 0.5836111111111111 0.455625 0.005 0.00875
9 0.5830555555555555 0.463125 0.005 0.00625
0 0.9863888888888889 0.533125 0.026111111111111113 0.0675
0 0.8658333333333333 0.5046875 0.02277777777777778 0.070625
0 0.8136111111111111 0.5125 0.012777777777777779 0.0725
0 0.8308333333333333 0.5046875 0.025 0.073125
0 0.7797222222222222 0.5021875 0.020555555555555556 0.065625
0 0.7722222222222223 0.5171875 0.023333333333333334 0.043125
0 0.7605555555555555 0.5175 0.017777777777777778 0.0375
0 0.4175 0.4790625 0.012777777777777779 0.036875
1 0.8741666666666666 0.5225 0.021666666666666667 0.04125
2 0.5058333333333334 0.476875 0.026111111111111113 0.02625
2 0.46694444444444444 0.4759375 0.018333333333333333 0.018125
2 0.4825 0.4740625 0.012777777777777779 0.011875
2 0.4486111111111111 0.4740625 0.007222222222222222 0.010625
2 0.43444444444444447 0.4753125 0.02666666666666667 0.031875
2 0.4266666666666667 0.4790625 0.03222222222222222 0.028125
