9 0.580078125 0.435546875 0.01484375 0.01953125
9 0.369921875 0.44482421875 0.01171875 0.0166015625
9 0.52109375 0.4560546875 0.0078125 0.013671875
9 0.58046875 0.45068359375 0.0140625 0.0087890625
9 0.253125 0.4267578125 0.015625 0.02734375
0 0.1734375 0.505859375 0.01875 0.06640625
0 0.156640625 0.498046875 0.01015625 0.0625
0 0.14609375 0.490234375 0.0109375 0.048828125
0 0.12734375 0.47998046875 0.0140625 0.0322265625
0 0.424609375 0.48681640625 0.00859375 0.0341796875
0 0.831640625 0.51171875 0.02421875 0.08203125
0 0.661328125 0.4833984375 0.00859375 0.0234375
0 0.656640625 0.4814453125 0.00546875 0.02734375
0 0.61015625 0.48876953125 0.0078125 0.0244140625
0 0.48671875 0.470703125 0.0046875 0.013671875
0 0.34921875 0.4814453125 0.00625 0.033203125
0 0.33984375 0.48046875 0.00625 0.029296875
0 0.20390625 0.4873046875 0.009375 0.033203125
0 0.1953125 0.48486328125 0.0078125 0.0244140625
0 0.091796875 0.49609375 0.01640625 0.046875
1 0.07890625 0.59765625 0.046875 0.08984375
1 0.4140625 0.486328125 0.003125 0.01171875
2 0.1140625 0.48388671875 0.1203125 0.0615234375
2 0.291796875 0.505859375 0.11328125 0.048828125
2 0.4921875 0.53173828125 0.1 0.1103515625
2 0.669140625 0.53955078125 0.09921875 0.0927734375
2 0.58671875 0.50830078125 0.05625 0.0556640625
2 0.562109375 0.501953125 0.04921875 0.048828125
2 0.52578125 0.482421875 0.0234375 0.03125
2 0.97578125 0.48681640625 0.0484375 0.0341796875
2 0.86015625 0.49365234375 0.0859375 0.0478515625
0 0.0828125 0.560546875 0.0421875 0.107421875
0 0.414453125 0.4794921875 0.00546875 0.01953125
3 0.12109375 0.51806640625 0.04375 0.0400390625
