7 0.572509765625 0.4456380208333333 0.02392578125 0.051432291666666664
7 0.70263671875 0.5755208333333334 0.009765625 0.016927083333333332
7 0.706298828125 0.5309244791666666 0.01318359375 0.034505208333333336
7 0.347412109375 0.3828125 0.01611328125 0.0390625
7 0.200439453125 0.5543619791666666 0.01318359375 0.029296875
7 0.186767578125 0.5494791666666666 0.00927734375 0.033854166666666664
7 0.361083984375 0.4635416666666667 0.01025390625 0.020833333333333332
7 0.27490234375 0.5735677083333334 0.013671875 0.022135416666666668
7 0.786376953125 0.5504557291666666 0.00634765625 0.021484375
9 0.31787109375 0.384765625 0.0224609375 0.028645833333333332
0 0.23583984375 0.6298828125 0.0244140625 0.07096354166666667
0 0.277587890625 0.6298828125 0.02197265625 0.07096354166666667
0 0.26171875 0.6295572916666666 0.017578125 0.06510416666666667
0 0.37890625 0.6188151041666666 0.01953125 0.057942708333333336
0 0.6904296875 0.5979817708333334 0.025390625 0.09049479166666667
2 0.583984375 0.6539713541666666 0.10546875 0.107421875
2 0.4560546875 0.6077473958333334 0.0478515625 0.054036458333333336
