9 0.30859375 0.45166015625 0.0046875 0.0166015625
0 0.082421875 0.51953125 0.01796875 0.0703125
0 0.10234375 0.51806640625 0.021875 0.0693359375
0 0.3015625 0.4931640625 0.0078125 0.03515625
0 0.309765625 0.49169921875 0.01171875 0.0380859375
0 0.524609375 0.48974609375 0.01015625 0.0478515625
0 0.538671875 0.490234375 0.01484375 0.056640625
0 0.79609375 0.49560546875 0.028125 0.0380859375
0 0.833984375 0.5009765625 0.02734375 0.041015625
0 0.978125 0.4697265625 0.0140625 0.021484375
1 0.680078125 0.59814453125 0.04453125 0.1025390625
1 0.78671875 0.68701171875 0.0703125 0.1533203125
1 0.063671875 0.5810546875 0.03515625 0.091796875
2 0.079296875 0.49462890625 0.02890625 0.0263671875
2 0.112890625 0.49267578125 0.04609375 0.0322265625
2 0.262109375 0.47705078125 0.03984375 0.0185546875
2 0.384375 0.49267578125 0.0671875 0.0302734375
2 0.42421875 0.50048828125 0.059375 0.0439453125
2 0.476171875 0.50439453125 0.07109375 0.0556640625
2 0.571484375 0.49267578125 0.01640625 0.0322265625
2 0.561328125 0.48876953125 0.03828125 0.0322265625
2 0.60625 0.5185546875 0.0953125 0.068359375
2 0.716796875 0.5361328125 0.11171875 0.103515625
2 0.7640625 0.5703125 0.1203125 0.1171875
2 0.93671875 0.51611328125 0.1265625 0.0771484375
2 0.869140625 0.59619140625 0.14921875 0.1611328125
0 0.68359375 0.5595703125 0.046875 0.154296875
0 0.789453125 0.6259765625 0.07265625 0.21484375
8 0.175 0.5478515625 0.0171875 0.052734375
