7 0.8972222222222223 0.346875 0.034444444444444444 0.03625
7 0.8819444444444444 0.2184375 0.04611111111111111 0.160625
7 0.8305555555555556 0.3590625 0.015555555555555555 0.046875
7 0.8344444444444444 0.405 0.016666666666666666 0.01625
7 0.7316666666666667 0.4171875 0.013333333333333334 0.015625
7 0.7280555555555556 0.375625 0.020555555555555556 0.045
7 0.49777777777777776 0.284375 0.03111111111111111 0.04875
7 0.16333333333333333 0.3803125 0.016666666666666666 0.064375
7 0.16555555555555557 0.4315625 0.011111111111111112 0.014375
7 0.11472222222222223 0.43 0.008333333333333333 0.01375
7 0.11805555555555555 0.3859375 0.015 0.044375
7 0.2136111111111111 0.024375 0.07277777777777777 0.04875
7 0.006111111111111111 0.0484375 0.012222222222222223 0.093125
9 0.6438888888888888 0.3353125 0.07333333333333333 0.016875
9 0.5316666666666666 0.284375 0.01888888888888889 0.02375
9 0.6161111111111112 0.4221875 0.015555555555555555 0.013125
9 0.6163888888888889 0.4325 0.008333333333333333 0.00625
9 0.4363888888888889 0.468125 0.007222222222222222 0.01
9 0.24722222222222223 0.444375 0.005555555555555556 0.0075
9 0.10027777777777777 0.01875 0.06055555555555556 0.0375
0 0.6052777777777778 0.4759375 0.006111111111111111 0.015625
0 0.5880555555555556 0.4753125 0.007222222222222222 0.019375
0 0.63 0.4721875 0.008888888888888889 0.025625
0 0.595 0.4753125 0.005555555555555556 0.015625
0 0.575 0.47625 0.006666666666666667 0.0175
0 0.3461111111111111 0.4671875 0.005555555555555556 0.013125
0 0.2788888888888889 0.46375 0.0077777777777777776 0.01125
0 0.24666666666666667 0.47 0.008888888888888889 0.02625
0 0.22583333333333333 0.4734375 0.009444444444444445 0.026875
0 0.1913888888888889 0.4884375 0.01611111111111111 0.040625
0 0.1825 0.49 0.011666666666666667 0.03875
0 0.1463888888888889 0.495 0.018333333333333333 0.05375
0 0.13055555555555556 0.49125 0.013333333333333334 0.0425
0 0.11722222222222223 0.4871875 0.012222222222222223 0.044375
0 0.015833333333333335 0.4740625 0.01611111111111111 0.034375
1 0.5544444444444444 0.476875 0.0077777777777777776 0.01625
1 0.2036111111111111 0.4825 0.019444444444444445 0.0175
1 0.15361111111111111 0.50125 0.045 0.035
2 0.9722222222222222 0.481875 0.05555555555555555 0.0575
2 0.7361111111111112 0.4815625 0.16666666666666666 0.061875
2 0.5227777777777778 0.4746875 0.04666666666666667 0.046875
2 0.4961111111111111 0.4803125 0.005555555555555556 0.004375
2 0.46944444444444444 0.47875 0.024444444444444446 0.0225
2 0.40694444444444444 0.48125 0.03611111111111111 0.02875
2 0.2786111111111111 0.49125 0.06722222222222222 0.04625
2 0.050833333333333335 0.49875 0.10166666666666667 0.05875
0 0.5547222222222222 0.4715625 0.008333333333333333 0.021875
