4 0.5069444444444444 0.3828125 0.015522875816993464 0.025390625
9 0.33700980392156865 0.36962890625 0.01715686274509804 0.0263671875
9 0.46078431372549017 0.3759765625 0.008169934640522876 0.01171875
9 0.5698529411764706 0.38427734375 0.007352941176470588 0.0107421875
6 0.6911764705882353 0.3935546875 0.06209150326797386 0.08203125
6 0.6294934640522876 0.39013671875 0.025326797385620915 0.0302734375
6 0.5404411764705882 0.3720703125 0.005718954248366013 0.009765625
2 0.9387254901960784 0.45849609375 0.12254901960784313 0.1279296875
2 0.6875 0.41796875 0.049836601307189546 0.048828125
2 0.6433823529411765 0.412109375 0.03022875816993464 0.025390625
2 0.4910130718954248 0.45458984375 0.10947712418300654 0.1044921875
2 0.5788398692810458 0.41748046875 0.041666666666666664 0.0380859375
2 0.5494281045751634 0.40673828125 0.02696078431372549 0.0244140625
2 0.5285947712418301 0.3984375 0.02287581699346405 0.01953125
2 0.5155228758169934 0.39501953125 0.014705882352941176 0.0166015625
2 0.4910130718954248 0.396484375 0.017973856209150325 0.013671875
2 0.4861111111111111 0.38818359375 0.008169934640522876 0.0068359375
2 0.625 0.40673828125 0.014705882352941176 0.0146484375
2 0.6058006535947712 0.4052734375 0.018790849673202614 0.017578125
2 0.6000816993464052 0.39404296875 0.015522875816993464 0.0185546875
2 0.6123366013071896 0.3974609375 0.008986928104575163 0.009765625
2 0.5870098039215687 0.396484375 0.012254901960784314 0.0078125
2 0.5763888888888888 0.39306640625 0.010620915032679739 0.0087890625
2 0.5649509803921569 0.38916015625 0.010620915032679739 0.0107421875
2 0.5559640522875817 0.38720703125 0.007352941176470588 0.0068359375
2 0.5102124183006536 0.36767578125 0.004084967320261438 0.0048828125
2 0.5208333333333334 0.37060546875 0.005718954248366013 0.0068359375
2 0.5155228758169934 0.36865234375 0.004901960784313725 0.0048828125
2 0.5322712418300654 0.37255859375 0.004084967320261438 0.0048828125
