9 0.293701171875 0.4967447916666667 0.01220703125 0.009114583333333334
9 0.29443359375 0.4729817708333333 0.0283203125 0.035807291666666664
2 0.862060546875 0.6663411458333334 0.21240234375 0.2701822916666667
2 0.752197265625 0.5598958333333334 0.10302734375 0.07291666666666667
2 0.686279296875 0.5481770833333334 0.02783203125 0.045572916666666664
2 0.67529296875 0.5387369791666666 0.048828125 0.038411458333333336
2 0.6279296875 0.55859375 0.0654296875 0.07161458333333333
2 0.60302734375 0.5494791666666666 0.029296875 0.057291666666666664
2 0.5732421875 0.5341796875 0.0283203125 0.031901041666666664
2 0.466552734375 0.5628255208333334 0.09912109375 0.07747395833333333
2 0.416015625 0.5393880208333334 0.0419921875 0.055338541666666664
2 0.39892578125 0.5472005208333334 0.0263671875 0.056640625
2 0.3642578125 0.5501302083333334 0.0693359375 0.078125
