4 0.23570261437908496 0.53076171875 0.1511437908496732 0.0966796875
4 0.5424836601307189 0.53857421875 0.04738562091503268 0.0498046875
7 0.5776143790849673 0.529296875 0.004901960784313725 0.013671875
7 0.5008169934640523 0.52783203125 0.004901960784313725 0.0126953125
9 0.5988562091503268 0.517578125 0.006535947712418301 0.0078125
9 0.5988562091503268 0.5244140625 0.006535947712418301 0.005859375
9 0.5988562091503268 0.53076171875 0.006535947712418301 0.0068359375
0 0.14869281045751634 0.5400390625 0.013071895424836602 0.037109375
0 0.7234477124183006 0.53466796875 0.010620915032679739 0.0400390625
0 0.733251633986928 0.53369140625 0.010620915032679739 0.0439453125
0 0.7401960784313726 0.53515625 0.006535947712418301 0.037109375
0 0.7009803921568627 0.54296875 0.008169934640522876 0.02734375
0 0.6862745098039216 0.54150390625 0.011437908496732025 0.0341796875
0 0.6691176470588235 0.5458984375 0.008169934640522876 0.025390625
0 0.6785130718954249 0.5458984375 0.007352941176470588 0.021484375
0 0.6936274509803921 0.54541015625 0.004901960784313725 0.0224609375
