9 0.974609375 0.43310546875 0.01328125 0.0244140625
9 0.97421875 0.39990234375 0.0234375 0.0400390625
9 0.769921875 0.427734375 0.01328125 0.021484375
9 0.75 0.43505859375 0.0109375 0.0166015625
9 0.726953125 0.43408203125 0.01015625 0.0205078125
9 0.470703125 0.45263671875 0.00859375 0.0068359375
9 0.47109375 0.43603515625 0.015625 0.0185546875
2 0.96875 0.5732421875 0.0625 0.115234375
2 0.718359375 0.46826171875 0.01484375 0.0166015625
2 0.6984375 0.46923828125 0.0140625 0.0126953125
2 0.632421875 0.46435546875 0.01015625 0.0107421875
2 0.60390625 0.4775390625 0.0171875 0.021484375
