7 0.585 0.3940625 0.005555555555555556 0.018125
7 0.38805555555555554 0.39625 0.006111111111111111 0.0175
7 0.8777777777777778 0.3171875 0.012222222222222223 0.044375
7 0.8547222222222223 0.3203125 0.011666666666666667 0.040625
9 0.5719444444444445 0.42375 0.02277777777777778 0.0275
9 0.8975 0.3375 0.03833333333333333 0.01375
1 0.8475 0.4771875 0.041666666666666664 0.065625
6 0.5372222222222223 0.43375 0.022222222222222223 0.02875
2 0.3488888888888889 0.471875 0.16 0.12125
2 0.6447222222222222 0.45 0.0661111111111111 0.04625
2 0.6097222222222223 0.44625 0.030555555555555555 0.04
2 0.5986111111111111 0.4446875 0.01611111111111111 0.033125
2 0.5897222222222223 0.441875 0.029444444444444443 0.03625
2 0.5536111111111112 0.44125 0.025 0.02
2 0.5241666666666667 0.44375 0.008333333333333333 0.00875
0 0.8488888888888889 0.4428125 0.035555555555555556 0.080625
8 0.8116666666666666 0.46375 0.016666666666666666 0.04125
