0 0.6282679738562091 0.5498046875 0.011437908496732025 0.0390625
0 0.6540032679738562 0.5498046875 0.012254901960784314 0.0390625
0 0.6711601307189542 0.54931640625 0.010620915032679739 0.0380859375
3 0.4562908496732026 0.55615234375 0.013888888888888888 0.0244140625
2 0.1454248366013072 0.68310546875 0.27124183006535946 0.2470703125
2 0.46486928104575165 0.52685546875 0.008169934640522876 0.0087890625
2 0.460375816993464 0.53076171875 0.012254901960784314 0.0126953125
2 0.4395424836601307 0.548828125 0.0196078431372549 0.025390625
2 0.41911764705882354 0.54541015625 0.021241830065359478 0.0205078125
2 0.3872549019607843 0.55859375 0.042483660130718956 0.037109375
0 0.4562908496732026 0.548828125 0.012254901960784314 0.0234375
