9 0.5984375 0.4296875 0.034375 0.015625
9 0.59765625 0.39111328125 0.0546875 0.0634765625
0 0.455078125 0.53466796875 0.03515625 0.0986328125
0 0.14140625 0.501953125 0.01875 0.0625
0 0.16015625 0.4814453125 0.0140625 0.029296875
0 0.296875 0.49755859375 0.025 0.0791015625
1 0.0640625 0.515625 0.0234375 0.048828125
1 0.086328125 0.52099609375 0.02265625 0.0458984375
1 0.11484375 0.5234375 0.0359375 0.04296875
1 0.491015625 0.5205078125 0.04140625 0.041015625
1 0.4953125 0.525390625 0.05625 0.033203125
2 0.029296875 0.5126953125 0.05859375 0.052734375
2 0.783203125 0.50830078125 0.11796875 0.0771484375
2 0.848046875 0.513671875 0.14296875 0.07421875
2 0.82734375 0.65380859375 0.3453125 0.2275390625
2 0.9265625 0.7294921875 0.146875 0.220703125
