7 0.27944444444444444 0.3771875 0.008888888888888889 0.035625
7 0.6341666666666667 0.4140625 0.006111111111111111 0.018125
0 0.8636111111111111 0.6053125 0.041666666666666664 0.073125
0 0.9261111111111111 0.524375 0.08222222222222222 0.27125
0 0.6191666666666666 0.499375 0.03388888888888889 0.05875
0 0.6422222222222222 0.4828125 0.025555555555555557 0.080625
6 0.7230555555555556 0.4559375 0.16166666666666665 0.166875
6 0.42388888888888887 0.4090625 0.2411111111111111 0.321875
2 0.2836111111111111 0.4640625 0.042777777777777776 0.041875
14 0.5977777777777777 0.45375 0.10888888888888888 0.13125
