7 0.826416015625 0.3688151041666667 0.02880859375 0.07096354166666667
7 0.59814453125 0.5358072916666666 0.0107421875 0.016927083333333332
0 0.795654296875 0.568359375 0.02001953125 0.05078125
1 0.616455078125 0.6139322916666666 0.02099609375 0.040364583333333336
1 0.9404296875 0.71875 0.0556640625 0.16145833333333334
1 0.10107421875 0.6429036458333334 0.0322265625 0.076171875
2 0.421630859375 0.5989583333333334 0.09228515625 0.08463541666666667
2 0.264404296875 0.6123046875 0.09033203125 0.08658854166666667
2 0.549560546875 0.6500651041666666 0.15771484375 0.177734375
0 0.61572265625 0.5882161458333334 0.0205078125 0.055338541666666664
8 0.76611328125 0.6422526041666666 0.0244140625 0.08268229166666667
