0 0.218017578125 0.5576171875 0.02685546875 0.10221354166666667
1 0.45947265625 0.5478515625 0.02734375 0.038411458333333336
2 0.076171875 0.5390625 0.08984375 0.13411458333333334
2 0.115234375 0.5247395833333334 0.0966796875 0.10286458333333333
2 0.19970703125 0.5227864583333334 0.0986328125 0.07552083333333333
2 0.242431640625 0.5201822916666666 0.04150390625 0.06770833333333333
2 0.311279296875 0.5364583333333334 0.11865234375 0.0625
2 0.35595703125 0.5361328125 0.0791015625 0.06315104166666667
2 0.872314453125 0.6481119791666666 0.19287109375 0.201171875
2 0.78076171875 0.6077473958333334 0.0810546875 0.134765625
2 0.777099609375 0.5833333333333334 0.11767578125 0.12760416666666666
2 0.720703125 0.5634765625 0.0693359375 0.103515625
2 0.683349609375 0.568359375 0.02099609375 0.052083333333333336
2 0.673828125 0.55078125 0.052734375 0.061197916666666664
2 0.65380859375 0.5384114583333334 0.0244140625 0.033854166666666664
2 0.6103515625 0.5400390625 0.0458984375 0.046223958333333336
2 0.52294921875 0.5315755208333334 0.0302734375 0.026692708333333332
2 0.54638671875 0.5260416666666666 0.0146484375 0.018229166666666668
2 0.55712890625 0.5240885416666666 0.0107421875 0.015625
2 0.562255859375 0.5205078125 0.00732421875 0.013671875
2 0.566650390625 0.5201822916666666 0.00634765625 0.01171875
0 0.46240234375 0.5341796875 0.021484375 0.059244791666666664
