7 0.6776960784313726 0.47119140625 0.005718954248366013 0.0224609375
7 0.5808823529411765 0.49072265625 0.0032679738562091504 0.0087890625
0 0.17973856209150327 0.51953125 0.03594771241830065 0.03515625
0 0.05473856209150327 0.55322265625 0.05065359477124183 0.0927734375
3 0.9154411764705882 0.72509765625 0.16094771241830066 0.2724609375
3 0.38235294117647056 0.5283203125 0.013071895424836602 0.02734375
3 0.3974673202614379 0.51904296875 0.010620915032679739 0.0166015625
3 0.9305555555555556 0.57080078125 0.06045751633986928 0.0439453125
2 0.7046568627450981 0.6025390625 0.23774509803921567 0.224609375
2 0.8492647058823529 0.5625 0.0923202614379085 0.1171875
2 0.5747549019607843 0.53271484375 0.04493464052287582 0.0478515625
2 0.5130718954248366 0.5322265625 0.05392156862745098 0.0703125
2 0.4485294117647059 0.5283203125 0.05718954248366013 0.0546875
2 0.1642156862745098 0.654296875 0.28921568627450983 0.234375
2 0.008986928104575163 0.55810546875 0.017973856209150325 0.0556640625
2 0.13848039215686275 0.52685546875 0.06944444444444445 0.0322265625
2 0.24673202614379086 0.51953125 0.05228758169934641 0.048828125
2 0.3472222222222222 0.51708984375 0.024509803921568627 0.0263671875
2 0.36642156862745096 0.515625 0.015522875816993464 0.01953125
2 0.3901143790849673 0.513671875 0.010620915032679739 0.015625
2 0.5424836601307189 0.51123046875 0.011437908496732025 0.0146484375
2 0.4133986928104575 0.51123046875 0.013071895424836602 0.0126953125
0 0.9105392156862745 0.64208984375 0.11356209150326797 0.2314453125
0 0.38235294117647056 0.5205078125 0.011437908496732025 0.029296875
0 0.397875816993464 0.513671875 0.006535947712418301 0.01171875
0 0.9211601307189542 0.5478515625 0.05473856209150327 0.060546875
