9 0.561328125 0.41796875 0.01328125 0.015625
9 0.56171875 0.427734375 0.0078125 0.005859375
9 0.402734375 0.4296875 0.01015625 0.013671875
9 0.403125 0.43798828125 0.0078125 0.0048828125
0 0.40234375 0.47412109375 0.0109375 0.0302734375
0 0.414453125 0.47802734375 0.01171875 0.0419921875
0 0.618359375 0.47607421875 0.01328125 0.0341796875
0 0.491015625 0.46337890625 0.00546875 0.0126953125
0 0.548828125 0.45947265625 0.00859375 0.0166015625
0 0.55703125 0.458984375 0.00625 0.017578125
1 0.298046875 0.55126953125 0.02578125 0.0771484375
1 0.531640625 0.59423828125 0.04921875 0.1455078125
1 0.430859375 0.48486328125 0.01171875 0.0283203125
2 0.033984375 0.64013671875 0.06796875 0.1669921875
2 0.087890625 0.60205078125 0.14140625 0.1474609375
2 0.2234375 0.54345703125 0.1078125 0.1142578125
2 0.26875 0.51708984375 0.0890625 0.0927734375
2 0.3140625 0.517578125 0.03125 0.0703125
2 0.312890625 0.50048828125 0.06328125 0.0830078125
2 0.35234375 0.50048828125 0.034375 0.0615234375
2 0.36796875 0.4990234375 0.0203125 0.05078125
2 0.38125 0.48974609375 0.028125 0.0361328125
2 0.391796875 0.4853515625 0.02734375 0.037109375
2 0.422265625 0.474609375 0.01015625 0.025390625
2 0.4375 0.470703125 0.009375 0.021484375
2 0.4453125 0.46826171875 0.0125 0.0205078125
2 0.453125 0.46484375 0.009375 0.015625
2 0.46171875 0.4599609375 0.0109375 0.015625
2 0.5046875 0.49365234375 0.0484375 0.0537109375
2 0.5015625 0.4638671875 0.0125 0.01171875
2 0.519921875 0.4658203125 0.02109375 0.021484375
2 0.580859375 0.50341796875 0.06484375 0.0537109375
2 0.555078125 0.48876953125 0.03984375 0.0419921875
2 0.595703125 0.46728515625 0.03828125 0.0263671875
2 0.6171875 0.47265625 0.01875 0.0390625
2 0.74921875 0.49951171875 0.08125 0.0849609375
2 0.8828125 0.5361328125 0.1234375 0.119140625
2 0.88515625 0.46826171875 0.121875 0.0478515625
2 0.95390625 0.54296875 0.0921875 0.1171875
2 0.96171875 0.49658203125 0.0765625 0.0458984375
2 0.966796875 0.46484375 0.06640625 0.02734375
2 0.66484375 0.54541015625 0.1515625 0.1533203125
0 0.430859375 0.47607421875 0.01328125 0.0419921875
0 0.53515625 0.56103515625 0.0546875 0.1591796875
0 0.2984375 0.53076171875 0.028125 0.0927734375
0 0.569140625 0.546875 0.02734375 0.119140625
