9 0.05859375 0.40869140625 0.01875 0.0283203125
9 0.648828125 0.40625 0.02265625 0.060546875
9 0.57890625 0.45703125 0.0125 0.04296875
0 0.66796875 0.56201171875 0.05 0.1513671875
0 0.337890625 0.4931640625 0.02421875 0.083984375
0 0.3203125 0.4951171875 0.0171875 0.080078125
0 0.12265625 0.4755859375 0.0171875 0.048828125
0 0.621875 0.4560546875 0.0140625 0.0390625
1 0.834765625 0.53759765625 0.06796875 0.0673828125
1 0.813671875 0.5361328125 0.07734375 0.064453125
1 0.2671875 0.52685546875 0.0375 0.0654296875
1 0.299609375 0.525390625 0.03203125 0.06640625
1 0.235546875 0.5185546875 0.02890625 0.05859375
1 0.06328125 0.5126953125 0.0265625 0.048828125
2 0.175 0.50732421875 0.1203125 0.0673828125
2 0.06328125 0.50048828125 0.0984375 0.0615234375
2 0.016796875 0.4912109375 0.03359375 0.056640625
0 0.062890625 0.4951171875 0.02265625 0.068359375
