7 0.7777777777777778 0.4287109375 0.011437908496732025 0.037109375
7 0.4889705882352941 0.44580078125 0.007352941176470588 0.0283203125
7 0.4354575163398693 0.455078125 0.00980392156862745 0.037109375
7 0.07107843137254902 0.501953125 0.006535947712418301 0.0078125
7 0.3897058823529412 0.4892578125 0.0032679738562091504 0.01171875
7 0.26633986928104575 0.4873046875 0.0032679738562091504 0.01171875
9 0.9767156862745098 0.4384765625 0.04330065359477124 0.048828125
9 0.9771241830065359 0.4755859375 0.03594771241830065 0.017578125
9 0.5232843137254902 0.44921875 0.008986928104575163 0.01171875
9 0.5236928104575164 0.4658203125 0.00980392156862745 0.013671875
9 0.5298202614379085 0.49462890625 0.008986928104575163 0.0126953125
9 0.4881535947712418 0.478515625 0.02042483660130719 0.0234375
9 0.43709150326797386 0.4814453125 0.017973856209150325 0.017578125
9 0.0755718954248366 0.4951171875 0.005718954248366013 0.0078125
9 0.3386437908496732 0.4931640625 0.02042483660130719 0.00390625
9 0.34844771241830064 0.5009765625 0.018790849673202614 0.00390625
0 0.9644607843137255 0.56982421875 0.015522875816993464 0.0966796875
0 0.8709150326797386 0.55126953125 0.027777777777777776 0.0908203125
0 0.8333333333333334 0.55712890625 0.02287581699346405 0.0810546875
2 0.06699346405228758 0.58740234375 0.12745098039215685 0.1142578125
2 0.7071078431372549 0.5302734375 0.0661764705882353 0.041015625
2 0.5690359477124183 0.56787109375 0.09722222222222222 0.1123046875
2 0.4513888888888889 0.53466796875 0.04820261437908497 0.0341796875
