9 0.9505555555555556 0.4221875 0.017777777777777778 0.026875
9 0.9494444444444444 0.390625 0.016666666666666666 0.035
9 0.27055555555555555 0.48 0.0077777777777777776 0.01625
9 0.2702777777777778 0.465625 0.007222222222222222 0.0125
9 0.5838888888888889 0.4678125 0.006666666666666667 0.013125
2 0.9161111111111111 0.5265625 0.16777777777777778 0.119375
2 0.5005555555555555 0.5125 0.04888888888888889 0.0525
2 0.4686111111111111 0.51375 0.021666666666666667 0.02625
2 0.45472222222222225 0.5121875 0.012777777777777779 0.019375
2 0.44027777777777777 0.516875 0.010555555555555556 0.0075
2 0.39666666666666667 0.5096875 0.03333333333333333 0.033125
2 0.37916666666666665 0.513125 0.010555555555555556 0.01625
2 0.36527777777777776 0.5134375 0.02277777777777778 0.023125
2 0.325 0.518125 0.042222222222222223 0.04
2 0.3036111111111111 0.526875 0.04833333333333333 0.04
0 0.9763888888888889 0.4890625 0.015 0.028125
8 0.1688888888888889 0.5496875 0.012222222222222223 0.028125
