4 0.53759765625 0.5257161458333334 0.1484375 0.11263020833333333
9 0.51611328125 0.490234375 0.0224609375 0.028645833333333332
9 0.699462890625 0.4899088541666667 0.01025390625 0.013671875
9 0.700439453125 0.50390625 0.00732421875 0.014322916666666666
9 0.629150390625 0.4990234375 0.00927734375 0.013671875
9 0.6298828125 0.51171875 0.0068359375 0.01171875
0 0.57666015625 0.5621744791666666 0.0224609375 0.080078125
0 0.603759765625 0.5572916666666666 0.01708984375 0.078125
0 0.769287109375 0.5436197916666666 0.01513671875 0.06640625
0 0.8037109375 0.5403645833333334 0.021484375 0.06510416666666667
1 0.826416015625 0.552734375 0.02392578125 0.037760416666666664
2 0.10400390625 0.6168619791666666 0.1455078125 0.142578125
2 0.2392578125 0.5979817708333334 0.1474609375 0.11393229166666667
2 0.373291015625 0.58203125 0.13525390625 0.09635416666666667
2 0.496826171875 0.5751953125 0.12744140625 0.08138020833333333
2 0.6318359375 0.5537109375 0.0390625 0.044921875
0 0.828125 0.5358072916666666 0.0205078125 0.05078125
6 0.8447265625 0.5198567708333334 0.0966796875 0.076171875
