0 0.2791666666666667 0.5659375 0.18722222222222223 0.400625
0 0.18388888888888888 0.5546875 0.23222222222222222 0.458125
0 0.6044444444444445 0.6396875 0.2811111111111111 0.581875
2 0.5358333333333334 0.4640625 0.03833333333333333 0.036875
2 0.06861111111111111 0.5078125 0.13722222222222222 0.175625
2 0.7652777777777777 0.479375 0.195 0.09875
0 0.4633333333333333 0.4690625 0.021111111111111112 0.075625
7 0.8202777777777778 0.3309375 0.02722222222222222 0.068125
7 0.6097222222222223 0.3378125 0.02277777777777778 0.024375
7 0.08638888888888889 0.3634375 0.020555555555555556 0.039375
7 0.10833333333333334 0.4075 0.013333333333333334 0.01375
