7 0.366015625 0.427734375 0.00859375 0.013671875
7 0.4140625 0.37060546875 0.0078125 0.0244140625
7 0.462890625 0.38720703125 0.00703125 0.0224609375
7 0.52265625 0.4228515625 0.009375 0.01171875
7 0.536328125 0.41943359375 0.01015625 0.0283203125
7 0.24921875 0.4326171875 0.0078125 0.01171875
9 0.217578125 0.43115234375 0.01796875 0.0302734375
9 0.81796875 0.36328125 0.0484375 0.015625
9 0.8140625 0.34521484375 0.0265625 0.0205078125
0 0.1390625 0.51416015625 0.01875 0.0673828125
0 0.305859375 0.4931640625 0.01328125 0.02734375
0 0.427734375 0.478515625 0.01171875 0.029296875
0 0.41875 0.47705078125 0.0125 0.0302734375
0 0.73125 0.5068359375 0.01875 0.0703125
0 0.707421875 0.490234375 0.02109375 0.0703125
0 0.724609375 0.48828125 0.01328125 0.05859375
0 0.965234375 0.50634765625 0.04296875 0.0478515625
0 0.9390625 0.4775390625 0.028125 0.046875
0 0.283984375 0.49267578125 0.00859375 0.0302734375
1 0.48984375 0.490234375 0.0078125 0.01953125
3 0.5203125 0.4873046875 0.03125 0.025390625
2 0.346484375 0.49267578125 0.06640625 0.0751953125
2 0.453125 0.46826171875 0.009375 0.0107421875
2 0.46953125 0.46923828125 0.0125 0.0107421875
2 0.478125 0.46923828125 0.0078125 0.0126953125
2 0.486328125 0.4697265625 0.01328125 0.013671875
2 0.503125 0.474609375 0.0171875 0.01953125
2 0.562109375 0.49072265625 0.06171875 0.0654296875
2 0.788671875 0.49267578125 0.06015625 0.0537109375
2 0.772265625 0.4736328125 0.06796875 0.0703125
2 0.900390625 0.482421875 0.06328125 0.052734375
2 0.96640625 0.4853515625 0.0671875 0.064453125
2 0.84765625 0.48876953125 0.0453125 0.0439453125
0 0.48984375 0.48046875 0.009375 0.029296875
6 0.745703125 0.46142578125 0.16328125 0.0751953125
