7 0.4297222222222222 0.4684375 0.002777777777777778 0.006875
7 0.5125 0.4621875 0.002777777777777778 0.004375
9 0.8613888888888889 0.33375 0.08277777777777778 0.1
9 0.8166666666666667 0.3359375 0.012222222222222223 0.099375
9 0.4988888888888889 0.4675 0.005555555555555556 0.00625
0 0.2263888888888889 0.45125 0.028333333333333332 0.0525
0 0.2733333333333333 0.4740625 0.016666666666666666 0.041875
0 0.28583333333333333 0.4725 0.013888888888888888 0.0425
0 0.29777777777777775 0.4734375 0.016666666666666666 0.038125
0 0.31083333333333335 0.4728125 0.013888888888888888 0.034375
0 0.325 0.473125 0.012222222222222223 0.03875
0 0.33361111111111114 0.4721875 0.012777777777777779 0.034375
0 0.3452777777777778 0.47 0.009444444444444445 0.03625
0 0.35444444444444445 0.4725 0.014444444444444444 0.045
0 0.3811111111111111 0.474375 0.01 0.03125
0 0.3933333333333333 0.471875 0.008888888888888889 0.0275
0 0.4125 0.4784375 0.006111111111111111 0.018125
0 0.020277777777777777 0.435625 0.026111111111111113 0.0275
0 0.37027777777777776 0.4746875 0.008333333333333333 0.026875
2 0.4436111111111111 0.48375 0.017222222222222222 0.01625
2 0.4666666666666667 0.479375 0.03111111111111111 0.0275
2 0.12666666666666668 0.5528125 0.25333333333333335 0.245625
