4 0.4693627450980392 0.50927734375 0.025326797385620915 0.0302734375
7 0.8823529411764706 0.34326171875 0.0196078431372549 0.0615234375
7 0.8782679738562091 0.54638671875 0.011437908496732025 0.0302734375
7 0.3202614379084967 0.515625 0.00980392156862745 0.03515625
7 0.32230392156862747 0.365234375 0.02369281045751634 0.0625
7 0.8500816993464052 0.453125 0.012254901960784314 0.03125
7 0.8353758169934641 0.451171875 0.010620915032679739 0.025390625
9 0.6168300653594772 0.462890625 0.014705882352941176 0.017578125
9 0.6168300653594772 0.4755859375 0.013071895424836602 0.005859375
9 0.6172385620915033 0.482421875 0.012254901960784314 0.0078125
9 0.7802287581699346 0.46630859375 0.03104575163398693 0.0341796875
9 0.32393790849673204 0.43017578125 0.04330065359477124 0.0478515625
9 0.3243464052287582 0.46142578125 0.03431372549019608 0.0126953125
9 0.5334967320261438 0.48974609375 0.008169934640522876 0.0087890625
0 0.6323529411764706 0.537109375 0.014705882352941176 0.046875
0 0.6638071895424836 0.53759765625 0.010620915032679739 0.0419921875
0 0.6499183006535948 0.53759765625 0.013888888888888888 0.0478515625
0 0.6768790849673203 0.5380859375 0.013888888888888888 0.044921875
0 0.5694444444444444 0.52587890625 0.008169934640522876 0.0224609375
0 0.9101307189542484 0.58642578125 0.03758169934640523 0.1240234375
0 0.9468954248366013 0.58447265625 0.03594771241830065 0.1064453125
0 0.9763071895424836 0.5859375 0.03104575163398693 0.13671875
0 0.8333333333333334 0.64892578125 0.07679738562091504 0.2646484375
0 0.06209150326797386 0.5947265625 0.06535947712418301 0.21484375
0 0.5285947712418301 0.537109375 0.014705882352941176 0.03515625
0 0.3402777777777778 0.525390625 0.008986928104575163 0.03515625
0 0.3627450980392157 0.52392578125 0.006535947712418301 0.0244140625
0 0.3713235294117647 0.5234375 0.007352941176470588 0.025390625
0 0.377859477124183 0.52490234375 0.007352941176470588 0.0244140625
2 0.9248366013071896 0.56591796875 0.09313725490196079 0.0693359375
2 0.46486928104575165 0.61865234375 0.1830065359477124 0.1904296875
