9 0.705078125 0.37939453125 0.03046875 0.0380859375
9 0.705078125 0.40185546875 0.01796875 0.0068359375
9 0.34609375 0.400390625 0.021875 0.02734375
9 0.3453125 0.41650390625 0.0140625 0.0048828125
0 0.764453125 0.51806640625 0.02109375 0.0869140625
0 0.580859375 0.4716796875 0.01328125 0.044921875
0 0.399609375 0.490234375 0.02265625 0.056640625
0 0.326953125 0.57373046875 0.05390625 0.2138671875
0 0.278125 0.57763671875 0.0515625 0.2001953125
0 0.221875 0.57958984375 0.053125 0.2060546875
1 0.819140625 0.7529296875 0.05390625 0.173828125
1 0.744140625 0.5107421875 0.02421875 0.0390625
2 0.930859375 0.54345703125 0.10078125 0.1044921875
2 0.9046875 0.5341796875 0.1171875 0.09375
2 0.9 0.513671875 0.1390625 0.076171875
2 0.81328125 0.5087890625 0.084375 0.0703125
2 0.726953125 0.48876953125 0.09921875 0.0498046875
2 0.7265625 0.4677734375 0.0953125 0.02734375
2 0.6734375 0.4912109375 0.0234375 0.033203125
2 0.545703125 0.4755859375 0.03515625 0.0390625
2 0.529296875 0.474609375 0.01640625 0.03515625
2 0.5234375 0.4716796875 0.01875 0.03125
2 0.5125 0.4697265625 0.0125 0.021484375
2 0.508203125 0.4677734375 0.01484375 0.017578125
2 0.503125 0.46435546875 0.015625 0.0166015625
2 0.49765625 0.46044921875 0.0140625 0.0146484375
2 0.489453125 0.45654296875 0.00859375 0.0107421875
2 0.44453125 0.4560546875 0.0125 0.017578125
2 0.437109375 0.45947265625 0.01640625 0.0185546875
2 0.434375 0.46240234375 0.015625 0.0205078125
2 0.423046875 0.46826171875 0.02578125 0.0283203125
2 0.415625 0.47412109375 0.021875 0.0283203125
2 0.403515625 0.478515625 0.02734375 0.03515625
2 0.37578125 0.4892578125 0.046875 0.046875
2 0.155078125 0.595703125 0.19296875 0.173828125
2 0.255078125 0.556640625 0.10546875 0.12109375
0 0.8171875 0.6591796875 0.0859375 0.306640625
