7 0.4125 0.398125 0.0038888888888888888 0.01125
7 0.4325 0.40375 0.002777777777777778 0.00875
7 0.4627777777777778 0.403125 0.0033333333333333335 0.00875
7 0.49444444444444446 0.42375 0.0022222222222222222 0.0075
9 0.40555555555555556 0.3959375 0.006666666666666667 0.006875
9 0.6163888888888889 0.388125 0.026111111111111113 0.025
9 0.6158333333333333 0.3540625 0.035 0.039375
0 0.7488888888888889 0.496875 0.06777777777777778 0.19
0 0.20166666666666666 0.44375 0.005555555555555556 0.02125
2 0.36194444444444446 0.4440625 0.03388888888888889 0.018125
2 0.38805555555555554 0.4434375 0.035 0.018125
2 0.44333333333333336 0.4559375 0.07666666666666666 0.083125
2 0.8208333333333333 0.4525 0.09388888888888888 0.04875
2 0.8941666666666667 0.44375 0.0961111111111111 0.0425
2 0.9625 0.433125 0.05611111111111111 0.0325
2 0.9852777777777778 0.431875 0.029444444444444443 0.02625
4 0.3125 0.438125 0.05388888888888889 0.0575
