9 0.7152777777777778 0.39875 0.010555555555555556 0.02875
0 0.4266666666666667 0.4675 0.011111111111111112 0.03625
0 0.5455555555555556 0.474375 0.03111111111111111 0.1125
0 0.5141666666666667 0.4715625 0.03388888888888889 0.119375
2 0.15916666666666668 0.485 0.1461111111111111 0.08875
2 0.29888888888888887 0.4815625 0.1511111111111111 0.179375
2 0.565 0.4740625 0.19111111111111112 0.085625
2 0.4683333333333333 0.4809375 0.04111111111111111 0.065625
2 0.3869444444444444 0.471875 0.04388888888888889 0.02875
2 0.40305555555555556 0.4634375 0.03722222222222222 0.026875
