4 0.4730392156862745 0.37158203125 0.10457516339869281 0.1982421875
7 0.8815359477124183 0.369140625 0.011437908496732025 0.013671875
7 0.633578431372549 0.33642578125 0.02042483660130719 0.0556640625
7 0.5698529411764706 0.36669921875 0.010620915032679739 0.0380859375
7 0.39705882352941174 0.34716796875 0.011437908496732025 0.0341796875
7 0.32679738562091504 0.328125 0.021241830065359478 0.0546875
7 0.8872549019607843 0.38330078125 0.00980392156862745 0.0126953125
7 0.8815359477124183 0.44189453125 0.004901960784313725 0.0126953125
9 0.6356209150326797 0.43994140625 0.014705882352941176 0.0166015625
9 0.6102941176470589 0.43408203125 0.00980392156862745 0.0107421875
0 0.33578431372549017 0.42431640625 0.017973856209150325 0.0869140625
0 0.9109477124183006 0.4521484375 0.0196078431372549 0.072265625
0 0.5261437908496732 0.42236328125 0.011437908496732025 0.0380859375
6 0.7185457516339869 0.41259765625 0.14133986928104575 0.1416015625
6 0.5424836601307189 0.40625 0.027777777777777776 0.0390625
3 0.5469771241830066 0.458984375 0.041666666666666664 0.072265625
2 0.05514705882352941 0.482421875 0.11029411764705882 0.119140625
2 0.5898692810457516 0.42529296875 0.032679738562091505 0.0283203125
0 0.5494281045751634 0.4423828125 0.03676470588235294 0.09375
