0 0.95 0.759765625 0.1 0.48046875
1 0.346875 0.7646484375 0.0984375 0.232421875
1 0.340234375 0.5498046875 0.01484375 0.04296875
2 0.6078125 0.4453125 0.0171875 0.021484375
2 0.05703125 0.67724609375 0.1140625 0.2451171875
2 0.211328125 0.56396484375 0.13515625 0.1455078125
2 0.26328125 0.53662109375 0.0875 0.1162109375
2 0.306640625 0.50634765625 0.03984375 0.0576171875
2 0.32734375 0.50927734375 0.071875 0.0830078125
2 0.374609375 0.50732421875 0.03671875 0.0615234375
2 0.41875 0.48291015625 0.040625 0.0380859375
2 0.44765625 0.4755859375 0.0296875 0.03125
2 0.459375 0.4697265625 0.0328125 0.03515625
2 0.476953125 0.4716796875 0.01171875 0.02734375
2 0.488671875 0.46728515625 0.02421875 0.0244140625
2 0.50546875 0.46484375 0.0203125 0.021484375
2 0.531640625 0.46044921875 0.02734375 0.0185546875
2 0.541796875 0.4580078125 0.01640625 0.01953125
2 0.56015625 0.4560546875 0.025 0.017578125
2 0.571875 0.48291015625 0.0375 0.0400390625
2 0.58203125 0.46923828125 0.0296875 0.0361328125
2 0.687109375 0.46337890625 0.03203125 0.0400390625
2 0.69375 0.46630859375 0.01875 0.0341796875
2 0.6078125 0.529296875 0.053125 0.07421875
2 0.667578125 0.53466796875 0.10390625 0.0966796875
2 0.68984375 0.5595703125 0.121875 0.12109375
2 0.78359375 0.59912109375 0.1828125 0.1611328125
2 0.580859375 0.44775390625 0.01796875 0.0107421875
2 0.607421875 0.4619140625 0.02265625 0.025390625
0 0.33671875 0.68115234375 0.115625 0.3115234375
0 0.334765625 0.5244140625 0.02578125 0.078125
2 0.755078125 0.46142578125 0.11171875 0.0498046875
