2 0.635 0.4725 0.11 0.09875
2 0.585 0.4446875 0.08333333333333333 0.074375
2 0.5383333333333333 0.4284375 0.04111111111111111 0.041875
2 0.5108333333333334 0.410625 0.026111111111111113 0.0325
2 0.26944444444444443 0.4625 0.14444444444444443 0.1325
2 0.39805555555555555 0.4246875 0.03611111111111111 0.035625
2 0.4177777777777778 0.413125 0.028888888888888888 0.02625
2 0.4288888888888889 0.4053125 0.022222222222222223 0.024375
2 0.44027777777777777 0.3953125 0.015 0.015625
2 0.4419444444444444 0.3878125 0.013888888888888888 0.011875
2 0.44305555555555554 0.380625 0.013888888888888888 0.00875
2 0.4891666666666667 0.38125 0.018333333333333333 0.01375
