2 0.128173828125 0.6689453125 0.19482421875 0.3548177083333333
2 0.3447265625 0.5927734375 0.1484375 0.126953125
2 0.41748046875 0.5716145833333334 0.05859375 0.09765625
2 0.43896484375 0.5540364583333334 0.0810546875 0.10286458333333333
2 0.48486328125 0.5618489583333334 0.0205078125 0.05859375
2 0.489990234375 0.5455729166666666 0.04052734375 0.0546875
2 0.51123046875 0.5413411458333334 0.029296875 0.048828125
2 0.54833984375 0.5384114583333334 0.0615234375 0.045572916666666664
2 0.848388671875 0.6194661458333334 0.14794921875 0.13606770833333334
2 0.780517578125 0.5914713541666666 0.05322265625 0.09049479166666667
2 0.7470703125 0.572265625 0.068359375 0.07942708333333333
2 0.71240234375 0.5647786458333334 0.0341796875 0.061848958333333336
2 0.696044921875 0.5572916666666666 0.02978515625 0.057291666666666664
2 0.6904296875 0.5472005208333334 0.03515625 0.052734375
2 0.660888671875 0.5436197916666666 0.02783203125 0.026041666666666668
2 0.650390625 0.5302734375 0.025390625 0.031901041666666664
9 0.725341796875 0.4957682291666667 0.02197265625 0.025390625
9 0.7255859375 0.5113932291666666 0.0078125 0.005859375
