7 0.4336111111111111 0.4575 0.0016666666666666668 0.005
9 0.24722222222222223 0.420625 0.008888888888888889 0.01375
9 0.06388888888888888 0.410625 0.015555555555555555 0.02625
9 0.06472222222222222 0.376875 0.03388888888888889 0.0425
0 0.9347222222222222 0.4746875 0.03722222222222222 0.140625
1 0.7405555555555555 0.5228125 0.04555555555555556 0.104375
2 0.08305555555555555 0.5978125 0.1661111111111111 0.311875
2 0.19277777777777777 0.499375 0.10222222222222223 0.07375
2 0.2761111111111111 0.4840625 0.07222222222222222 0.049375
2 0.31805555555555554 0.470625 0.04388888888888889 0.05375
2 0.36027777777777775 0.4828125 0.07944444444444444 0.066875
2 0.40694444444444444 0.4684375 0.03833333333333333 0.036875
2 0.4275 0.4665625 0.015 0.021875
2 0.43972222222222224 0.4684375 0.013888888888888888 0.016875
2 0.4488888888888889 0.469375 0.0077777777777777776 0.0125
2 0.455 0.4684375 0.008888888888888889 0.010625
2 0.4747222222222222 0.468125 0.01611111111111111 0.01125
2 0.4905555555555556 0.4678125 0.014444444444444444 0.011875
2 0.8111111111111111 0.4690625 0.09222222222222222 0.048125
2 0.6919444444444445 0.455625 0.04611111111111111 0.02875
2 0.67 0.451875 0.03111111111111111 0.0125
2 0.6375 0.4465625 0.042777777777777776 0.014375
2 0.9461111111111111 0.455625 0.10777777777777778 0.0275
0 0.7441666666666666 0.4846875 0.04833333333333333 0.135625
