7 0.07777777777777778 0.276875 0.021111111111111112 0.0525
7 0.115 0.4303125 0.0077777777777777776 0.019375
7 0.125 0.4290625 0.006666666666666667 0.018125
7 0.11555555555555555 0.4559375 0.005555555555555556 0.009375
7 0.6122222222222222 0.4034375 0.006666666666666667 0.019375
7 0.45166666666666666 0.418125 0.006666666666666667 0.0075
7 0.4738888888888889 0.418125 0.005555555555555556 0.0075
7 0.615 0.4278125 0.005555555555555556 0.010625
7 0.4905555555555556 0.3359375 0.01 0.025625
9 0.12527777777777777 0.46 0.007222222222222222 0.0125
9 0.5705555555555556 0.4259375 0.017777777777777778 0.023125
9 0.6775 0.3628125 0.020555555555555556 0.046875
9 0.48194444444444445 0.418125 0.0038888888888888888 0.00625
9 0.4338888888888889 0.42 0.0044444444444444444 0.00625
9 0.6891666666666667 0.399375 0.010555555555555556 0.02125
0 0.6236111111111111 0.4621875 0.012777777777777779 0.036875
0 0.6538888888888889 0.451875 0.008888888888888889 0.0325
0 0.9061111111111111 0.4340625 0.027777777777777776 0.041875
2 0.04722222222222222 0.506875 0.09444444444444444 0.0875
2 0.2638888888888889 0.481875 0.035555555555555556 0.0275
2 0.30944444444444447 0.4765625 0.03888888888888889 0.036875
2 0.3338888888888889 0.4696875 0.022222222222222223 0.023125
2 0.37 0.47 0.02666666666666667 0.025
2 0.3869444444444444 0.4653125 0.013888888888888888 0.016875
2 0.4091666666666667 0.463125 0.017222222222222222 0.01625
2 0.4211111111111111 0.46 0.0077777777777777776 0.00875
2 0.4508333333333333 0.4625 0.018333333333333333 0.01875
2 0.4811111111111111 0.4671875 0.04555555555555556 0.046875
2 0.5319444444444444 0.463125 0.025 0.0275
2 0.5180555555555556 0.4603125 0.015 0.021875
2 0.6297222222222222 0.4575 0.029444444444444443 0.025
2 0.705 0.450625 0.025555555555555557 0.02625
2 0.8408333333333333 0.515 0.245 0.17125
2 0.43944444444444447 0.4575 0.01 0.01
2 0.42694444444444446 0.45875 0.006111111111111111 0.0075
2 0.5102777777777778 0.4578125 0.008333333333333333 0.014375
2 0.5 0.45375 0.01 0.01875
8 0.5769444444444445 0.4690625 0.008333333333333333 0.018125
