2 0.067138671875 0.560546875 0.07470703125 0.12630208333333334
2 0.30859375 0.591796875 0.134765625 0.13020833333333334
2 0.393798828125 0.5732421875 0.06298828125 0.09440104166666667
2 0.421142578125 0.5628255208333334 0.03857421875 0.07747395833333333
2 0.4501953125 0.5481770833333334 0.048828125 0.07942708333333333
2 0.46923828125 0.54296875 0.029296875 0.06640625
2 0.483154296875 0.541015625 0.02783203125 0.05859375
2 0.51220703125 0.529296875 0.0380859375 0.045572916666666664
2 0.538330078125 0.525390625 0.02099609375 0.036458333333333336
2 0.54052734375 0.5149739583333334 0.0302734375 0.03515625
2 0.627685546875 0.5094401041666666 0.01123046875 0.016276041666666668
2 0.6357421875 0.513671875 0.01171875 0.020833333333333332
2 0.65283203125 0.5208333333333334 0.0283203125 0.032552083333333336
2 0.747314453125 0.529296875 0.03076171875 0.026041666666666668
2 0.769287109375 0.537109375 0.03759765625 0.044270833333333336
2 0.90283203125 0.552734375 0.0751953125 0.10416666666666667
2 0.91650390625 0.6735026041666666 0.10546875 0.216796875
0 0.7275390625 0.5641276041666666 0.0224609375 0.12825520833333334
0 0.716552734375 0.5748697916666666 0.03662109375 0.15364583333333334
0 0.810546875 0.6057942708333334 0.0810546875 0.2727864583333333
11 0.7119140625 0.6569010416666666 0.015625 0.010416666666666666
11 0.80078125 0.7496744791666666 0.021484375 0.014973958333333334
11 0.727783203125 0.6324869791666666 0.01318359375 0.011067708333333334
