4 0.47263071895424835 0.46533203125 0.07924836601307189 0.0771484375
4 0.5870098039215687 0.44140625 0.02696078431372549 0.013671875
4 0.8782679738562091 0.43994140625 0.2434640522875817 0.3505859375
4 0.6809640522875817 0.43603515625 0.07761437908496732 0.0986328125
4 0.6343954248366013 0.4404296875 0.02369281045751634 0.037109375
4 0.6131535947712419 0.4443359375 0.018790849673202614 0.0234375
7 0.5012254901960784 0.390625 0.008986928104575163 0.025390625
7 0.5763888888888888 0.43212890625 0.0024509803921568627 0.0068359375
7 0.7320261437908496 0.41015625 0.004901960784313725 0.013671875
7 0.7626633986928104 0.3818359375 0.008986928104575163 0.025390625
7 0.5833333333333334 0.43359375 0.0016339869281045752 0.00390625
9 0.14665032679738563 0.33447265625 0.02042483660130719 0.0322265625
9 0.16911764705882354 0.3642578125 0.04084967320261438 0.015625
9 0.5126633986928104 0.44287109375 0.007352941176470588 0.0087890625
9 0.5351307189542484 0.4296875 0.011437908496732025 0.013671875
9 0.5559640522875817 0.43505859375 0.005718954248366013 0.0068359375
9 0.7275326797385621 0.42236328125 0.007352941176470588 0.0107421875
9 0.4027777777777778 0.43896484375 0.014705882352941176 0.0185546875
9 0.3553921568627451 0.44384765625 0.004901960784313725 0.0107421875
9 0.3562091503267974 0.4521484375 0.006535947712418301 0.0078125
9 0.1409313725490196 0.38232421875 0.012254901960784314 0.0458984375
9 0.42606209150326796 0.3974609375 0.018790849673202614 0.033203125
0 0.23937908496732027 0.50634765625 0.02287581699346405 0.0654296875
0 0.2785947712418301 0.50048828125 0.021241830065359478 0.0673828125
0 0.41380718954248363 0.4833984375 0.012254901960784314 0.048828125
0 0.42320261437908496 0.4833984375 0.013071895424836602 0.04296875
0 0.7561274509803921 0.458984375 0.013888888888888888 0.044921875
0 0.7463235294117647 0.45458984375 0.007352941176470588 0.0263671875
0 0.7397875816993464 0.4560546875 0.007352941176470588 0.029296875
0 0.7312091503267973 0.45458984375 0.006535947712418301 0.0224609375
0 0.7258986928104575 0.451171875 0.005718954248366013 0.025390625
0 0.6683006535947712 0.41015625 0.017973856209150325 0.037109375
0 0.7091503267973857 0.4287109375 0.017973856209150325 0.02734375
0 0.7459150326797386 0.43115234375 0.011437908496732025 0.0263671875
0 0.11519607843137254 0.5009765625 0.017973856209150325 0.041015625
0 0.4293300653594771 0.48046875 0.007352941176470588 0.033203125
3 0.5138888888888888 0.5078125 0.03594771241830065 0.076171875
3 0.6160130718954249 0.46337890625 0.00980392156862745 0.0166015625
2 0.3582516339869281 0.490234375 0.031862745098039214 0.03125
2 0.5841503267973857 0.4755859375 0.04738562091503268 0.046875
2 0.5821078431372549 0.44970703125 0.025326797385620915 0.0107421875
2 0.6025326797385621 0.45751953125 0.015522875816993464 0.0185546875
0 0.5138888888888888 0.48291015625 0.032679738562091505 0.0673828125
0 0.6156045751633987 0.45703125 0.008986928104575163 0.01953125
