9 0.8305555555555556 0.5459375 0.05555555555555555 0.158125
9 0.3536111111111111 0.4353125 0.009444444444444445 0.014375
9 0.37916666666666665 0.44125 0.018333333333333333 0.0075
9 0.415 0.4696875 0.008888888888888889 0.013125
9 0.5313888888888889 0.4571875 0.013888888888888888 0.004375
2 0.9233333333333333 0.5384375 0.13777777777777778 0.108125
2 0.46694444444444444 0.484375 0.013888888888888888 0.01375
2 0.49916666666666665 0.485 0.009444444444444445 0.01
2 0.5111111111111111 0.4846875 0.011111111111111112 0.010625
2 0.515 0.488125 0.012222222222222223 0.01125
