7 0.6513888888888889 0.231875 0.019444444444444445 0.0475
7 0.7905555555555556 0.2315625 0.017777777777777778 0.045625
7 0.9741666666666666 0.2865625 0.012777777777777779 0.035625
7 0.8791666666666667 0.36375 0.008333333333333333 0.02125
7 0.44027777777777777 0.2928125 0.013888888888888888 0.034375
7 0.5344444444444445 0.2821875 0.013333333333333334 0.034375
7 0.19194444444444445 0.389375 0.013888888888888888 0.03125
7 0.12277777777777778 0.4109375 0.012222222222222223 0.013125
7 0.14222222222222222 0.388125 0.01 0.03
7 0.08444444444444445 0.2475 0.01888888888888889 0.045
7 0.11027777777777778 0.27 0.01611111111111111 0.0375
9 0.7033333333333334 0.2275 0.04 0.0275
9 0.9294444444444444 0.2728125 0.03666666666666667 0.014375
9 0.9919444444444444 0.2871875 0.01611111111111111 0.021875
9 0.8291666666666667 0.36875 0.015 0.01625
9 0.8297222222222222 0.3815625 0.009444444444444445 0.008125
9 0.49166666666666664 0.2840625 0.03333333333333333 0.026875
9 0.3497222222222222 0.3203125 0.03388888888888889 0.015625
9 0.4072222222222222 0.389375 0.01 0.02125
0 0.23055555555555557 0.465 0.035555555555555556 0.0975
2 0.935 0.4965625 0.13 0.223125
2 0.5213888888888889 0.4246875 0.019444444444444445 0.020625
2 0.5158333333333334 0.4290625 0.013888888888888888 0.020625
2 0.49916666666666665 0.4296875 0.030555555555555555 0.029375
2 0.5438888888888889 0.4265625 0.03 0.031875
2 0.6022222222222222 0.4103125 0.024444444444444446 0.006875
2 0.6311111111111111 0.515625 0.24 0.205
