7 0.595 0.4259375 0.0044444444444444444 0.011875
7 0.5886111111111111 0.4325 0.0038888888888888888 0.01
7 0.5480555555555555 0.4075 0.0038888888888888888 0.01125
7 0.54 0.3959375 0.0044444444444444444 0.014375
7 0.5052777777777778 0.434375 0.002777777777777778 0.00875
9 0.8094444444444444 0.3746875 0.01888888888888889 0.021875
9 0.8094444444444444 0.401875 0.013333333333333334 0.0225
9 0.9083333333333333 0.34 0.025555555555555557 0.03
9 0.9097222222222222 0.3775 0.01611111111111111 0.03
0 0.5694444444444444 0.461875 0.0044444444444444444 0.0125
0 0.5291666666666667 0.46875 0.006111111111111111 0.0175
0 0.52 0.464375 0.008888888888888889 0.02625
0 0.3827777777777778 0.466875 0.012222222222222223 0.03875
0 0.37083333333333335 0.4703125 0.013888888888888888 0.043125
1 0.6266666666666667 0.47375 0.014444444444444444 0.0225
1 0.6402777777777777 0.473125 0.009444444444444445 0.0225
1 0.5966666666666667 0.4659375 0.006666666666666667 0.018125
1 0.4911111111111111 0.47875 0.011111111111111112 0.02375
1 0.4688888888888889 0.4728125 0.008888888888888889 0.019375
1 0.4502777777777778 0.4734375 0.013888888888888888 0.024375
1 0.4336111111111111 0.4771875 0.013888888888888888 0.026875
1 0.4216666666666667 0.478125 0.015555555555555555 0.025
2 0.9208333333333333 0.5303125 0.15833333333333333 0.161875
2 0.8461111111111111 0.5028125 0.14555555555555555 0.118125
2 0.7558333333333334 0.485625 0.09722222222222222 0.08625
2 0.6722222222222223 0.4746875 0.05444444444444444 0.048125
2 0.5388888888888889 0.4625 0.016666666666666666 0.0125
2 0.2986111111111111 0.4715625 0.07166666666666667 0.039375
0 0.49194444444444446 0.468125 0.010555555555555556 0.03
