7 0.5269607843137255 0.36279296875 0.004901960784313725 0.0185546875
7 0.9117647058823529 0.42822265625 0.0032679738562091504 0.0087890625
7 0.9007352941176471 0.4326171875 0.0024509803921568627 0.0078125
7 0.8852124183006536 0.4296875 0.004084967320261438 0.01171875
7 0.9178921568627451 0.431640625 0.0024509803921568627 0.0078125
7 0.733251633986928 0.357421875 0.010620915032679739 0.013671875
9 0.45302287581699346 0.25634765625 0.09558823529411764 0.0283203125
9 0.45751633986928103 0.216796875 0.05718954248366013 0.046875
9 0.49060457516339867 0.22021484375 0.028594771241830064 0.0439453125
9 0.6115196078431373 0.3603515625 0.04820261437908497 0.029296875
9 0.5947712418300654 0.380859375 0.008169934640522876 0.009765625
9 0.5175653594771242 0.376953125 0.008986928104575163 0.009765625
0 0.47263071895424835 0.41796875 0.025326797385620915 0.099609375
0 0.5134803921568627 0.41748046875 0.02042483660130719 0.0732421875
3 0.7610294117647058 0.68701171875 0.4305555555555556 0.4462890625
2 0.8206699346405228 0.482421875 0.16094771241830066 0.115234375
2 0.7328431372549019 0.46240234375 0.08660130718954248 0.0810546875
2 0.6809640522875817 0.43212890625 0.08415032679738563 0.0771484375
2 0.6356209150326797 0.43505859375 0.03594771241830065 0.0517578125
2 0.608251633986928 0.42626953125 0.059640522875817 0.0419921875
2 0.5735294117647058 0.4169921875 0.05065359477124183 0.037109375
2 0.5330882352941176 0.40869140625 0.02696078431372549 0.0361328125
2 0.9080882352941176 0.45263671875 0.02042483660130719 0.0166015625
