7 0.36151960784313725 0.51025390625 0.0024509803921568627 0.0048828125
7 0.35498366013071897 0.50927734375 0.0024509803921568627 0.0048828125
7 0.6102941176470589 0.48876953125 0.004901960784313725 0.0146484375
9 0.18995098039215685 0.44091796875 0.025326797385620915 0.0302734375
9 0.18790849673202614 0.46240234375 0.02287581699346405 0.0146484375
0 0.8517156862745098 0.55126953125 0.01715686274509804 0.0517578125
0 0.3006535947712418 0.52392578125 0.008169934640522876 0.0263671875
0 0.2908496732026144 0.52392578125 0.006535947712418301 0.0244140625
0 0.28431372549019607 0.52294921875 0.008169934640522876 0.0263671875
0 0.27941176470588236 0.5224609375 0.006535947712418301 0.025390625
0 0.2602124183006536 0.521484375 0.007352941176470588 0.021484375
0 0.36356209150326796 0.5283203125 0.00980392156862745 0.021484375
2 0.24591503267973855 0.52197265625 0.024509803921568627 0.0205078125
2 0.29534313725490197 0.52197265625 0.04820261437908497 0.0244140625
2 0.3909313725490196 0.52734375 0.04330065359477124 0.017578125
2 0.4199346405228758 0.6533203125 0.22549019607843138 0.224609375
2 0.48080065359477125 0.5341796875 0.1315359477124183 0.162109375
2 0.04084967320261438 0.72119140625 0.08169934640522876 0.2431640625
2 0.03308823529411765 0.52392578125 0.056372549019607844 0.0478515625
