7 0.62841796875 0.5182291666666666 0.0078125 0.015625
7 0.40625 0.5188802083333334 0.009765625 0.015625
7 0.2998046875 0.5188802083333334 0.005859375 0.022135416666666668
7 0.28076171875 0.5416666666666666 0.0087890625 0.016927083333333332
9 0.943603515625 0.44921875 0.01806640625 0.036458333333333336
9 0.943603515625 0.4055989583333333 0.04345703125 0.048177083333333336
9 0.62744140625 0.5458984375 0.0078125 0.018880208333333332
9 0.409423828125 0.5436197916666666 0.00927734375 0.018229166666666668
9 0.10400390625 0.4658203125 0.04296875 0.048828125
0 0.322998046875 0.57421875 0.01220703125 0.040364583333333336
2 0.919189453125 0.66796875 0.12548828125 0.24479166666666666
2 0.845947265625 0.6363932291666666 0.13916015625 0.15559895833333334
2 0.553466796875 0.576171875 0.02001953125 0.020833333333333332
2 0.37841796875 0.6188151041666666 0.103515625 0.087890625
