4 0.42034313725490197 0.3837890625 0.049836601307189546 0.068359375
4 0.49673202614379086 0.396484375 0.014705882352941176 0.0234375
7 0.6752450980392157 0.26123046875 0.03839869281045752 0.1103515625
7 0.5829248366013072 0.33544921875 0.015522875816993464 0.0498046875
9 0.9089052287581699 0.37890625 0.013888888888888888 0.0234375
0 0.44607843137254904 0.40234375 0.006535947712418301 0.015625
2 0.14338235294117646 0.4970703125 0.2867647058823529 0.341796875
2 0.5416666666666666 0.591796875 0.36437908496732024 0.361328125
2 0.8059640522875817 0.447265625 0.08251633986928104 0.060546875
2 0.7214052287581699 0.4365234375 0.06535947712418301 0.07421875
2 0.627859477124183 0.4208984375 0.04330065359477124 0.029296875
2 0.49468954248366015 0.40234375 0.015522875816993464 0.013671875
0 0.5249183006535948 0.39794921875 0.04493464052287582 0.0322265625
