9 0.26861111111111113 0.419375 0.05277777777777778 0.02125
9 0.44666666666666666 0.44625 0.0077777777777777776 0.00875
9 0.4469444444444444 0.4521875 0.005 0.003125
9 0.555 0.448125 0.0044444444444444444 0.005
9 0.5647222222222222 0.4446875 0.007222222222222222 0.006875
9 0.565 0.45 0.006666666666666667 0.00375
9 0.5986111111111111 0.4321875 0.006111111111111111 0.013125
9 0.7586111111111111 0.385 0.02722222222222222 0.03125
9 0.7591666666666667 0.4071875 0.021666666666666667 0.011875
2 0.4766666666666667 0.4659375 0.017777777777777778 0.016875
2 0.5116666666666667 0.465625 0.04555555555555556 0.04375
