9 0.5134803921568627 0.48876953125 0.012254901960784314 0.0146484375
9 0.8198529411764706 0.42138671875 0.022058823529411766 0.0185546875
9 0.5147058823529411 0.32373046875 0.017973856209150325 0.0224609375
9 0.5473856209150327 0.32421875 0.017973856209150325 0.021484375
9 0.5665849673202614 0.32177734375 0.018790849673202614 0.0244140625
9 0.5841503267973857 0.32763671875 0.013071895424836602 0.0126953125
9 0.6000816993464052 0.32177734375 0.018790849673202614 0.0224609375
9 0.5306372549019608 0.34912109375 0.05310457516339869 0.0283203125
9 0.5825163398692811 0.3681640625 0.05392156862745098 0.0390625
9 0.5833333333333334 0.341796875 0.05065359477124183 0.015625
9 0.5306372549019608 0.37451171875 0.051470588235294115 0.0244140625
9 0.0763888888888889 0.46435546875 0.02696078431372549 0.0361328125
9 0.07802287581699346 0.49951171875 0.025326797385620915 0.0341796875
9 0.3602941176470588 0.44189453125 0.03758169934640523 0.0166015625
9 0.3235294117647059 0.4619140625 0.0196078431372549 0.0234375
9 0.40808823529411764 0.44921875 0.015522875816993464 0.0078125
9 0.4166666666666667 0.4609375 0.00980392156862745 0.01171875
9 0.40441176470588236 0.4609375 0.008169934640522876 0.009765625
9 0.8962418300653595 0.3974609375 0.08006535947712418 0.033203125
9 0.460375816993464 0.46435546875 0.01715686274509804 0.0068359375
3 0.042075163398692814 0.4970703125 0.02369281045751634 0.02734375
3 0.05269607843137255 0.49560546875 0.025326797385620915 0.0302734375
3 0.10416666666666667 0.4912109375 0.025326797385620915 0.029296875
3 0.11642156862745098 0.494140625 0.02369281045751634 0.0234375
2 0.5678104575163399 0.548828125 0.13398692810457516 0.134765625
2 0.20465686274509803 0.48974609375 0.03349673202614379 0.0263671875
2 0.48080065359477125 0.49072265625 0.015522875816993464 0.0146484375
2 0.4959150326797386 0.4873046875 0.00980392156862745 0.009765625
