7 0.1688888888888889 0.38875 0.017777777777777778 0.045
7 0.18916666666666668 0.4215625 0.01611111111111111 0.016875
7 0.5825 0.3665625 0.019444444444444445 0.043125
7 0.5763888888888888 0.40375 0.015 0.02125
7 0.7308333333333333 0.353125 0.017222222222222222 0.03875
7 0.6952777777777778 0.31375 0.04055555555555555 0.0425
9 0.5786111111111111 0.4315625 0.007222222222222222 0.011875
9 0.5508333333333333 0.4028125 0.012777777777777779 0.018125
9 0.5413888888888889 0.411875 0.006111111111111111 0.0075
9 0.5419444444444445 0.4221875 0.007222222222222222 0.011875
9 0.5516666666666666 0.4221875 0.006666666666666667 0.010625
9 0.6908333333333333 0.2321875 0.03833333333333333 0.065625
9 0.7083333333333334 0.279375 0.017777777777777778 0.03625
9 0.7697222222222222 0.38125 0.02388888888888889 0.01125
0 0.8122222222222222 0.45625 0.051111111111111114 0.17875
0 0.1761111111111111 0.490625 0.04888888888888889 0.135
0 0.21777777777777776 0.4946875 0.07888888888888888 0.138125
0 0.2786111111111111 0.4925 0.05388888888888889 0.1475
2 0.7555555555555555 0.4496875 0.2 0.081875
2 0.4311111111111111 0.478125 0.26555555555555554 0.1075
2 0.5280555555555555 0.4534375 0.03277777777777778 0.024375
8 0.5727777777777778 0.4609375 0.011111111111111112 0.029375
