4 0.5269444444444444 0.4053125 0.40944444444444444 0.278125
9 0.9663888888888889 0.3771875 0.011666666666666667 0.031875
9 0.6727777777777778 0.374375 0.04555555555555556 0.05375
2 0.03805555555555556 0.484375 0.07611111111111112 0.06875
2 0.11833333333333333 0.475 0.12555555555555556 0.08875
2 0.22833333333333333 0.48125 0.11777777777777777 0.07375
2 0.7288888888888889 0.495625 0.20777777777777778 0.18125
2 0.8138888888888889 0.5040625 0.29444444444444445 0.228125
2 0.9275 0.5128125 0.145 0.243125
2 0.3675 0.534375 0.23055555555555557 0.205
0 0.5227777777777778 0.360625 0.022222222222222223 0.02125
0 0.5652777777777778 0.365625 0.019444444444444445 0.0225
0 0.6055555555555555 0.3734375 0.021111111111111112 0.018125
0 0.6277777777777778 0.3715625 0.021111111111111112 0.026875
