2 0.06666666666666667 0.5353125 0.13333333333333333 0.156875
2 0.14666666666666667 0.52375 0.17888888888888888 0.12625
2 0.21638888888888888 0.506875 0.1638888888888889 0.12375
2 0.3288888888888889 0.511875 0.09555555555555556 0.09375
2 0.3686111111111111 0.4990625 0.12277777777777778 0.085625
2 0.46416666666666667 0.4890625 0.12277777777777778 0.073125
2 0.7622222222222222 0.49125 0.08333333333333333 0.04875
2 0.7913888888888889 0.5028125 0.085 0.070625
2 0.8216666666666667 0.5140625 0.04888888888888889 0.075625
2 0.9141666666666667 0.49625 0.17166666666666666 0.1875
2 0.8080555555555555 0.424375 0.05722222222222222 0.02375
