7 0.9286111111111112 0.359375 0.009444444444444445 0.03
7 0.8875 0.3409375 0.010555555555555556 0.050625
7 0.9088888888888889 0.390625 0.008888888888888889 0.015
7 0.8902777777777777 0.3934375 0.005 0.015625
7 0.8602777777777778 0.2871875 0.008333333333333333 0.028125
7 0.8230555555555555 0.2940625 0.007222222222222222 0.025625
7 0.7902777777777777 0.3940625 0.005 0.019375
7 0.7955555555555556 0.415 0.0033333333333333335 0.00875
7 0.6130555555555556 0.3853125 0.006111111111111111 0.031875
7 0.6138888888888889 0.4153125 0.0077777777777777776 0.006875
7 0.5616666666666666 0.35375 0.0077777777777777776 0.0275
7 0.5444444444444444 0.4290625 0.0022222222222222222 0.008125
7 0.3186111111111111 0.405 0.008333333333333333 0.02625
7 0.09027777777777778 0.32 0.006111111111111111 0.0225
7 0.12944444444444445 0.3325 0.0044444444444444444 0.02625
7 0.13194444444444445 0.248125 0.017222222222222222 0.06
7 0.5197222222222222 0.4125 0.002777777777777778 0.00625
7 0.5202777777777777 0.4321875 0.0016666666666666668 0.004375
9 0.9588888888888889 0.361875 0.022222222222222223 0.0075
9 0.9394444444444444 0.403125 0.005555555555555556 0.02
9 0.9372222222222222 0.305 0.0077777777777777776 0.015
9 0.8422222222222222 0.288125 0.005555555555555556 0.015
0 0.9669444444444445 0.4384375 0.011666666666666667 0.024375
0 0.9813888888888889 0.4459375 0.009444444444444445 0.025625
0 0.9894444444444445 0.434375 0.0077777777777777776 0.02125
0 0.9547222222222222 0.439375 0.008333333333333333 0.02125
0 0.9275 0.4540625 0.020555555555555556 0.065625
0 0.9091666666666667 0.4465625 0.015 0.048125
0 0.8905555555555555 0.4359375 0.005555555555555556 0.013125
0 0.8586111111111111 0.4421875 0.005 0.018125
0 0.86 0.44375 0.005555555555555556 0.01375
0 0.8513888888888889 0.446875 0.009444444444444445 0.0325
0 0.7894444444444444 0.4496875 0.01 0.034375
0 0.7825 0.4471875 0.008333333333333333 0.036875
0 0.6197222222222222 0.445625 0.008333333333333333 0.03125
0 0.6105555555555555 0.4434375 0.006666666666666667 0.025625
0 0.6013888888888889 0.4475 0.006111111111111111 0.015
0 0.5958333333333333 0.44625 0.005 0.01875
0 0.17305555555555555 0.460625 0.021666666666666667 0.055
0 0.18444444444444444 0.4571875 0.01888888888888889 0.065625
0 0.21833333333333332 0.4434375 0.01888888888888889 0.043125
0 0.5347222222222222 0.446875 0.002777777777777778 0.0125
0 0.5880555555555556 0.4503125 0.005 0.014375
1 0.8180555555555555 0.46 0.025 0.0225
2 0.9513888888888888 0.4525 0.07944444444444444 0.045
2 0.8761111111111111 0.454375 0.043333333333333335 0.03125
2 0.7008333333333333 0.485625 0.14722222222222223 0.12875
2 0.011944444444444445 0.468125 0.02388888888888889 0.03
2 0.5202777777777777 0.4465625 0.011666666666666667 0.013125
2 0.5455555555555556 0.4459375 0.012222222222222223 0.008125
2 0.5127777777777778 0.445625 0.005555555555555556 0.00875
0 0.8197222222222222 0.44625 0.011666666666666667 0.0375
8 0.9058333333333334 0.473125 0.015 0.04
