7 0.7161111111111111 0.2240625 0.044444444444444446 0.106875
7 0.7016666666666667 0.238125 0.042222222222222223 0.1
7 0.7694444444444445 0.35125 0.014444444444444444 0.035
7 0.7747222222222222 0.394375 0.012777777777777779 0.015
7 0.9308333333333333 0.3046875 0.020555555555555556 0.049375
7 0.9372222222222222 0.3659375 0.021111111111111112 0.021875
7 0.8530555555555556 0.213125 0.018333333333333333 0.04875
7 0.7083333333333334 0.3321875 0.012222222222222223 0.036875
7 0.7191666666666666 0.3409375 0.009444444444444445 0.021875
7 0.029722222222222223 0.263125 0.018333333333333333 0.04875
7 0.3561111111111111 0.053125 0.03888888888888889 0.095
7 0.4375 0.2921875 0.015 0.038125
7 0.5594444444444444 0.369375 0.013333333333333334 0.03625
7 0.31027777777777776 0.375 0.015 0.03625
7 0.08055555555555556 0.41375 0.014444444444444444 0.015
7 0.08388888888888889 0.3740625 0.014444444444444444 0.041875
0 0.6869444444444445 0.4525 0.015 0.0525
0 0.7027777777777777 0.439375 0.013333333333333334 0.025
0 0.075 0.4796875 0.025555555555555557 0.096875
0 0.5844444444444444 0.4496875 0.008888888888888889 0.031875
0 0.22666666666666666 0.4609375 0.01888888888888889 0.050625
0 0.20222222222222222 0.486875 0.03888888888888889 0.1075
0 0.3363888888888889 0.4840625 0.03944444444444444 0.101875
0 0.48444444444444446 0.45375 0.005555555555555556 0.0175
0 0.47555555555555556 0.4528125 0.0044444444444444444 0.013125
1 0.7452777777777778 0.4878125 0.07055555555555555 0.105625
1 0.9808333333333333 0.466875 0.03722222222222222 0.0575
2 0.3972222222222222 0.465 0.05333333333333334 0.04625
2 0.4288888888888889 0.4553125 0.015555555555555555 0.013125
2 0.4483333333333333 0.450625 0.012222222222222223 0.015
