9 0.235 0.4309375 0.008888888888888889 0.019375
9 0.3030555555555556 0.445625 0.012777777777777779 0.0075
9 0.3036111111111111 0.43 0.019444444444444445 0.02375
9 0.5905555555555555 0.4034375 0.02 0.023125
9 0.5919444444444445 0.4209375 0.012777777777777779 0.006875
9 0.8072222222222222 0.4096875 0.008888888888888889 0.019375
0 0.3258333333333333 0.4771875 0.011666666666666667 0.036875
0 0.30972222222222223 0.4790625 0.009444444444444445 0.041875
0 0.29555555555555557 0.4840625 0.011111111111111112 0.034375
0 0.2866666666666667 0.488125 0.006666666666666667 0.025
2 0.049444444444444444 0.5165625 0.09888888888888889 0.149375
2 0.3852777777777778 0.48 0.03611111111111111 0.035
2 0.42333333333333334 0.4884375 0.021111111111111112 0.014375
2 0.44027777777777777 0.490625 0.012777777777777779 0.0075
2 0.5061111111111111 0.4728125 0.07 0.070625
2 0.5480555555555555 0.4796875 0.018333333333333333 0.023125
8 0.24888888888888888 0.491875 0.0077777777777777776 0.02625
