9 0.1454248366013072 0.201171875 0.15522875816993464 0.068359375
9 0.14501633986928106 0.25 0.15604575163398693 0.048828125
9 0.14624183006535948 0.29443359375 0.15359477124183007 0.0595703125
2 0.5461601307189542 0.5185546875 0.02696078431372549 0.029296875
2 0.5674019607843137 0.51416015625 0.022058823529411766 0.0185546875
2 0.5290032679738562 0.5009765625 0.018790849673202614 0.0078125
2 0.5118464052287581 0.53857421875 0.07434640522875817 0.0751953125
2 0.35049019607843135 0.5400390625 0.08496732026143791 0.0703125
2 0.1474673202614379 0.51904296875 0.03676470588235294 0.0341796875
2 0.18055555555555555 0.52294921875 0.026143790849673203 0.0283203125
2 0.5024509803921569 0.498046875 0.014705882352941176 0.0078125
2 0.5894607843137255 0.50390625 0.013888888888888888 0.0078125
