0 0.8984375 0.478515625 0.0484375 0.130859375
0 0.858203125 0.47509765625 0.04140625 0.1435546875
0 0.80546875 0.48193359375 0.040625 0.1298828125
0 0.66328125 0.42724609375 0.015625 0.0419921875
0 0.5921875 0.4287109375 0.0109375 0.0390625
0 0.81953125 0.41650390625 0.01875 0.0283203125
2 0.3890625 0.4775390625 0.075 0.0703125
2 0.3640625 0.45849609375 0.0578125 0.0634765625
2 0.25546875 0.4365234375 0.01875 0.021484375
2 0.20703125 0.45556640625 0.053125 0.0517578125
2 0.166796875 0.44873046875 0.02890625 0.0400390625
2 0.130859375 0.44091796875 0.05390625 0.0400390625
2 0.069140625 0.4765625 0.08984375 0.099609375
2 0.123828125 0.5244140625 0.13203125 0.134765625
2 0.645703125 0.49609375 0.22734375 0.095703125
2 0.73671875 0.45263671875 0.128125 0.0576171875
