7 0.673828125 0.5218098958333334 0.0107421875 0.014973958333333334
7 0.358154296875 0.5192057291666666 0.01025390625 0.016276041666666668
7 0.440185546875 0.5458984375 0.00732421875 0.011067708333333334
7 0.58203125 0.5511067708333334 0.0078125 0.009765625
9 0.755615234375 0.4873046875 0.03466796875 0.039713541666666664
0 0.103271484375 0.5983072916666666 0.02099609375 0.08072916666666667
0 0.0439453125 0.5696614583333334 0.021484375 0.040364583333333336
1 0.64599609375 0.6214192708333334 0.01953125 0.046223958333333336
2 0.55029296875 0.6272786458333334 0.1220703125 0.12565104166666666
2 0.194580078125 0.611328125 0.12060546875 0.10546875
2 0.279296875 0.6028645833333334 0.07421875 0.08072916666666667
2 0.324462890625 0.5970052083333334 0.04345703125 0.0703125
2 0.361083984375 0.5891927083333334 0.05615234375 0.06901041666666667
0 0.64697265625 0.5989583333333334 0.0234375 0.07291666666666667
