7 0.4602777777777778 0.4365625 0.005 0.010625
7 0.4922222222222222 0.435 0.0044444444444444444 0.01
7 0.5588888888888889 0.4340625 0.0044444444444444444 0.008125
7 0.41555555555555557 0.44875 0.0033333333333333335 0.00875
9 0.6347222222222222 0.341875 0.08833333333333333 0.04
9 0.7263888888888889 0.4253125 0.010555555555555556 0.008125
9 0.7041666666666667 0.418125 0.019444444444444445 0.0275
9 0.725 0.4115625 0.011111111111111112 0.018125
9 0.24694444444444444 0.4478125 0.011666666666666667 0.016875
2 0.49194444444444446 0.46875 0.04611111111111111 0.0425
2 0.5263888888888889 0.475625 0.015 0.0075
2 0.6069444444444444 0.516875 0.1827777777777778 0.16625
2 0.2972222222222222 0.47875 0.02 0.03125
2 0.37833333333333335 0.47375 0.027777777777777776 0.02875
2 0.4122222222222222 0.4775 0.022222222222222223 0.015
2 0.33416666666666667 0.4796875 0.07055555555555555 0.061875
2 0.25833333333333336 0.480625 0.06777777777777778 0.0525
2 0.11138888888888888 0.5075 0.22277777777777777 0.3325
