9 0.15055555555555555 0.401875 0.025555555555555557 0.045
0 0.09388888888888888 0.4609375 0.013333333333333334 0.025625
0 0.10027777777777777 0.4609375 0.008333333333333333 0.023125
1 0.3452777777777778 0.495 0.020555555555555556 0.03625
1 0.3725 0.4953125 0.018333333333333333 0.035625
1 0.4033333333333333 0.4878125 0.013333333333333334 0.028125
1 0.41833333333333333 0.485625 0.012222222222222223 0.0275
1 0.43666666666666665 0.4840625 0.01 0.021875
1 0.44722222222222224 0.4803125 0.0077777777777777776 0.013125
1 0.45444444444444443 0.4796875 0.0077777777777777776 0.014375
1 0.4638888888888889 0.478125 0.0077777777777777776 0.015
2 0.12472222222222222 0.464375 0.105 0.0325
2 0.5625 0.475625 0.04722222222222222 0.04125
2 0.5388888888888889 0.475625 0.014444444444444444 0.02375
2 0.5241666666666667 0.4796875 0.008333333333333333 0.008125
2 0.5088888888888888 0.4746875 0.013333333333333334 0.013125
2 0.2886111111111111 0.484375 0.07833333333333334 0.05125
2 0.32972222222222225 0.4828125 0.017222222222222222 0.031875
2 0.35 0.475 0.03666666666666667 0.045
0 0.3438888888888889 0.4809375 0.02 0.041875
0 0.37444444444444447 0.4790625 0.023333333333333334 0.064375
0 0.4033333333333333 0.4753125 0.015555555555555555 0.039375
0 0.41888888888888887 0.4740625 0.013333333333333334 0.040625
0 0.4363888888888889 0.4753125 0.011666666666666667 0.035625
0 0.4469444444444444 0.4725 0.007222222222222222 0.02
0 0.4533333333333333 0.4709375 0.006666666666666667 0.018125
0 0.4627777777777778 0.469375 0.01 0.02125
8 0.15861111111111112 0.4990625 0.010555555555555556 0.021875
