4 0.21691176470588236 0.5048828125 0.12173202614379085 0.099609375
4 0.42810457516339867 0.4990234375 0.017973856209150325 0.01953125
4 0.45588235294117646 0.49560546875 0.014705882352941176 0.0224609375
7 0.6495098039215687 0.4697265625 0.004901960784313725 0.01953125
7 0.5616830065359477 0.48974609375 0.0024509803921568627 0.0087890625
9 0.7446895424836601 0.47998046875 0.013888888888888888 0.0166015625
9 0.6315359477124183 0.47509765625 0.008169934640522876 0.0107421875
0 0.9607843137254902 0.54296875 0.021241830065359478 0.056640625
0 0.6356209150326797 0.51953125 0.00980392156862745 0.03515625
0 0.14052287581699346 0.5166015625 0.011437908496732025 0.03125
0 0.13357843137254902 0.51611328125 0.005718954248366013 0.0205078125
0 0.608251633986928 0.4951171875 0.010620915032679739 0.025390625
3 0.8235294117647058 0.59521484375 0.14052287581699346 0.1337890625
3 0.5147058823529411 0.53515625 0.02287581699346405 0.041015625
2 0.7124183006535948 0.5634765625 0.12581699346405228 0.103515625
2 0.6049836601307189 0.53369140625 0.04330065359477124 0.0458984375
2 0.5915032679738562 0.52978515625 0.042483660130718956 0.0458984375
2 0.5625 0.5205078125 0.01715686274509804 0.02734375
2 0.5416666666666666 0.52685546875 0.042483660130718956 0.0419921875
2 0.4550653594771242 0.56640625 0.10130718954248366 0.119140625
2 0.41421568627450983 0.50634765625 0.016339869281045753 0.0126953125
2 0.03227124183006536 0.54638671875 0.06454248366013073 0.0595703125
2 0.10498366013071896 0.53759765625 0.0661764705882353 0.0439453125
2 0.23243464052287582 0.5380859375 0.08251633986928104 0.06640625
2 0.3112745098039216 0.529296875 0.04738562091503268 0.04296875
2 0.34272875816993464 0.52099609375 0.03349673202614379 0.0341796875
2 0.3533496732026144 0.513671875 0.028594771241830064 0.029296875
2 0.3770424836601307 0.51123046875 0.022058823529411766 0.0224609375
2 0.40032679738562094 0.5078125 0.00980392156862745 0.0078125
0 0.5147058823529411 0.52490234375 0.017973856209150325 0.0439453125
