9 0.29583333333333334 0.416875 0.007222222222222222 0.015
9 0.2713888888888889 0.39625 0.011666666666666667 0.0275
9 0.27166666666666667 0.376875 0.013333333333333334 0.01
9 0.8452777777777778 0.481875 0.06388888888888888 0.0225
9 0.8419444444444445 0.2828125 0.06277777777777778 0.024375
9 0.8486111111111111 0.3271875 0.050555555555555555 0.059375
9 0.10722222222222222 0.4065625 0.02666666666666667 0.008125
9 0.1063888888888889 0.419375 0.02722222222222222 0.01
9 0.9408333333333333 0.383125 0.045 0.01875
0 0.8930555555555556 0.423125 0.013888888888888888 0.02375
0 0.8516666666666667 0.4659375 0.03 0.099375
0 0.8777777777777778 0.4675 0.028888888888888888 0.115
0 0.08416666666666667 0.4925 0.020555555555555556 0.06875
0 0.05555555555555555 0.495625 0.03 0.12625
2 0.4411111111111111 0.4465625 0.014444444444444444 0.014375
2 0.4288888888888889 0.44875 0.015555555555555555 0.02
2 0.4166666666666667 0.4503125 0.01888888888888889 0.024375
2 0.41 0.4534375 0.0077777777777777776 0.023125
2 0.45555555555555555 0.4390625 0.01 0.009375
2 0.3516666666666667 0.4625 0.05 0.0425
2 0.9402777777777778 0.4528125 0.10722222222222222 0.091875
2 0.9144444444444444 0.435 0.05333333333333334 0.02875
2 0.445 0.5021875 0.052222222222222225 0.121875
2 0.1922222222222222 0.5215625 0.24 0.208125
2 0.5938888888888889 0.5703125 0.35 0.310625
2 0.010277777777777778 0.563125 0.020555555555555556 0.11625
4 0.37916666666666665 0.438125 0.059444444444444446 0.07125
