7 0.22916666666666666 0.4184375 0.005 0.015625
7 0.24888888888888888 0.4403125 0.005555555555555556 0.016875
7 0.2613888888888889 0.439375 0.0038888888888888888 0.01375
7 0.26055555555555554 0.3940625 0.0044444444444444444 0.019375
7 0.6188888888888889 0.3721875 0.005555555555555556 0.016875
7 0.6641666666666667 0.409375 0.006111111111111111 0.01625
7 0.6686111111111112 0.4296875 0.005 0.008125
9 0.7247222222222223 0.3484375 0.03611111111111111 0.041875
0 0.8319444444444445 0.519375 0.08166666666666667 0.28625
0 0.7711111111111111 0.490625 0.07555555555555556 0.25375
1 0.7183333333333334 0.4809375 0.04111111111111111 0.065625
2 0.06111111111111111 0.48375 0.12222222222222222 0.12125
2 0.1386111111111111 0.4796875 0.11944444444444445 0.114375
2 0.2036111111111111 0.4915625 0.06833333333333333 0.070625
2 0.22166666666666668 0.4734375 0.07222222222222222 0.053125
2 0.4363888888888889 0.5178125 0.3561111111111111 0.356875
2 0.6375 0.46625 0.06277777777777778 0.05125
2 0.9494444444444444 0.5265625 0.10111111111111111 0.251875
8 0.035555555555555556 0.5178125 0.02666666666666667 0.059375
9 0.7252777777777778 0.3775 0.026111111111111113 0.01625
12 0.7583333333333333 0.5440625 0.07222222222222222 0.131875
