7 0.613562091503268 0.49267578125 0.004901960784313725 0.0146484375
9 0.7761437908496732 0.46142578125 0.016339869281045753 0.0224609375
9 0.7765522875816994 0.4775390625 0.015522875816993464 0.0078125
9 0.7745098039215687 0.48779296875 0.00980392156862745 0.0126953125
0 0.6531862745098039 0.5419921875 0.015522875816993464 0.052734375
0 0.6813725490196079 0.533203125 0.011437908496732025 0.04296875
0 0.6968954248366013 0.53759765625 0.011437908496732025 0.0517578125
0 0.7156862745098039 0.5361328125 0.017973856209150325 0.05078125
0 0.7602124183006536 0.53515625 0.012254901960784314 0.052734375
0 0.7352941176470589 0.5302734375 0.00980392156862745 0.046875
0 0.8075980392156863 0.52392578125 0.007352941176470588 0.0322265625
0 0.8378267973856209 0.5302734375 0.013888888888888888 0.046875
0 0.8533496732026143 0.5341796875 0.015522875816993464 0.05078125
0 0.8709150326797386 0.5400390625 0.014705882352941176 0.048828125
0 0.9816176470588235 0.5400390625 0.018790849673202614 0.08203125
0 0.994281045751634 0.5400390625 0.011437908496732025 0.08203125
0 0.034722222222222224 0.55810546875 0.012254901960784314 0.0478515625
1 0.8958333333333334 0.55517578125 0.051470588235294115 0.0498046875
2 0.28880718954248363 0.5859375 0.1511437908496732 0.142578125
2 0.38031045751633985 0.56640625 0.06781045751633986 0.076171875
2 0.40522875816993464 0.54443359375 0.04084967320261438 0.0537109375
2 0.4922385620915033 0.57763671875 0.14297385620915032 0.1669921875
2 0.5984477124183006 0.53125 0.028594771241830064 0.0390625
2 0.20383986928104575 0.5673828125 0.02042483660130719 0.076171875
0 0.8950163398692811 0.53564453125 0.028594771241830064 0.0693359375
