4 0.5044934640522876 0.4501953125 0.03349673202614379 0.0234375
4 0.6683006535947712 0.44921875 0.09803921568627451 0.14453125
7 0.5392156862745098 0.40771484375 0.00980392156862745 0.0263671875
7 0.761437908496732 0.41015625 0.008169934640522876 0.029296875
9 0.4444444444444444 0.44970703125 0.006535947712418301 0.0087890625
9 0.44485294117647056 0.443359375 0.0024509803921568627 0.00390625
9 0.5392156862745098 0.41162109375 0.014705882352941176 0.0146484375
9 0.5330882352941176 0.45556640625 0.012254901960784314 0.0146484375
9 0.5269607843137255 0.44189453125 0.006535947712418301 0.0087890625
9 0.5265522875816994 0.43603515625 0.0024509803921568627 0.0029296875
9 0.5755718954248366 0.42919921875 0.018790849673202614 0.0068359375
9 0.6037581699346405 0.427734375 0.014705882352941176 0.00390625
9 0.8374183006535948 0.39697265625 0.02287581699346405 0.0146484375
0 0.6102941176470589 0.47119140625 0.00980392156862745 0.0341796875
0 0.22099673202614378 0.48046875 0.007352941176470588 0.017578125
0 0.8513071895424836 0.4619140625 0.0196078431372549 0.05078125
0 0.9497549019607843 0.45166015625 0.01715686274509804 0.0380859375
6 0.14419934640522875 0.462890625 0.13970588235294118 0.08203125
2 0.4820261437908497 0.4619140625 0.017973856209150325 0.01171875
2 0.5968137254901961 0.4775390625 0.03349673202614379 0.046875
2 0.5584150326797386 0.4873046875 0.07107843137254902 0.068359375
2 0.6143790849673203 0.47314453125 0.011437908496732025 0.0341796875
2 0.7794117647058824 0.5283203125 0.16993464052287582 0.1640625
2 0.9072712418300654 0.63720703125 0.1854575163398693 0.2978515625
