9 0.006666666666666667 0.445 0.0077777777777777776 0.0125
9 0.1875 0.454375 0.008333333333333333 0.0125
9 0.1852777777777778 0.441875 0.006111111111111111 0.01125
9 0.1413888888888889 0.4275 0.009444444444444445 0.02125
9 0.1486111111111111 0.4559375 0.007222222222222222 0.013125
9 0.3663888888888889 0.4328125 0.010555555555555556 0.021875
9 0.4747222222222222 0.4334375 0.006111111111111111 0.006875
9 0.4752777777777778 0.438125 0.005 0.0025
0 0.2683333333333333 0.485 0.013333333333333334 0.03625
0 0.12055555555555555 0.485625 0.01888888888888889 0.06125
2 0.4811111111111111 0.449375 0.034444444444444444 0.015
2 0.5177777777777778 0.4459375 0.03333333333333333 0.013125
2 0.45055555555555554 0.4565625 0.025555555555555557 0.016875
2 0.4241666666666667 0.4671875 0.026111111111111113 0.023125
2 0.33361111111111114 0.48 0.08833333333333333 0.08
2 0.9275 0.5871875 0.145 0.321875
