7 0.3136111111111111 0.4328125 0.011666666666666667 0.014375
7 0.31277777777777777 0.4453125 0.008888888888888889 0.008125
7 0.5583333333333333 0.4265625 0.013333333333333334 0.014375
7 0.5580555555555555 0.440625 0.009444444444444445 0.01125
7 0.4855555555555556 0.3921875 0.0077777777777777776 0.013125
9 0.3894444444444444 0.35875 0.017777777777777778 0.01875
9 0.5872222222222222 0.3928125 0.023333333333333334 0.039375
0 0.8136111111111111 0.4684375 0.04388888888888889 0.174375
0 0.7627777777777778 0.469375 0.056666666666666664 0.17
1 0.7605555555555555 0.495625 0.10333333333333333 0.0925
2 0.22138888888888889 0.47625 0.08944444444444444 0.065
2 0.32666666666666666 0.4684375 0.03888888888888889 0.029375
2 0.4036111111111111 0.46125 0.03166666666666667 0.0225
