7 0.36764705882352944 0.29833984375 0.013071895424836602 0.0322265625
7 0.38112745098039214 0.3076171875 0.013888888888888888 0.037109375
7 0.4918300653594771 0.330078125 0.008169934640522876 0.021484375
7 0.5571895424836601 0.3681640625 0.00980392156862745 0.01171875
7 0.6752450980392157 0.333984375 0.008986928104575163 0.037109375
9 0.2696078431372549 0.40576171875 0.013071895424836602 0.0380859375
9 0.32679738562091504 0.40966796875 0.026143790849673203 0.0146484375
9 0.3292483660130719 0.3896484375 0.024509803921568627 0.0234375
2 0.011029411764705883 0.4091796875 0.022058823529411766 0.03125
2 0.1948529411764706 0.3935546875 0.12336601307189543 0.0625
2 0.2867647058823529 0.392578125 0.12581699346405228 0.0546875
2 0.12459150326797386 0.39794921875 0.028594771241830064 0.0419921875
2 0.4526143790849673 0.42333984375 0.10947712418300654 0.0771484375
2 0.8619281045751634 0.4443359375 0.12745098039215685 0.138671875
2 0.9893790849673203 0.4072265625 0.021241830065359478 0.037109375
