7 0.0755718954248366 0.5 0.005718954248366013 0.01171875
7 0.10089869281045752 0.4736328125 0.007352941176470588 0.01953125
7 0.09926470588235294 0.513671875 0.004084967320261438 0.0078125
7 0.10294117647058823 0.50146484375 0.004901960784313725 0.0087890625
7 0.34558823529411764 0.44921875 0.008169934640522876 0.025390625
7 0.6429738562091504 0.45947265625 0.008169934640522876 0.0283203125
9 0.3451797385620915 0.4765625 0.01715686274509804 0.021484375
9 0.6486928104575164 0.4833984375 0.014705882352941176 0.017578125
0 0.028594771241830064 0.51904296875 0.014705882352941176 0.0263671875
0 0.004901960784313725 0.5224609375 0.00980392156862745 0.017578125
2 0.16013071895424835 0.55029296875 0.0784313725490196 0.0556640625
2 0.2267156862745098 0.5341796875 0.051470588235294115 0.033203125
2 0.3112745098039216 0.53076171875 0.03431372549019608 0.0283203125
2 0.4812091503267974 0.5224609375 0.016339869281045753 0.017578125
2 0.4526143790849673 0.52197265625 0.016339869281045753 0.0166015625
2 0.497140522875817 0.52294921875 0.013888888888888888 0.0107421875
2 0.46119281045751637 0.51708984375 0.012254901960784314 0.0146484375
2 0.4714052287581699 0.517578125 0.008169934640522876 0.013671875
