7 0.831640625 0.13916015625 0.02890625 0.0927734375
9 0.89453125 0.466796875 0.0328125 0.044921875
9 0.939453125 0.43115234375 0.02109375 0.0322265625
0 0.105078125 0.515625 0.01640625 0.044921875
0 0.123046875 0.50927734375 0.01953125 0.0419921875
0 0.1453125 0.51220703125 0.0203125 0.0341796875
0 0.168359375 0.509765625 0.01953125 0.03125
0 0.256640625 0.498046875 0.01328125 0.02734375
0 0.366015625 0.560546875 0.03046875 0.15234375
0 0.621484375 0.5478515625 0.05703125 0.123046875
0 0.71015625 0.54296875 0.059375 0.142578125
0 0.742578125 0.54150390625 0.02578125 0.1201171875
0 0.761328125 0.54638671875 0.04609375 0.1259765625
