7 0.9926470588235294 0.3291015625 0.014705882352941176 0.080078125
9 0.7761437908496732 0.4765625 0.011437908496732025 0.013671875
9 0.6070261437908496 0.4541015625 0.011437908496732025 0.013671875
9 0.6748366013071896 0.48828125 0.006535947712418301 0.0078125
9 0.6074346405228758 0.4638671875 0.008986928104575163 0.00390625
9 0.6074346405228758 0.46923828125 0.007352941176470588 0.0068359375
0 0.9722222222222222 0.5224609375 0.02287581699346405 0.05078125
3 0.9575163398692811 0.5595703125 0.042483660130718956 0.0703125
3 0.42116013071895425 0.54296875 0.022058823529411766 0.04296875
3 0.4599673202614379 0.54833984375 0.024509803921568627 0.0419921875
2 0.6899509803921569 0.654296875 0.2900326797385621 0.232421875
2 0.5216503267973857 0.5439453125 0.08088235294117647 0.091796875
2 0.4542483660130719 0.51123046875 0.016339869281045753 0.0224609375
2 0.4285130718954248 0.517578125 0.013888888888888888 0.015625
2 0.4325980392156863 0.51318359375 0.013888888888888888 0.0146484375
2 0.3929738562091503 0.51171875 0.00980392156862745 0.009765625
2 0.3819444444444444 0.5107421875 0.012254901960784314 0.013671875
2 0.25735294117647056 0.57568359375 0.11764705882352941 0.0947265625
2 0.27205882352941174 0.52197265625 0.008169934640522876 0.0126953125
2 0.2618464052287582 0.52197265625 0.012254901960784314 0.0126953125
2 0.17197712418300654 0.52294921875 0.03839869281045752 0.0322265625
2 0.12826797385620914 0.52685546875 0.04084967320261438 0.0380859375
2 0.07230392156862746 0.67138671875 0.14460784313725492 0.2255859375
2 0.29534313725490197 0.52001953125 0.013888888888888888 0.0107421875
2 0.32189542483660133 0.51708984375 0.014705882352941176 0.0126953125
2 0.21854575163398693 0.52099609375 0.035130718954248366 0.0244140625
2 0.23815359477124182 0.5205078125 0.035130718954248366 0.017578125
0 0.42116013071895425 0.5341796875 0.02042483660130719 0.04296875
0 0.4599673202614379 0.53466796875 0.02287581699346405 0.0478515625
