7 0.24836601307189543 0.52880859375 0.006535947712418301 0.0166015625
7 0.31413398692810457 0.47998046875 0.010620915032679739 0.0166015625
7 0.869281045751634 0.49365234375 0.004901960784313725 0.0087890625
9 0.13357843137254902 0.51904296875 0.007352941176470588 0.0107421875
9 0.13031045751633988 0.5283203125 0.010620915032679739 0.005859375
9 0.1315359477124183 0.6435546875 0.08986928104575163 0.083984375
9 0.31086601307189543 0.6240234375 0.061274509803921566 0.06640625
0 0.01919934640522876 0.57177734375 0.013888888888888888 0.0439453125
0 0.07230392156862746 0.56689453125 0.013888888888888888 0.0439453125
2 0.0727124183006536 0.56005859375 0.03758169934640523 0.0263671875
2 0.01919934640522876 0.56201171875 0.03839869281045752 0.0263671875
2 0.9325980392156863 0.5283203125 0.035130718954248366 0.0234375
2 0.48284313725490197 0.5595703125 0.14869281045751634 0.2109375
14 0.5939542483660131 0.51806640625 0.0784313725490196 0.0439453125
