7 0.7647058823529411 0.35546875 0.011437908496732025 0.021484375
7 0.5285947712418301 0.33935546875 0.013071895424836602 0.0185546875
9 0.5008169934640523 0.3876953125 0.008169934640522876 0.01171875
0 0.4652777777777778 0.423828125 0.03022875816993464 0.083984375
0 0.4411764705882353 0.4267578125 0.024509803921568627 0.0703125
0 0.7438725490196079 0.41650390625 0.008986928104575163 0.0380859375
0 0.7328431372549019 0.41552734375 0.014705882352941176 0.0419921875
0 0.7038398692810458 0.40185546875 0.008986928104575163 0.0283203125
0 0.7618464052287581 0.408203125 0.008986928104575163 0.03515625
0 0.7128267973856209 0.40234375 0.005718954248366013 0.0234375
6 0.8921568627450981 0.3447265625 0.21568627450980393 0.546875
2 0.6053921568627451 0.47509765625 0.15196078431372548 0.1513671875
2 0.673202614379085 0.40380859375 0.026143790849673203 0.0283203125
2 0.6029411764705882 0.390625 0.0718954248366013 0.029296875
2 0.6478758169934641 0.38916015625 0.024509803921568627 0.0263671875
2 0.6875 0.38037109375 0.02696078431372549 0.0244140625
