7 0.6716666666666666 0.3609375 0.017777777777777778 0.041875
7 0.5319444444444444 0.420625 0.009444444444444445 0.01875
7 0.13722222222222222 0.3565625 0.016666666666666666 0.054375
7 0.6719444444444445 0.3996875 0.013888888888888888 0.014375
9 0.25305555555555553 0.3809375 0.021666666666666667 0.031875
9 0.2125 0.396875 0.012777777777777779 0.025
0 0.17166666666666666 0.46375 0.012222222222222223 0.0225
0 0.14444444444444443 0.4553125 0.013333333333333334 0.023125
0 0.3061111111111111 0.4546875 0.008888888888888889 0.016875
0 0.22111111111111112 0.4571875 0.015555555555555555 0.026875
0 0.7494444444444445 0.461875 0.03333333333333333 0.095
0 0.825 0.465625 0.025555555555555557 0.07
0 0.9238888888888889 0.45875 0.034444444444444444 0.08125
0 0.9577777777777777 0.45625 0.027777777777777776 0.0825
0 0.9811111111111112 0.4359375 0.016666666666666666 0.040625
0 0.4513888888888889 0.5846875 0.30944444444444447 0.829375
0 0.24083333333333334 0.460625 0.015 0.03375
1 0.3136111111111111 0.471875 0.013888888888888888 0.0225
1 0.8869444444444444 0.4715625 0.030555555555555555 0.050625
1 0.4988888888888889 0.465625 0.008888888888888889 0.01625
0 0.4988888888888889 0.455625 0.008888888888888889 0.0225
