9 0.34305555555555556 0.36625 0.010555555555555556 0.015
9 0.33444444444444443 0.37625 0.005555555555555556 0.00875
9 0.605 0.395 0.008888888888888889 0.01
9 0.6205555555555555 0.383125 0.02 0.0075
9 0.8097222222222222 0.373125 0.029444444444444443 0.03375
9 0.7547222222222222 0.3484375 0.06166666666666667 0.069375
9 0.7547222222222222 0.4090625 0.035 0.040625
9 0.8055555555555556 0.411875 0.02666666666666667 0.015
0 0.5919444444444445 0.4409375 0.012777777777777779 0.045625
2 0.38916666666666666 0.3978125 0.03722222222222222 0.035625
2 0.5177777777777778 0.4065625 0.05 0.026875
