7 0.541796875 0.41552734375 0.00703125 0.0263671875
7 0.526171875 0.42333984375 0.00859375 0.0205078125
7 0.463671875 0.38232421875 0.00703125 0.0224609375
7 0.36328125 0.431640625 0.0078125 0.021484375
9 0.914453125 0.33447265625 0.06484375 0.0224609375
9 0.9125 0.30810546875 0.028125 0.0244140625
0 0.77890625 0.51123046875 0.021875 0.0869140625
0 0.750390625 0.49072265625 0.01640625 0.0673828125
0 0.734765625 0.48974609375 0.01953125 0.0751953125
0 0.108203125 0.52783203125 0.02265625 0.0791015625
1 0.498046875 0.48828125 0.01015625 0.0234375
3 0.523828125 0.4892578125 0.02734375 0.025390625
2 0.946484375 0.48388671875 0.07421875 0.0673828125
2 0.830078125 0.49267578125 0.06953125 0.0576171875
2 0.800390625 0.47119140625 0.08515625 0.0751953125
2 0.573046875 0.49169921875 0.06796875 0.0732421875
2 0.316796875 0.49951171875 0.08359375 0.0986328125
0 0.497265625 0.47998046875 0.01015625 0.0322265625
6 0.77421875 0.4580078125 0.184375 0.08203125
