7 0.3591666666666667 0.2334375 0.020555555555555556 0.068125
7 0.7497222222222222 0.3896875 0.018333333333333333 0.050625
7 0.7202777777777778 0.3896875 0.01611111111111111 0.048125
7 0.7858333333333334 0.3903125 0.019444444444444445 0.043125
7 0.7816666666666666 0.444375 0.014444444444444444 0.01875
7 0.7516666666666667 0.443125 0.011111111111111112 0.01875
9 0.014444444444444444 0.5096875 0.005555555555555556 0.015625
9 0.03861111111111111 0.4759375 0.007222222222222222 0.021875
9 0.3963888888888889 0.22875 0.02388888888888889 0.0275
9 0.44666666666666666 0.476875 0.01888888888888889 0.03125
9 0.6897222222222222 0.4934375 0.006111111111111111 0.010625
0 0.7491666666666666 0.504375 0.025 0.07
0 0.8205555555555556 0.5046875 0.011111111111111112 0.041875
0 0.8658333333333333 0.5003125 0.015 0.040625
1 0.9122222222222223 0.5165625 0.03111111111111111 0.023125
1 0.8922222222222222 0.514375 0.02666666666666667 0.0175
1 0.8502777777777778 0.515 0.02277777777777778 0.02
1 0.8327777777777777 0.516875 0.022222222222222223 0.01625
1 0.8086111111111111 0.519375 0.026111111111111113 0.02625
1 0.7911111111111111 0.525 0.021111111111111112 0.03
1 0.7152777777777778 0.520625 0.02722222222222222 0.04125
1 0.7341666666666666 0.5240625 0.03277777777777778 0.041875
2 0.10916666666666666 0.51125 0.0661111111111111 0.05125
2 0.14666666666666667 0.50625 0.051111111111111114 0.0575
2 0.17777777777777778 0.515 0.02 0.03625
2 0.19666666666666666 0.51625 0.025555555555555557 0.03375
2 0.21305555555555555 0.523125 0.015 0.0225
2 0.27444444444444444 0.5234375 0.025555555555555557 0.024375
2 0.37194444444444447 0.5240625 0.1761111111111111 0.153125
2 0.9852777777777778 0.5265625 0.029444444444444443 0.064375
0 0.9769444444444444 0.49 0.01611111111111111 0.03375
0 0.9102777777777777 0.50375 0.019444444444444445 0.03625
0 0.8952777777777777 0.5046875 0.02277777777777778 0.030625
0 0.7163888888888889 0.50125 0.02722222222222222 0.05375
0 0.7380555555555556 0.5071875 0.019444444444444445 0.058125
0 0.7888888888888889 0.51 0.015555555555555555 0.0475
0 0.8069444444444445 0.509375 0.021666666666666667 0.04
0 0.8341666666666666 0.50375 0.019444444444444445 0.04
0 0.8519444444444444 0.503125 0.015 0.04375
0 0.8780555555555556 0.5040625 0.009444444444444445 0.035625
0 0.7694444444444445 0.489375 0.01888888888888889 0.03125
