7 0.6563888888888889 0.39 0.02277777777777778 0.02125
7 0.6630555555555555 0.3284375 0.028333333333333332 0.068125
7 0.06222222222222222 0.3459375 0.028888888888888888 0.064375
7 0.06527777777777778 0.4071875 0.017222222222222222 0.018125
9 0.6655555555555556 0.369375 0.03888888888888889 0.015
9 0.06583333333333333 0.388125 0.03722222222222222 0.0175
9 0.07416666666666667 0.4478125 0.010555555555555556 0.016875
9 0.6569444444444444 0.43125 0.009444444444444445 0.0175
9 0.21694444444444444 0.4146875 0.015 0.020625
0 0.9427777777777778 0.4584375 0.027777777777777776 0.089375
0 0.9119444444444444 0.46 0.030555555555555555 0.095
0 0.8872222222222222 0.4625 0.027777777777777776 0.0925
0 0.8658333333333333 0.4609375 0.026111111111111113 0.089375
0 0.7775 0.4528125 0.02388888888888889 0.075625
0 0.8011111111111111 0.4540625 0.022222222222222223 0.073125
0 0.11861111111111111 0.4590625 0.017222222222222222 0.050625
0 0.26222222222222225 0.4615625 0.011111111111111112 0.034375
0 0.24138888888888888 0.4603125 0.010555555555555556 0.030625
0 0.1786111111111111 0.4653125 0.015 0.049375
0 0.29944444444444446 0.458125 0.01 0.0275
2 0.5113888888888889 0.4615625 0.02722222222222222 0.031875
2 0.4791666666666667 0.4596875 0.03944444444444444 0.039375
