9 0.9702777777777778 0.2575 0.029444444444444443 0.0525
9 0.9716666666666667 0.2925 0.03 0.0175
9 0.9722222222222222 0.309375 0.028888888888888888 0.0175
9 0.9552777777777778 0.4309375 0.013888888888888888 0.028125
9 0.3372222222222222 0.2978125 0.025555555555555557 0.043125
9 0.3372222222222222 0.3265625 0.025555555555555557 0.013125
9 0.3372222222222222 0.34125 0.025555555555555557 0.015
0 0.7619444444444444 0.4571875 0.04055555555555555 0.099375
1 0.7141666666666666 0.4690625 0.04722222222222222 0.075625
2 0.13 0.54375 0.26 0.26375
2 0.5372222222222223 0.453125 0.22444444444444445 0.17625
0 0.5583333333333333 0.415625 0.052222222222222225 0.05875
0 0.5155555555555555 0.4475 0.04111111111111111 0.10875
