7 0.616421568627451 0.43359375 0.013888888888888888 0.03125
7 0.6139705882352942 0.48486328125 0.007352941176470588 0.0126953125
9 0.0718954248366013 0.49609375 0.016339869281045753 0.013671875
9 0.07598039215686274 0.482421875 0.029411764705882353 0.009765625
9 0.18668300653594772 0.505859375 0.012254901960784314 0.017578125
9 0.25326797385620914 0.46435546875 0.0196078431372549 0.0263671875
9 0.673202614379085 0.4755859375 0.013071895424836602 0.013671875
9 0.6736111111111112 0.4853515625 0.010620915032679739 0.00390625
9 0.6736111111111112 0.4951171875 0.012254901960784314 0.015625
2 0.011437908496732025 0.58935546875 0.02287581699346405 0.0634765625
2 0.48447712418300654 0.5546875 0.1323529411764706 0.185546875
2 0.33374183006535946 0.53466796875 0.01715686274509804 0.0146484375
