7 0.5241666666666667 0.440625 0.005 0.01125
7 0.48638888888888887 0.4165625 0.0038888888888888888 0.010625
7 0.4552777777777778 0.4109375 0.005 0.013125
0 0.5891666666666666 0.468125 0.006111111111111111 0.0175
0 0.5969444444444445 0.4684375 0.007222222222222222 0.020625
0 0.6213888888888889 0.4725 0.010555555555555556 0.03
0 0.645 0.4796875 0.014444444444444444 0.041875
0 0.6616666666666666 0.480625 0.014444444444444444 0.0475
0 0.6758333333333333 0.4690625 0.011666666666666667 0.021875
0 0.14527777777777778 0.48375 0.012777777777777779 0.04
0 0.19083333333333333 0.4859375 0.012777777777777779 0.040625
0 0.20666666666666667 0.4878125 0.015555555555555555 0.040625
0 0.3363888888888889 0.47625 0.009444444444444445 0.02125
2 0.0725 0.4928125 0.145 0.141875
2 0.4677777777777778 0.479375 0.027777777777777776 0.045
2 0.5 0.485 0.06222222222222222 0.06125
2 0.7352777777777778 0.4728125 0.042777777777777776 0.046875
2 0.8333333333333334 0.4653125 0.1 0.049375
2 0.9205555555555556 0.4646875 0.09888888888888889 0.069375
2 0.9522222222222222 0.470625 0.06222222222222222 0.06625
8 0.6580555555555555 0.491875 0.010555555555555556 0.03
