9 0.262890625 0.4423828125 0.01953125 0.0078125
9 0.26171875 0.41943359375 0.03125 0.0361328125
9 0.742578125 0.42822265625 0.00859375 0.0146484375
0 0.25 0.49365234375 0.0125 0.0439453125
0 0.64375 0.5078125 0.0296875 0.06640625
0 0.69921875 0.4736328125 0.0125 0.04296875
1 0.552734375 0.48388671875 0.02890625 0.0244140625
2 0.969921875 0.453125 0.06015625 0.03125
2 0.92578125 0.44921875 0.0484375 0.02734375
2 0.8828125 0.451171875 0.04375 0.029296875
2 0.690234375 0.4638671875 0.04921875 0.03515625
2 0.728125 0.46240234375 0.0578125 0.0361328125
2 0.427734375 0.4833984375 0.06796875 0.03515625
2 0.1625 0.509765625 0.1046875 0.06640625
2 0.352734375 0.53857421875 0.12734375 0.0966796875
2 0.440234375 0.55615234375 0.15703125 0.1103515625
2 0.556640625 0.58154296875 0.18828125 0.1318359375
2 0.721875 0.6123046875 0.2515625 0.201171875
2 0.879296875 0.67333984375 0.24140625 0.3330078125
0 0.826953125 0.46533203125 0.01171875 0.0283203125
