7 0.38416666666666666 0.4403125 0.009444444444444445 0.020625
9 0.1475 0.3940625 0.018333333333333333 0.010625
9 0.9233333333333333 0.39625 0.014444444444444444 0.03125
9 0.5361111111111111 0.434375 0.013333333333333334 0.01375
0 0.18944444444444444 0.4703125 0.023333333333333334 0.061875
0 0.16916666666666666 0.46375 0.017222222222222222 0.03375
2 0.03805555555555556 0.5184375 0.07611111111111112 0.121875
2 0.12916666666666668 0.50125 0.1238888888888889 0.09375
2 0.32083333333333336 0.470625 0.05388888888888889 0.0425
2 0.36444444444444446 0.466875 0.034444444444444444 0.03375
2 0.44972222222222225 0.4565625 0.011666666666666667 0.010625
2 0.4727777777777778 0.45875 0.016666666666666666 0.0125
2 0.49722222222222223 0.4615625 0.03222222222222222 0.030625
2 0.8533333333333334 0.5203125 0.18 0.153125
2 0.4127777777777778 0.46125 0.02 0.01625
8 0.7025 0.4896875 0.01611111111111111 0.046875
