9 0.7283333333333334 0.4759375 0.006666666666666667 0.011875
9 0.8136111111111111 0.4171875 0.012777777777777779 0.015625
9 0.9936111111111111 0.43875 0.0038888888888888888 0.0075
9 0.5569444444444445 0.4684375 0.028333333333333332 0.046875
9 0.5147222222222222 0.484375 0.011666666666666667 0.02
9 0.5205555555555555 0.3640625 0.027777777777777776 0.043125
9 0.16777777777777778 0.40375 0.012222222222222223 0.02875
9 0.15833333333333333 0.3790625 0.01888888888888889 0.020625
0 0.43027777777777776 0.4746875 0.01611111111111111 0.050625
1 0.6786111111111112 0.4759375 0.006111111111111111 0.010625
1 0.47444444444444445 0.4903125 0.021111111111111112 0.038125
2 0.9536111111111111 0.5259375 0.09277777777777778 0.139375
2 0.9686111111111111 0.4728125 0.059444444444444446 0.035625
2 0.9258333333333333 0.4734375 0.049444444444444444 0.050625
2 0.8661111111111112 0.47875 0.1 0.07375
2 0.745 0.4715625 0.09333333333333334 0.039375
2 0.6522222222222223 0.47125 0.043333333333333335 0.03625
2 0.6161111111111112 0.4690625 0.035555555555555556 0.030625
2 0.5977777777777777 0.4709375 0.02666666666666667 0.031875
2 0.5625 0.471875 0.0661111111111111 0.03375
0 0.6788888888888889 0.4690625 0.006666666666666667 0.018125
0 0.47444444444444445 0.475 0.024444444444444446 0.05625
4 0.6577777777777778 0.461875 0.06888888888888889 0.03625
