9 0.5919444444444445 0.40625 0.01611111111111111 0.0175
0 0.6277777777777778 0.444375 0.011111111111111112 0.0425
0 0.6427777777777778 0.4484375 0.01 0.033125
2 0.47888888888888886 0.431875 0.024444444444444446 0.02
2 0.44472222222222224 0.433125 0.02277777777777778 0.0175
2 0.3975 0.4296875 0.025 0.018125
2 0.3813888888888889 0.449375 0.021666666666666667 0.03875
2 0.3511111111111111 0.4525 0.05555555555555555 0.0475
2 0.24333333333333335 0.475 0.06555555555555556 0.07875
2 0.155 0.48875 0.14444444444444443 0.11125
