7 0.8476307189542484 0.48193359375 0.02369281045751634 0.0673828125
7 0.8178104575163399 0.3740234375 0.027777777777777776 0.029296875
7 0.8223039215686274 0.18359375 0.06290849673202614 0.13671875
7 0.43995098039215685 0.44970703125 0.007352941176470588 0.0205078125
7 0.6879084967320261 0.4501953125 0.0032679738562091504 0.009765625
7 0.2312091503267974 0.46435546875 0.011437908496732025 0.0244140625
7 0.23039215686274508 0.4892578125 0.008169934640522876 0.009765625
7 0.11274509803921569 0.484375 0.016339869281045753 0.0234375
9 0.04125816993464052 0.49462890625 0.01715686274509804 0.0205078125
9 0.42034313725490197 0.453125 0.013888888888888888 0.017578125
9 0.5367647058823529 0.447265625 0.013071895424836602 0.017578125
9 0.6907679738562091 0.39990234375 0.010620915032679739 0.0068359375
9 0.6883169934640523 0.37841796875 0.007352941176470588 0.0185546875
9 0.6899509803921569 0.39111328125 0.005718954248366013 0.0068359375
9 0.6858660130718954 0.423828125 0.005718954248366013 0.013671875
9 0.9285130718954249 0.37646484375 0.012254901960784314 0.0146484375
0 0.08129084967320262 0.53369140625 0.01715686274509804 0.0224609375
0 0.0559640522875817 0.52978515625 0.010620915032679739 0.0146484375
0 0.6654411764705882 0.474609375 0.007352941176470588 0.021484375
0 0.7038398692810458 0.47900390625 0.010620915032679739 0.0380859375
0 0.7299836601307189 0.4736328125 0.012254901960784314 0.041015625
0 0.7136437908496732 0.46875 0.007352941176470588 0.03125
0 0.8288398692810458 0.53955078125 0.06454248366013073 0.2216796875
0 0.9048202614379085 0.47509765625 0.05800653594771242 0.0908203125
0 0.8762254901960784 0.478515625 0.022058823529411766 0.083984375
0 0.4722222222222222 0.5029296875 0.00980392156862745 0.03125
0 0.45465686274509803 0.50537109375 0.012254901960784314 0.0380859375
0 0.44076797385620914 0.5068359375 0.008986928104575163 0.033203125
0 0.4334150326797386 0.5087890625 0.008986928104575163 0.0390625
0 0.4040032679738562 0.5146484375 0.022058823529411766 0.0390625
0 0.377859477124183 0.50537109375 0.013888888888888888 0.0302734375
0 0.372140522875817 0.501953125 0.007352941176470588 0.017578125
0 0.36560457516339867 0.50146484375 0.007352941176470588 0.0166015625
0 0.2536764705882353 0.50732421875 0.008986928104575163 0.0126953125
0 0.2741013071895425 0.51171875 0.007352941176470588 0.01171875
0 0.2622549019607843 0.51025390625 0.006535947712418301 0.0068359375
1 0.1343954248366013 0.5615234375 0.03349673202614379 0.033203125
1 0.1527777777777778 0.55126953125 0.0196078431372549 0.0361328125
1 0.7859477124183006 0.6396484375 0.07516339869281045 0.19140625
2 0.10294117647058823 0.6865234375 0.20588235294117646 0.30078125
2 0.1613562091503268 0.54248046875 0.07434640522875817 0.0439453125
2 0.02369281045751634 0.53173828125 0.03594771241830065 0.0146484375
2 0.2622549019607843 0.537109375 0.09313725490196079 0.046875
2 0.3341503267973856 0.52197265625 0.10294117647058823 0.0537109375
2 0.5159313725490197 0.50146484375 0.07107843137254902 0.0517578125
2 0.5931372549019608 0.49853515625 0.08496732026143791 0.0908203125
0 0.1352124183006536 0.54296875 0.02369281045751634 0.05859375
0 0.8006535947712419 0.56884765625 0.10784313725490197 0.2802734375
