9 0.38166666666666665 0.45125 0.01 0.0225
9 0.021388888888888888 0.4071875 0.028333333333333332 0.024375
9 0.2125 0.4325 0.005 0.015
9 0.39944444444444444 0.471875 0.0044444444444444444 0.00625
0 0.7702777777777777 0.481875 0.017222222222222222 0.05375
0 0.7580555555555556 0.4721875 0.03388888888888889 0.074375
0 0.7391666666666666 0.475 0.015 0.06625
0 0.7188888888888889 0.4775 0.022222222222222223 0.065
0 0.7036111111111111 0.4825 0.015 0.0525
0 0.20416666666666666 0.4525 0.008333333333333333 0.0175
0 0.3452777777777778 0.4790625 0.0038888888888888888 0.014375
0 0.3502777777777778 0.479375 0.005 0.01375
2 0.5691666666666667 0.5378125 0.26055555555555554 0.221875
2 0.35388888888888886 0.4596875 0.01 0.016875
2 0.32222222222222224 0.4496875 0.01888888888888889 0.019375
