4 0.5355392156862745 0.5048828125 0.018790849673202614 0.029296875
7 0.5984477124183006 0.4833984375 0.005718954248366013 0.013671875
7 0.35130718954248363 0.49169921875 0.0032679738562091504 0.0087890625
9 0.9334150326797386 0.365234375 0.035130718954248366 0.041015625
9 0.934640522875817 0.39208984375 0.027777777777777776 0.0126953125
9 0.9338235294117647 0.4072265625 0.0196078431372549 0.017578125
0 0.3619281045751634 0.5185546875 0.006535947712418301 0.015625
0 0.011437908496732025 0.52392578125 0.011437908496732025 0.0244140625
1 0.8361928104575164 0.58251953125 0.03676470588235294 0.0654296875
2 0.07393790849673203 0.55810546875 0.10375816993464053 0.0712890625
2 0.27369281045751637 0.57763671875 0.14052287581699346 0.1240234375
2 0.6850490196078431 0.52587890625 0.028594771241830064 0.0283203125
2 0.5718954248366013 0.533203125 0.04738562091503268 0.0546875
2 0.5453431372549019 0.52392578125 0.015522875816993464 0.0322265625
2 0.5375816993464052 0.51953125 0.013071895424836602 0.0234375
2 0.4922385620915033 0.52978515625 0.031862745098039214 0.0361328125
2 0.5118464052287581 0.52685546875 0.022058823529411766 0.0302734375
2 0.4513888888888889 0.52197265625 0.02369281045751634 0.0263671875
2 0.4701797385620915 0.51708984375 0.013888888888888888 0.0146484375
2 0.4387254901960784 0.51611328125 0.011437908496732025 0.0146484375
2 0.42810457516339867 0.513671875 0.013071895424836602 0.013671875
2 0.42197712418300654 0.509765625 0.01715686274509804 0.013671875
2 0.41013071895424835 0.5166015625 0.016339869281045753 0.015625
2 0.31862745098039214 0.51220703125 0.016339869281045753 0.0107421875
0 0.8361928104575164 0.5654296875 0.03839869281045752 0.083984375
