9 0.78671875 0.38916015625 0.021875 0.0126953125
9 0.785546875 0.34716796875 0.05546875 0.0693359375
9 0.7125 0.4443359375 0.00625 0.005859375
9 0.712890625 0.42529296875 0.00859375 0.0341796875
9 0.14296875 0.44970703125 0.009375 0.0068359375
9 0.142578125 0.4326171875 0.02265625 0.029296875
0 0.68828125 0.4892578125 0.0171875 0.0703125
0 0.663671875 0.48974609375 0.02265625 0.0791015625
0 0.64375 0.4912109375 0.01875 0.068359375
0 0.574609375 0.47021484375 0.01640625 0.0322265625
0 0.533203125 0.4697265625 0.01171875 0.029296875
0 0.1421875 0.51953125 0.0171875 0.064453125
0 0.119140625 0.5205078125 0.01796875 0.0625
1 0.925 0.55615234375 0.06875 0.0986328125
2 0.920703125 0.83056640625 0.15859375 0.3388671875
2 0.904296875 0.51611328125 0.15234375 0.0712890625
2 0.608203125 0.47900390625 0.05234375 0.0361328125
2 0.560546875 0.50830078125 0.13828125 0.0576171875
2 0.3984375 0.5068359375 0.0515625 0.04296875
2 0.375 0.50390625 0.0203125 0.0390625
2 0.374609375 0.498046875 0.03984375 0.044921875
2 0.35234375 0.50244140625 0.0125 0.0302734375
2 0.34765625 0.4970703125 0.028125 0.03125
2 0.329296875 0.49560546875 0.02109375 0.0283203125
2 0.320703125 0.494140625 0.01015625 0.0234375
2 0.3125 0.4931640625 0.015625 0.02734375
2 0.30546875 0.49462890625 0.009375 0.0185546875
2 0.3 0.4921875 0.0109375 0.013671875
2 0.268359375 0.50146484375 0.04140625 0.0361328125
2 0.2421875 0.49658203125 0.0203125 0.0244140625
2 0.197265625 0.51171875 0.05390625 0.0625
2 0.286328125 0.53857421875 0.08671875 0.0732421875
