0 0.6127777777777778 0.5065625 0.10888888888888888 0.320625
0 0.5075 0.523125 0.10388888888888889 0.305
0 0.4525 0.493125 0.03611111111111111 0.13625
0 0.415 0.4921875 0.04 0.145625
2 0.9327777777777778 0.5246875 0.13444444444444445 0.361875
2 0.7905555555555556 0.5215625 0.18333333333333332 0.200625
2 0.6922222222222222 0.484375 0.2677777777777778 0.195
2 0.4033333333333333 0.475625 0.08666666666666667 0.08875
2 0.35055555555555556 0.474375 0.04777777777777778 0.06875
2 0.3194444444444444 0.47125 0.03666666666666667 0.05375
2 0.15444444444444444 0.5703125 0.3088888888888889 0.295625
