7 0.24142156862745098 0.46875 0.007352941176470588 0.021484375
7 0.24142156862745098 0.51708984375 0.004084967320261438 0.0107421875
7 0.31699346405228757 0.44775390625 0.013071895424836602 0.0380859375
7 0.5273692810457516 0.44873046875 0.010620915032679739 0.0361328125
9 0.36764705882352944 0.49169921875 0.011437908496732025 0.0126953125
9 0.7544934640522876 0.47802734375 0.03349673202614379 0.0087890625
9 0.7536764705882353 0.486328125 0.031862745098039214 0.009765625
9 0.7540849673202614 0.4951171875 0.032679738562091505 0.009765625
9 0.752859477124183 0.5029296875 0.031862745098039214 0.009765625
9 0.5678104575163399 0.494140625 0.00980392156862745 0.01171875
9 0.5674019607843137 0.5068359375 0.008986928104575163 0.013671875
9 0.6723856209150327 0.3056640625 0.026143790849673203 0.033203125
9 0.6388888888888888 0.3515625 0.05555555555555555 0.01953125
9 0.6813725490196079 0.388671875 0.0196078431372549 0.044921875
9 0.5044934640522876 0.5029296875 0.010620915032679739 0.013671875
0 0.7700163398692811 0.5537109375 0.012254901960784314 0.052734375
0 0.7050653594771242 0.548828125 0.011437908496732025 0.0390625
0 0.6854575163398693 0.54296875 0.013071895424836602 0.052734375
0 0.6241830065359477 0.53515625 0.011437908496732025 0.033203125
0 0.6074346405228758 0.53271484375 0.007352941176470588 0.0302734375
0 0.6486928104575164 0.54736328125 0.00980392156862745 0.0439453125
2 0.2062908496732026 0.56982421875 0.09722222222222222 0.0927734375
2 0.11070261437908496 0.59375 0.17565359477124182 0.1171875
2 0.3627450980392157 0.55126953125 0.05718954248366013 0.0595703125
2 0.4117647058823529 0.5390625 0.017973856209150325 0.017578125
2 0.44607843137254904 0.578125 0.10130718954248366 0.099609375
2 0.4513888888888889 0.52978515625 0.05800653594771242 0.0302734375
