9 0.9722222222222222 0.38375 0.006666666666666667 0.02875
9 0.8727777777777778 0.404375 0.0044444444444444444 0.0225
9 0.8308333333333333 0.4115625 0.005 0.019375
9 0.8086111111111111 0.4128125 0.0038888888888888888 0.018125
0 0.9836111111111111 0.5484375 0.03277777777777778 0.345625
0 0.9233333333333333 0.555625 0.12333333333333334 0.39
2 0.7602777777777778 0.4984375 0.23055555555555557 0.116875
2 0.6691666666666667 0.475 0.13277777777777777 0.0775
2 0.5941666666666666 0.461875 0.12611111111111112 0.0825
2 0.4127777777777778 0.4759375 0.05444444444444444 0.024375
2 0.030833333333333334 0.48875 0.06166666666666667 0.06875
2 0.10972222222222222 0.4928125 0.12166666666666667 0.069375
2 0.18888888888888888 0.4884375 0.05333333333333334 0.050625
2 0.24138888888888888 0.4690625 0.04055555555555555 0.016875
2 0.2872222222222222 0.4671875 0.028888888888888888 0.016875
2 0.4772222222222222 0.4740625 0.016666666666666666 0.015625
2 0.46166666666666667 0.47625 0.011111111111111112 0.01125
2 0.10944444444444444 0.4515625 0.06111111111111111 0.011875
