9 0.7011111111111111 0.3971875 0.03111111111111111 0.063125
9 0.5808333333333333 0.44375 0.005 0.01125
9 0.5847222222222223 0.4478125 0.005 0.013125
9 0.55 0.4590625 0.0044444444444444444 0.008125
9 0.5541666666666667 0.455 0.0038888888888888888 0.0075
2 0.5083333333333333 0.476875 0.056666666666666664 0.05875
2 0.4716666666666667 0.475 0.016666666666666666 0.01875
2 0.39111111111111113 0.47625 0.016666666666666666 0.015
2 0.4102777777777778 0.476875 0.012777777777777779 0.01125
8 0.2569444444444444 0.4921875 0.006111111111111111 0.010625
