9 0.5179738562091504 0.41650390625 0.0457516339869281 0.0498046875
9 0.4820261437908497 0.4345703125 0.00980392156862745 0.013671875
9 0.4440359477124183 0.44091796875 0.008986928104575163 0.0107421875
9 0.28022875816993464 0.4580078125 0.00980392156862745 0.01171875
9 0.30187908496732024 0.43896484375 0.010620915032679739 0.0126953125
9 0.3553921568627451 0.44384765625 0.0032679738562091504 0.0068359375
9 0.3929738562091503 0.44287109375 0.004901960784313725 0.0068359375
9 0.7103758169934641 0.4365234375 0.005718954248366013 0.01171875
9 0.44893790849673204 0.4404296875 0.005718954248366013 0.0078125
9 0.44893790849673204 0.43359375 0.005718954248366013 0.005859375
9 0.41625816993464054 0.4443359375 0.004084967320261438 0.01171875
9 0.4019607843137255 0.4443359375 0.004901960784313725 0.00390625
9 0.4591503267973856 0.4404296875 0.004901960784313725 0.0078125
9 0.0392156862745098 0.44873046875 0.008169934640522876 0.0087890625
9 0.5118464052287581 0.4482421875 0.004084967320261438 0.00390625
9 0.511437908496732 0.443359375 0.0032679738562091504 0.00390625
