7 0.07277777777777777 0.4190625 0.01 0.043125
7 0.29194444444444445 0.3059375 0.009444444444444445 0.031875
7 0.39361111111111113 0.3115625 0.009444444444444445 0.031875
7 0.5416666666666666 0.3865625 0.01 0.030625
7 0.7138888888888889 0.3759375 0.011111111111111112 0.026875
7 0.7175 0.41125 0.008333333333333333 0.0125
7 0.7388888888888889 0.4109375 0.011111111111111112 0.013125
7 0.7711111111111111 0.1571875 0.06333333333333334 0.139375
7 0.9519444444444445 0.16875 0.025 0.06875
9 0.3138888888888889 0.3034375 0.013333333333333334 0.015625
9 0.5363888888888889 0.341875 0.020555555555555556 0.0125
9 0.7994444444444444 0.378125 0.023333333333333334 0.0375
0 0.6780555555555555 0.474375 0.06833333333333333 0.1375
0 0.20222222222222222 0.469375 0.008888888888888889 0.02875
0 0.19333333333333333 0.4715625 0.0077777777777777776 0.024375
0 0.14777777777777779 0.4865625 0.04 0.144375
0 0.13666666666666666 0.4859375 0.07222222222222222 0.154375
0 0.5908333333333333 0.47 0.03388888888888889 0.11875
0 0.6808333333333333 0.4765625 0.04833333333333333 0.135625
0 0.8461111111111111 0.4553125 0.06888888888888889 0.158125
0 0.5719444444444445 0.4496875 0.012777777777777779 0.026875
0 0.7494444444444445 0.453125 0.008888888888888889 0.03375
0 0.7902777777777777 0.4615625 0.04055555555555555 0.136875
1 0.09916666666666667 0.48625 0.020555555555555556 0.02875
2 0.015833333333333335 0.5725 0.03166666666666667 0.1925
2 0.4141666666666667 0.5865625 0.43944444444444447 0.369375
2 0.2538888888888889 0.4628125 0.04888888888888889 0.058125
2 0.8116666666666666 0.4540625 0.12222222222222222 0.055625
0 0.10027777777777777 0.474375 0.020555555555555556 0.045
