0 0.7897222222222222 0.5240625 0.026111111111111113 0.064375
0 0.7652777777777777 0.5209375 0.030555555555555555 0.089375
0 0.07083333333333333 0.5275 0.026111111111111113 0.07375
0 0.9841666666666666 0.52 0.013888888888888888 0.0125
2 0.6786111111111112 0.5184375 0.1438888888888889 0.096875
2 0.16416666666666666 0.52 0.1361111111111111 0.095
2 0.8747222222222222 0.53125 0.135 0.035
14 0.36972222222222223 0.46625 0.3883333333333333 0.11625
14 0.9452777777777778 0.4753125 0.08611111111111111 0.030625
14 0.8741666666666666 0.466875 0.06833333333333333 0.04
14 0.9708333333333333 0.476875 0.058333333333333334 0.03625
14 0.8363888888888888 0.470625 0.0661111111111111 0.03125
14 0.7205555555555555 0.4621875 0.08 0.030625
14 0.7794444444444445 0.524375 0.056666666666666664 0.0625
