9 0.662109375 0.4130859375 0.02109375 0.025390625
9 0.6625 0.42822265625 0.0140625 0.0068359375
9 0.710546875 0.41552734375 0.01640625 0.0048828125
9 0.419140625 0.4375 0.01328125 0.013671875
9 0.419921875 0.44775390625 0.00703125 0.0048828125
0 0.383203125 0.47314453125 0.01015625 0.0166015625
0 0.396875 0.47216796875 0.00625 0.0146484375
0 0.653515625 0.57861328125 0.04765625 0.1318359375
1 0.97578125 0.50537109375 0.021875 0.0302734375
1 0.959765625 0.51904296875 0.02734375 0.0556640625
1 0.938671875 0.52197265625 0.02578125 0.0380859375
1 0.48828125 0.54345703125 0.028125 0.0673828125
2 0.0375 0.72314453125 0.075 0.2412109375
2 0.18359375 0.60400390625 0.1828125 0.1572265625
2 0.27421875 0.56396484375 0.096875 0.1162109375
2 0.3203125 0.53173828125 0.1109375 0.1123046875
2 0.37890625 0.52001953125 0.03125 0.0654296875
2 0.39921875 0.51171875 0.040625 0.056640625
2 0.4140625 0.50146484375 0.0265625 0.0458984375
2 0.422265625 0.49853515625 0.02109375 0.0439453125
2 0.453515625 0.48388671875 0.03203125 0.0341796875
2 0.471875 0.48388671875 0.009375 0.0224609375
2 0.47265625 0.47265625 0.0125 0.013671875
2 0.494921875 0.47509765625 0.01015625 0.0126953125
2 0.505859375 0.47509765625 0.01171875 0.0126953125
2 0.51640625 0.47314453125 0.0109375 0.0146484375
2 0.528515625 0.47802734375 0.01484375 0.0185546875
2 0.53984375 0.48486328125 0.0203125 0.0361328125
2 0.561328125 0.47216796875 0.00859375 0.0146484375
2 0.56640625 0.47216796875 0.00625 0.0126953125
2 0.572265625 0.4794921875 0.01328125 0.033203125
2 0.590234375 0.486328125 0.03515625 0.033203125
2 0.628125 0.5 0.0515625 0.046875
2 0.628515625 0.5146484375 0.05078125 0.060546875
2 0.64921875 0.52197265625 0.05 0.0595703125
2 0.723046875 0.56591796875 0.16171875 0.1630859375
2 0.79765625 0.49072265625 0.153125 0.0458984375
2 0.840625 0.470703125 0.065625 0.029296875
2 0.85390625 0.6083984375 0.1953125 0.193359375
2 0.91328125 0.69287109375 0.1734375 0.2392578125
2 0.412890625 0.47021484375 0.02109375 0.0126953125
0 0.488671875 0.515625 0.03359375 0.10546875
0 0.551953125 0.51513671875 0.02734375 0.1044921875
11 0.55234375 0.56591796875 0.0125 0.0107421875
