4 0.5065359477124183 0.521484375 0.026143790849673203 0.02734375
7 0.6495098039215687 0.2734375 0.032679738562091505 0.103515625
7 0.6891339869281046 0.28125 0.02369281045751634 0.08984375
7 0.6727941176470589 0.51025390625 0.013888888888888888 0.0458984375
7 0.6956699346405228 0.5087890625 0.007352941176470588 0.048828125
7 0.5694444444444444 0.43798828125 0.008169934640522876 0.0263671875
7 0.4256535947712418 0.4736328125 0.004901960784313725 0.017578125
7 0.5241013071895425 0.478515625 0.004084967320261438 0.017578125
7 0.3116830065359477 0.48388671875 0.005718954248366013 0.0185546875
7 0.4244281045751634 0.5185546875 0.004084967320261438 0.005859375
7 0.5661764705882353 0.509765625 0.004901960784313725 0.013671875
7 0.5575980392156863 0.5107421875 0.004084967320261438 0.013671875
7 0.3366013071895425 0.4970703125 0.004901960784313725 0.0078125
7 0.5228758169934641 0.478515625 0.006535947712418301 0.017578125
7 0.5845588235294118 0.421875 0.015522875816993464 0.0390625
9 0.5535130718954249 0.470703125 0.010620915032679739 0.0234375
9 0.48447712418300654 0.4638671875 0.0196078431372549 0.0234375
9 0.48856209150326796 0.4873046875 0.00980392156862745 0.013671875
9 0.954248366013072 0.484375 0.013071895424836602 0.015625
9 0.8247549019607843 0.490234375 0.013888888888888888 0.015625
9 0.3112745098039216 0.498046875 0.00980392156862745 0.009765625
9 0.3112745098039216 0.505859375 0.008169934640522876 0.005859375
0 0.26838235294117646 0.5380859375 0.01715686274509804 0.041015625
0 0.2618464052287582 0.53173828125 0.005718954248366013 0.0302734375
0 0.3684640522875817 0.5244140625 0.004901960784313725 0.021484375
0 0.3888888888888889 0.5244140625 0.004901960784313725 0.013671875
0 0.5943627450980392 0.5224609375 0.015522875816993464 0.05859375
6 0.1576797385620915 0.5166015625 0.184640522875817 0.203125
3 0.6115196078431373 0.5517578125 0.05310457516339869 0.0546875
2 0.32802287581699346 0.53857421875 0.0661764705882353 0.0576171875
2 0.7720588235294118 0.57763671875 0.2549019607843137 0.1337890625
2 0.6666666666666666 0.56201171875 0.12091503267973856 0.0927734375
2 0.9922385620915033 0.5693359375 0.015522875816993464 0.060546875
2 0.9816176470588235 0.5390625 0.03676470588235294 0.05078125
2 0.9677287581699346 0.5263671875 0.02042483660130719 0.02734375
2 0.47875816993464054 0.5302734375 0.024509803921568627 0.025390625
2 0.9575163398692811 0.51708984375 0.03104575163398693 0.0205078125
2 0.943218954248366 0.51513671875 0.007352941176470588 0.0087890625
2 0.9395424836601307 0.51318359375 0.008169934640522876 0.0087890625
2 0.9113562091503268 0.5166015625 0.02369281045751634 0.01953125
0 0.6168300653594772 0.5380859375 0.027777777777777776 0.056640625
0 0.443218954248366 0.52880859375 0.015522875816993464 0.0419921875
