4 0.39052287581699346 0.35546875 0.05555555555555555 0.07421875
4 0.7013888888888888 0.39208984375 0.1053921568627451 0.0986328125
7 0.5494281045751634 0.353515625 0.008986928104575163 0.037109375
7 0.5285947712418301 0.36572265625 0.008169934640522876 0.0322265625
7 0.4881535947712418 0.36962890625 0.008986928104575163 0.0263671875
7 0.3472222222222222 0.35791015625 0.008169934640522876 0.0224609375
9 0.14256535947712418 0.1484375 0.04656862745098039 0.05859375
9 0.14052287581699346 0.2138671875 0.049019607843137254 0.072265625
9 0.1388888888888889 0.26123046875 0.0457516339869281 0.0185546875
9 0.9575163398692811 0.3759765625 0.0196078431372549 0.02734375
9 0.13970588235294118 0.33935546875 0.008169934640522876 0.0302734375
2 0.11683006535947713 0.5458984375 0.23366013071895425 0.46484375
2 0.28104575163398693 0.43798828125 0.1781045751633987 0.1630859375
2 0.47263071895424835 0.544921875 0.29983660130718953 0.30859375
2 0.8533496732026143 0.54248046875 0.29330065359477125 0.2294921875
2 0.6609477124183006 0.47021484375 0.13071895424836602 0.1142578125
2 0.5964052287581699 0.42822265625 0.04411764705882353 0.0478515625
2 0.821078431372549 0.42822265625 0.0718954248366013 0.0224609375
2 0.9509803921568627 0.44189453125 0.09803921568627451 0.0576171875
