7 0.1591796875 0.4801432291666667 0.017578125 0.052734375
7 0.732666015625 0.4518229166666667 0.02099609375 0.06901041666666667
9 0.898681640625 0.3317057291666667 0.05615234375 0.158203125
9 0.944091796875 0.4420572916666667 0.03662109375 0.053385416666666664
9 0.16748046875 0.5403645833333334 0.021484375 0.046875
0 0.915283203125 0.5849609375 0.02197265625 0.07486979166666667
1 0.798095703125 0.6409505208333334 0.10107421875 0.08658854166666667
1 0.805419921875 0.6549479166666666 0.06787109375 0.09114583333333333
2 0.1455078125 0.7272135416666666 0.23046875 0.2903645833333333
2 0.577880859375 0.6813151041666666 0.19287109375 0.20638020833333334
2 0.3583984375 0.6041666666666666 0.080078125 0.06510416666666667
2 0.486572265625 0.58984375 0.06298828125 0.057291666666666664
8 0.70947265625 0.6178385416666666 0.017578125 0.048177083333333336
