7 0.789794921875 0.4469401041666667 0.02392578125 0.07747395833333333
7 0.625732421875 0.5511067708333334 0.00830078125 0.020182291666666668
7 0.487060546875 0.5354817708333334 0.00634765625 0.014973958333333334
7 0.641845703125 0.5328776041666666 0.00634765625 0.014973958333333334
9 0.48974609375 0.5533854166666666 0.0068359375 0.015625
0 0.064208984375 0.6038411458333334 0.02685546875 0.09830729166666667
0 0.19580078125 0.5784505208333334 0.0166015625 0.047526041666666664
0 0.248779296875 0.5872395833333334 0.01318359375 0.057291666666666664
1 0.9208984375 0.6617838541666666 0.095703125 0.119140625
2 0.3271484375 0.619140625 0.1123046875 0.08723958333333333
2 0.6689453125 0.6061197916666666 0.0908203125 0.09635416666666667
2 0.72265625 0.5999348958333334 0.0283203125 0.083984375
2 0.61474609375 0.5787760416666666 0.0185546875 0.020833333333333332
8 0.807373046875 0.6383463541666666 0.02197265625 0.076171875
