7 0.9697712418300654 0.4560546875 0.008169934640522876 0.025390625
9 0.7908496732026143 0.55517578125 0.058823529411764705 0.0771484375
0 0.014705882352941176 0.55615234375 0.017973856209150325 0.0673828125
0 0.08292483660130719 0.55322265625 0.028594771241830064 0.0947265625
0 0.12540849673202614 0.55615234375 0.018790849673202614 0.0927734375
0 0.15727124183006536 0.54833984375 0.015522875816993464 0.0673828125
0 0.1744281045751634 0.546875 0.015522875816993464 0.068359375
0 0.1830065359477124 0.546875 0.014705882352941176 0.0703125
0 0.29616013071895425 0.54443359375 0.01715686274509804 0.0576171875
0 0.30800653594771243 0.54541015625 0.013071895424836602 0.0517578125
0 0.2867647058823529 0.546875 0.013071895424836602 0.0625
0 0.34477124183006536 0.54736328125 0.027777777777777776 0.0595703125
0 0.3533496732026144 0.544921875 0.013888888888888888 0.052734375
0 0.48570261437908496 0.5234375 0.012254901960784314 0.015625
0 0.47058823529411764 0.52392578125 0.00980392156862745 0.0146484375
0 0.494281045751634 0.52294921875 0.008169934640522876 0.0166015625
0 0.5228758169934641 0.5234375 0.011437908496732025 0.015625
0 0.5294117647058824 0.5224609375 0.008169934640522876 0.015625
0 0.5714869281045751 0.52392578125 0.008986928104575163 0.0126953125
0 0.6237745098039216 0.5419921875 0.01715686274509804 0.060546875
0 0.6560457516339869 0.5390625 0.016339869281045753 0.052734375
0 0.6968954248366013 0.53662109375 0.011437908496732025 0.0478515625
0 0.7209967320261438 0.53662109375 0.010620915032679739 0.0458984375
0 0.3214869281045752 0.5537109375 0.015522875816993464 0.046875
1 0.5616830065359477 0.5546875 0.02369281045751634 0.037109375
3 0.2222222222222222 0.55126953125 0.017973856209150325 0.0244140625
3 0.12377450980392157 0.55908203125 0.05473856209150327 0.0380859375
2 0.4244281045751634 0.54931640625 0.1184640522875817 0.0712890625
2 0.17851307189542484 0.55224609375 0.08741830065359477 0.0380859375
2 0.6429738562091504 0.53564453125 0.0196078431372549 0.0205078125
2 0.7487745098039216 0.54248046875 0.03349673202614379 0.0419921875
2 0.24509803921568626 0.5478515625 0.02287581699346405 0.017578125
