4 0.6262254901960784 0.42236328125 0.02369281045751634 0.0263671875
2 0.6041666666666666 0.42822265625 0.013888888888888888 0.0087890625
2 0.5837418300653595 0.43017578125 0.02369281045751634 0.0244140625
2 0.6425653594771242 0.42919921875 0.013888888888888888 0.0283203125
2 0.49468954248366015 0.42919921875 0.02369281045751634 0.0302734375
2 0.42606209150326796 0.43896484375 0.07598039215686274 0.0615234375
2 0.5383986928104575 0.455078125 0.10130718954248366 0.09765625
2 0.673202614379085 0.4228515625 0.05392156862745098 0.0703125
2 0.875 0.4775390625 0.17647058823529413 0.119140625
2 0.9407679738562091 0.4619140625 0.09068627450980392 0.083984375
