9 0.24222222222222223 0.400625 0.011111111111111112 0.02
9 0.7436111111111111 0.363125 0.02277777777777778 0.0375
0 0.9297222222222222 0.468125 0.018333333333333333 0.07
0 0.9125 0.4640625 0.02722222222222222 0.085625
0 0.8888888888888888 0.46125 0.02 0.0725
0 0.8641666666666666 0.4571875 0.017222222222222222 0.051875
0 0.8466666666666667 0.4615625 0.01888888888888889 0.065625
0 0.8108333333333333 0.468125 0.025 0.06875
1 0.7213888888888889 0.4784375 0.017222222222222222 0.036875
2 0.03833333333333333 0.4946875 0.07666666666666666 0.116875
2 0.08138888888888889 0.479375 0.16277777777777777 0.115
2 0.13055555555555556 0.469375 0.18666666666666668 0.1125
2 0.1852777777777778 0.474375 0.09722222222222222 0.08625
2 0.23472222222222222 0.4696875 0.049444444444444444 0.076875
2 0.26944444444444443 0.4590625 0.043333333333333335 0.044375
2 0.3819444444444444 0.4675 0.06833333333333333 0.0525
2 0.4211111111111111 0.4584375 0.04111111111111111 0.030625
2 0.5408333333333334 0.4875 0.10722222222222222 0.09125
2 0.5894444444444444 0.461875 0.07666666666666666 0.0725
2 0.6397222222222222 0.461875 0.017222222222222222 0.01875
2 0.6561111111111111 0.4603125 0.021111111111111112 0.021875
0 0.7211111111111111 0.46125 0.016666666666666666 0.045
