9 0.71875 0.4290364583333333 0.029296875 0.045572916666666664
0 0.820068359375 0.5641276041666666 0.04248046875 0.134765625
0 0.69580078125 0.529296875 0.0107421875 0.049479166666666664
0 0.685302734375 0.5305989583333334 0.01611328125 0.049479166666666664
0 0.12109375 0.5572916666666666 0.0244140625 0.07942708333333333
0 0.15283203125 0.5546875 0.02734375 0.08463541666666667
0 0.25830078125 0.5377604166666666 0.0166015625 0.07291666666666667
1 0.779296875 0.6848958333333334 0.0322265625 0.14453125
2 0.482421875 0.5276692708333334 0.052734375 0.050130208333333336
2 0.419189453125 0.5354817708333334 0.02587890625 0.031901041666666664
2 0.392578125 0.5439453125 0.0439453125 0.039713541666666664
2 0.065185546875 0.5455729166666666 0.07666015625 0.0546875
2 0.539306640625 0.529296875 0.05810546875 0.028645833333333332
0 0.777099609375 0.6038411458333334 0.07373046875 0.2584635416666667
