7 0.21166666666666667 0.4003125 0.01 0.030625
7 0.39916666666666667 0.4353125 0.006111111111111111 0.016875
7 0.6136111111111111 0.39125 0.009444444444444445 0.02875
7 0.8747222222222222 0.3690625 0.018333333333333333 0.051875
7 0.9183333333333333 0.3725 0.016666666666666666 0.045
7 0.9133333333333333 0.409375 0.015555555555555555 0.01625
9 0.215 0.4321875 0.017777777777777778 0.028125
9 0.6097222222222223 0.4240625 0.01611111111111111 0.029375
0 0.03388888888888889 0.4884375 0.025555555555555557 0.080625
0 0.09055555555555556 0.4828125 0.024444444444444446 0.063125
0 0.11138888888888888 0.489375 0.011666666666666667 0.05
0 0.24972222222222223 0.475 0.009444444444444445 0.03
0 0.8205555555555556 0.469375 0.025555555555555557 0.0875
0 0.7944444444444444 0.47125 0.024444444444444446 0.0875
1 0.22138888888888889 0.5003125 0.03277777777777778 0.053125
3 0.3402777777777778 0.4915625 0.025 0.035625
2 0.2961111111111111 0.486875 0.06 0.0475
2 0.3902777777777778 0.47625 0.06833333333333333 0.06375
2 0.4288888888888889 0.47625 0.01888888888888889 0.035
2 0.43333333333333335 0.47 0.023333333333333334 0.03375
2 0.515 0.4996875 0.15 0.140625
2 0.9711111111111111 0.5225 0.057777777777777775 0.17625
0 0.22138888888888889 0.47625 0.03166666666666667 0.07875
0 0.33694444444444444 0.4784375 0.018333333333333333 0.036875
