2 0.519775390625 0.6136067708333334 0.10107421875 0.134765625
2 0.18115234375 0.5989583333333334 0.1064453125 0.12369791666666667
2 0.0859375 0.6145833333333334 0.10546875 0.1328125
0 0.1220703125 0.6272786458333334 0.041015625 0.138671875
0 0.735595703125 0.6647135416666666 0.06396484375 0.10677083333333333
11 0.72412109375 0.7083333333333334 0.0595703125 0.0625
0 0.6279296875 0.580078125 0.025390625 0.0625
1 0.626220703125 0.61328125 0.02099609375 0.045572916666666664
7 0.667236328125 0.5032552083333334 0.02197265625 0.041666666666666664
7 0.2216796875 0.5006510416666666 0.0185546875 0.041666666666666664
