7 0.9716666666666667 0.2871875 0.01 0.028125
7 0.7905555555555556 0.231875 0.011111111111111112 0.04
7 0.6516666666666666 0.2321875 0.013333333333333334 0.040625
7 0.8919444444444444 0.3640625 0.007222222222222222 0.023125
7 0.9008333333333334 0.3634375 0.007222222222222222 0.021875
7 0.9011111111111111 0.384375 0.005555555555555556 0.0175
7 0.8902777777777777 0.3875 0.006111111111111111 0.01
7 0.8677777777777778 0.38625 0.0044444444444444444 0.00875
7 0.8777777777777778 0.3653125 0.006666666666666667 0.024375
7 0.535 0.283125 0.011111111111111112 0.03
7 0.44 0.2940625 0.012222222222222223 0.033125
7 0.19305555555555556 0.3896875 0.010555555555555556 0.028125
7 0.1413888888888889 0.38625 0.009444444444444445 0.025
7 0.1225 0.41125 0.010555555555555556 0.01
7 0.1125 0.2734375 0.010555555555555556 0.035625
7 0.08666666666666667 0.2471875 0.013333333333333334 0.040625
9 0.9922222222222222 0.28375 0.015555555555555555 0.015
9 0.9925 0.2940625 0.015 0.006875
9 0.9288888888888889 0.2725 0.035555555555555556 0.0125
9 0.7036111111111111 0.226875 0.03833333333333333 0.0275
9 0.8908333333333334 0.4034375 0.0038888888888888888 0.010625
9 0.8297222222222222 0.3690625 0.015 0.015625
9 0.8297222222222222 0.380625 0.009444444444444445 0.00875
9 0.35083333333333333 0.3203125 0.03277777777777778 0.013125
9 0.40694444444444444 0.3896875 0.009444444444444445 0.020625
2 0.9358333333333333 0.49625 0.12833333333333333 0.2225
2 0.9091666666666667 0.4209375 0.03944444444444444 0.024375
2 0.6338888888888888 0.5146875 0.24333333333333335 0.206875
2 0.5463888888888889 0.4265625 0.03277777777777778 0.030625
2 0.5208333333333334 0.4246875 0.020555555555555556 0.020625
2 0.49916666666666665 0.43 0.028333333333333332 0.02625
2 0.4886111111111111 0.421875 0.01611111111111111 0.015
2 0.6022222222222222 0.4103125 0.025555555555555557 0.006875
