7 0.5951797385620915 0.48583984375 0.005718954248366013 0.0185546875
7 0.30637254901960786 0.486328125 0.008169934640522876 0.01953125
7 0.24959150326797386 0.50927734375 0.005718954248366013 0.0107421875
7 0.2986111111111111 0.5185546875 0.007352941176470588 0.005859375
7 0.39950980392156865 0.5087890625 0.0032679738562091504 0.005859375
9 0.7324346405228758 0.46435546875 0.022058823529411766 0.0263671875
9 0.7348856209150327 0.48193359375 0.02042483660130719 0.0087890625
9 0.6409313725490197 0.49609375 0.02042483660130719 0.01953125
9 0.639297385620915 0.47216796875 0.025326797385620915 0.0302734375
9 0.6303104575163399 0.5283203125 0.018790849673202614 0.009765625
9 0.5053104575163399 0.4931640625 0.007352941176470588 0.009765625
9 0.12377450980392157 0.482421875 0.02042483660130719 0.0234375
9 0.12418300653594772 0.49853515625 0.021241830065359478 0.0107421875
9 0.12418300653594772 0.50927734375 0.017973856209150325 0.0126953125
9 0.33088235294117646 0.4892578125 0.004901960784313725 0.0078125
9 0.30187908496732024 0.50439453125 0.008986928104575163 0.0107421875
0 0.701797385620915 0.5322265625 0.014705882352941176 0.03125
0 0.6196895424836601 0.5458984375 0.015522875816993464 0.056640625
0 0.5996732026143791 0.546875 0.014705882352941176 0.056640625
0 0.8803104575163399 0.4375 0.049836601307189546 0.095703125
0 0.9669117647058824 0.578125 0.03676470588235294 0.12109375
0 0.5298202614379085 0.52734375 0.007352941176470588 0.021484375
0 0.508578431372549 0.51904296875 0.004084967320261438 0.0146484375
0 0.514297385620915 0.5234375 0.004084967320261438 0.013671875
0 0.05269607843137255 0.5654296875 0.02696078431372549 0.080078125
0 0.46854575163398693 0.53564453125 0.010620915032679739 0.0361328125
1 0.7242647058823529 0.55322265625 0.018790849673202614 0.0322265625
1 0.7467320261437909 0.5546875 0.026143790849673203 0.033203125
1 0.764297385620915 0.5546875 0.02696078431372549 0.033203125
1 0.7843137254901961 0.5556640625 0.027777777777777776 0.033203125
1 0.5857843137254902 0.54833984375 0.013071895424836602 0.0185546875
3 0.42606209150326796 0.55078125 0.018790849673202614 0.03125
2 0.027777777777777776 0.6337890625 0.05555555555555555 0.1171875
2 0.21609477124183007 0.56298828125 0.10212418300653595 0.0908203125
2 0.2977941176470588 0.54833984375 0.06290849673202614 0.0556640625
2 0.3247549019607843 0.54296875 0.022058823529411766 0.044921875
2 0.33986928104575165 0.544921875 0.016339869281045753 0.03515625
2 0.3958333333333333 0.52587890625 0.01715686274509804 0.0126953125
2 0.4562908496732026 0.52001953125 0.008986928104575163 0.0107421875
0 0.4264705882352941 0.53955078125 0.017973856209150325 0.0361328125
