9 0.09472222222222222 0.389375 0.02277777777777778 0.0175
0 0.8166666666666667 0.4859375 0.028888888888888888 0.130625
0 0.7922222222222223 0.4890625 0.044444444444444446 0.126875
0 0.8705555555555555 0.4990625 0.03888888888888889 0.081875
0 0.8875 0.5 0.020555555555555556 0.08
0 0.8966666666666666 0.5059375 0.014444444444444444 0.126875
0 0.7241666666666666 0.4821875 0.04611111111111111 0.121875
0 0.6033333333333334 0.49625 0.03888888888888889 0.0975
0 0.5394444444444444 0.49625 0.06333333333333334 0.10125
0 0.5208333333333334 0.495 0.04388888888888889 0.09625
0 0.47305555555555556 0.474375 0.04833333333333333 0.1275
0 0.43027777777777776 0.46875 0.03277777777777778 0.09625
0 0.4419444444444444 0.4646875 0.009444444444444445 0.046875
0 0.41083333333333333 0.466875 0.010555555555555556 0.04875
0 0.3902777777777778 0.4859375 0.018333333333333333 0.054375
0 0.3861111111111111 0.4703125 0.014444444444444444 0.051875
0 0.37027777777777776 0.4678125 0.017222222222222222 0.054375
0 0.3561111111111111 0.4634375 0.014444444444444444 0.063125
0 0.29694444444444446 0.471875 0.009444444444444445 0.03875
0 0.2877777777777778 0.465625 0.011111111111111112 0.055
0 0.27666666666666667 0.4684375 0.012222222222222223 0.051875
0 0.2627777777777778 0.4740625 0.013333333333333334 0.040625
0 0.23194444444444445 0.4709375 0.019444444444444445 0.069375
0 0.08 0.4771875 0.025555555555555557 0.069375
0 0.050833333333333335 0.4578125 0.019444444444444445 0.064375
1 0.4038888888888889 0.4746875 0.015555555555555555 0.026875
1 0.37583333333333335 0.480625 0.017222222222222222 0.02625
