7 0.833740234375 0.3916015625 0.02197265625 0.034505208333333336
7 0.563720703125 0.5341796875 0.00927734375 0.013671875
7 0.5380859375 0.5462239583333334 0.0068359375 0.009114583333333334
7 0.326904296875 0.5319010416666666 0.01220703125 0.016927083333333332
7 0.397216796875 0.544921875 0.00830078125 0.010416666666666666
9 0.8212890625 0.5556640625 0.0166015625 0.033203125
9 0.82177734375 0.5856119791666666 0.0107421875 0.021484375
9 0.58154296875 0.5374348958333334 0.01171875 0.017578125
9 0.595703125 0.5296223958333334 0.015625 0.022786458333333332
0 0.0830078125 0.5856119791666666 0.021484375 0.08268229166666667
0 0.14208984375 0.564453125 0.015625 0.032552083333333336
0 0.673828125 0.5654296875 0.01171875 0.030598958333333332
0 0.686767578125 0.599609375 0.02392578125 0.11588541666666667
1 0.601806640625 0.6178385416666666 0.02099609375 0.046875
2 0.496826171875 0.6012369791666666 0.07958984375 0.080078125
0 0.601806640625 0.599609375 0.02099609375 0.07552083333333333
