9 0.8223039215686274 0.64208984375 0.059640522875817 0.0732421875
9 0.6086601307189542 0.4833984375 0.021241830065359478 0.015625
9 0.6327614379084967 0.49169921875 0.010620915032679739 0.0166015625
9 0.5379901960784313 0.48583984375 0.007352941176470588 0.0087890625
9 0.5375816993464052 0.49462890625 0.008169934640522876 0.0087890625
9 0.5375816993464052 0.50341796875 0.006535947712418301 0.0068359375
9 0.38848039215686275 0.48974609375 0.012254901960784314 0.0048828125
9 0.38848039215686275 0.478515625 0.013888888888888888 0.015625
9 0.3713235294117647 0.474609375 0.013888888888888888 0.005859375
9 0.37173202614379086 0.45361328125 0.00980392156862745 0.0048828125
9 0.37173202614379086 0.46435546875 0.013071895424836602 0.0146484375
9 0.22875816993464052 0.45556640625 0.03104575163398693 0.0166015625
9 0.22834967320261437 0.43798828125 0.03022875816993464 0.0146484375
9 0.22834967320261437 0.4130859375 0.02696078431372549 0.033203125
9 0.46200980392156865 0.50146484375 0.004084967320261438 0.0048828125
9 0.4195261437908497 0.529296875 0.010620915032679739 0.015625
0 0.5939542483660131 0.5234375 0.014705882352941176 0.037109375
1 0.6254084967320261 0.58984375 0.0727124183006536 0.076171875
1 0.5821078431372549 0.56689453125 0.03839869281045752 0.0556640625
1 0.568218954248366 0.56201171875 0.035130718954248366 0.0498046875
3 0.4207516339869281 0.5400390625 0.042483660130718956 0.037109375
3 0.4366830065359477 0.5341796875 0.028594771241830064 0.03125
2 0.9174836601307189 0.765625 0.1650326797385621 0.37890625
2 0.5351307189542484 0.54248046875 0.027777777777777776 0.0439453125
2 0.5216503267973857 0.5341796875 0.025326797385620915 0.033203125
2 0.5073529411764706 0.52294921875 0.016339869281045753 0.0185546875
2 0.5053104575163399 0.517578125 0.013888888888888888 0.013671875
2 0.49468954248366015 0.5205078125 0.012254901960784314 0.013671875
2 0.4758986928104575 0.52001953125 0.01715686274509804 0.0107421875
2 0.5559640522875817 0.5458984375 0.05310457516339869 0.05078125
