7 0.7299836601307189 0.41357421875 0.01715686274509804 0.0517578125
7 0.43218954248366015 0.373046875 0.02287581699346405 0.06640625
7 0.7406045751633987 0.52197265625 0.007352941176470588 0.0224609375
7 0.7242647058823529 0.482421875 0.007352941176470588 0.013671875
7 0.44689542483660133 0.51220703125 0.00980392156862745 0.0302734375
0 0.2602124183006536 0.4736328125 0.022058823529411766 0.0546875
0 0.24591503267973855 0.4814453125 0.024509803921568627 0.046875
0 0.18178104575163398 0.52197265625 0.008986928104575163 0.0302734375
0 0.1948529411764706 0.5146484375 0.007352941176470588 0.021484375
1 0.1650326797385621 0.5517578125 0.05392156862745098 0.044921875
3 0.9505718954248366 0.60693359375 0.0988562091503268 0.1064453125
3 0.826797385620915 0.60205078125 0.10947712418300654 0.0947265625
3 0.7626633986928104 0.59033203125 0.10049019607843138 0.0908203125
3 0.6952614379084967 0.58740234375 0.08823529411764706 0.0810546875
3 0.6156045751633987 0.57177734375 0.0988562091503268 0.1083984375
3 0.9840686274509803 0.54052734375 0.031862745098039214 0.0400390625
3 0.8962418300653595 0.57421875 0.06535947712418301 0.08203125
3 0.9146241830065359 0.5322265625 0.03022875816993464 0.037109375
3 0.2034313725490196 0.546875 0.05065359477124183 0.046875
3 0.21977124183006536 0.55029296875 0.017973856209150325 0.0458984375
2 0.10784313725490197 0.53271484375 0.03758169934640523 0.0322265625
2 0.07965686274509803 0.53076171875 0.03839869281045752 0.0322265625
2 0.056781045751633986 0.52587890625 0.02369281045751634 0.0263671875
2 0.025326797385620915 0.52294921875 0.024509803921568627 0.0205078125
