7 0.312890625 0.458984375 0.00859375 0.021484375
7 0.372265625 0.36328125 0.01171875 0.029296875
7 0.213671875 0.380859375 0.01484375 0.03125
7 0.234765625 0.46533203125 0.00703125 0.0263671875
7 0.649609375 0.3896484375 0.01171875 0.0234375
7 0.74140625 0.42919921875 0.009375 0.0341796875
7 0.75390625 0.44140625 0.0109375 0.037109375
7 0.868359375 0.36083984375 0.01171875 0.0341796875
7 0.85625 0.35986328125 0.0109375 0.0302734375
9 0.463671875 0.4794921875 0.00859375 0.013671875
9 0.95 0.3544921875 0.0421875 0.046875
9 0.952734375 0.41455078125 0.01796875 0.0322265625
9 0.951171875 0.38623046875 0.04765625 0.0205078125
9 0.212890625 0.4658203125 0.01484375 0.0078125
