7 0.2965686274509804 0.3115234375 0.011437908496732025 0.0390625
7 0.44199346405228757 0.34765625 0.00980392156862745 0.025390625
7 0.5424836601307189 0.3427734375 0.00980392156862745 0.03515625
7 0.6074346405228758 0.34619140625 0.008986928104575163 0.0283203125
7 0.5915032679738562 0.3486328125 0.008169934640522876 0.025390625
9 0.2965686274509804 0.337890625 0.013071895424836602 0.013671875
9 0.4415849673202614 0.36328125 0.008986928104575163 0.0078125
9 0.5424836601307189 0.3662109375 0.00980392156862745 0.01171875
9 0.5608660130718954 0.35986328125 0.012254901960784314 0.0205078125
1 0.35661764705882354 0.3798828125 0.018790849673202614 0.013671875
1 0.37540849673202614 0.37939453125 0.01715686274509804 0.0146484375
2 0.17647058823529413 0.486328125 0.1454248366013072 0.158203125
2 0.33578431372549017 0.51904296875 0.4150326797385621 0.2509765625
2 0.5036764705882353 0.46044921875 0.12336601307189543 0.1494140625
2 0.681781045751634 0.4482421875 0.07434640522875817 0.10546875
2 0.5825163398692811 0.41015625 0.08333333333333333 0.05078125
2 0.4665032679738562 0.38818359375 0.08006535947712418 0.0263671875
2 0.42197712418300654 0.39013671875 0.02042483660130719 0.0185546875
2 0.5147058823529411 0.38134765625 0.027777777777777776 0.0146484375
2 0.5518790849673203 0.37939453125 0.04656862745098039 0.0126953125
0 0.6360294117647058 0.45458984375 0.061274509803921566 0.1396484375
0 0.3570261437908497 0.3740234375 0.00980392156862745 0.017578125
0 0.3729575163398693 0.37451171875 0.007352941176470588 0.0185546875
