0 0.8902777777777777 0.4875 0.03722222222222222 0.13625
0 0.8638888888888889 0.4978125 0.03111111111111111 0.118125
0 0.7255555555555555 0.47125 0.01888888888888889 0.07875
0 0.7111111111111111 0.4896875 0.04111111111111111 0.109375
0 0.6625 0.484375 0.042777777777777776 0.11625
0 0.6416666666666667 0.4809375 0.021111111111111112 0.063125
0 0.6205555555555555 0.488125 0.03 0.1175
0 0.5938888888888889 0.4775 0.025555555555555557 0.07125
0 0.5777777777777777 0.47625 0.022222222222222223 0.0675
0 0.5541666666666667 0.4746875 0.02388888888888889 0.074375
0 0.5416666666666666 0.47375 0.017777777777777778 0.07125
0 0.535 0.4809375 0.01 0.036875
0 0.5261111111111111 0.4815625 0.011111111111111112 0.033125
0 0.5127777777777778 0.4821875 0.01 0.031875
0 0.49833333333333335 0.4815625 0.008888888888888889 0.029375
0 0.4875 0.4809375 0.009444444444444445 0.029375
2 0.45555555555555555 0.4859375 0.03222222222222222 0.029375
2 0.4313888888888889 0.4859375 0.018333333333333333 0.015625
2 0.4041666666666667 0.481875 0.041666666666666664 0.03875
2 0.3433333333333333 0.4884375 0.08222222222222222 0.070625
8 0.27194444444444443 0.4634375 0.012777777777777779 0.020625
