4 0.5061111111111111 0.453125 0.03 0.04
7 0.5433333333333333 0.41625 0.0077777777777777776 0.0075
7 0.3775 0.4215625 0.008333333333333333 0.008125
9 0.32055555555555554 0.4303125 0.0077777777777777776 0.013125
9 0.5430555555555555 0.430625 0.010555555555555556 0.01375
9 0.5894444444444444 0.4159375 0.01 0.020625
9 0.6494444444444445 0.43125 0.005555555555555556 0.00875
9 0.37805555555555553 0.435 0.009444444444444445 0.01375
0 0.6008333333333333 0.4621875 0.008333333333333333 0.026875
0 0.6077777777777778 0.45875 0.005555555555555556 0.0225
0 0.6408333333333334 0.4659375 0.013888888888888888 0.040625
0 0.6705555555555556 0.4678125 0.021111111111111112 0.056875
0 0.7136111111111111 0.465625 0.019444444444444445 0.06625
0 0.8238888888888889 0.44125 0.012222222222222223 0.03625
0 0.8352777777777778 0.4321875 0.010555555555555556 0.014375
0 0.8452777777777778 0.431875 0.010555555555555556 0.01375
2 0.03777777777777778 0.520625 0.07555555555555556 0.17125
2 0.1736111111111111 0.5096875 0.13833333333333334 0.096875
2 0.2538888888888889 0.49 0.08222222222222222 0.07875
2 0.3136111111111111 0.4790625 0.06388888888888888 0.060625
2 0.36027777777777775 0.475625 0.03388888888888889 0.0375
2 0.3852777777777778 0.469375 0.035 0.02125
2 0.42527777777777775 0.4634375 0.02277777777777778 0.020625
2 0.45444444444444443 0.4609375 0.016666666666666666 0.015625
2 0.4425 0.4625 0.007222222222222222 0.01125
2 0.4841666666666667 0.465625 0.04388888888888889 0.0425
2 0.5680555555555555 0.4728125 0.05722222222222222 0.053125
2 0.8944444444444445 0.5084375 0.21 0.319375
8 0.6963888888888888 0.4915625 0.01611111111111111 0.039375
