4 0.25163398692810457 0.521484375 0.016339869281045753 0.0234375
7 0.4089052287581699 0.498046875 0.007352941176470588 0.009765625
7 0.4452614379084967 0.51708984375 0.006535947712418301 0.0087890625
7 0.2005718954248366 0.52001953125 0.008986928104575163 0.0068359375
7 0.1919934640522876 0.49560546875 0.006535947712418301 0.0185546875
9 0.41911764705882354 0.4990234375 0.011437908496732025 0.015625
9 0.41911764705882354 0.5126953125 0.013071895424836602 0.009765625
9 0.12867647058823528 0.4970703125 0.010620915032679739 0.013671875
0 0.8766339869281046 0.58251953125 0.0457516339869281 0.1494140625
0 0.8149509803921569 0.59619140625 0.04330065359477124 0.1376953125
0 0.41013071895424835 0.5458984375 0.011437908496732025 0.033203125
0 0.39950980392156865 0.544921875 0.011437908496732025 0.037109375
0 0.3492647058823529 0.53759765625 0.008986928104575163 0.0283203125
0 0.4959150326797386 0.498046875 0.024509803921568627 0.046875
0 0.5281862745098039 0.5546875 0.015522875816993464 0.0546875
3 0.289624183006536 0.55224609375 0.015522875816993464 0.0283203125
2 0.0053104575163398695 0.6279296875 0.010620915032679739 0.07421875
2 0.046977124183006536 0.5751953125 0.09395424836601307 0.12109375
2 0.125 0.5595703125 0.07679738562091504 0.064453125
2 0.1744281045751634 0.5419921875 0.049836601307189546 0.052734375
2 0.2079248366013072 0.53857421875 0.031862745098039214 0.0361328125
2 0.2426470588235294 0.52880859375 0.011437908496732025 0.0107421875
0 0.289624183006536 0.53857421875 0.01715686274509804 0.0283203125
