9 0.5461601307189542 0.37744140625 0.051470588235294115 0.0380859375
9 0.548202614379085 0.35546875 0.013071895424836602 0.005859375
9 0.5236928104575164 0.40771484375 0.00980392156862745 0.0146484375
9 0.5241013071895425 0.42236328125 0.012254901960784314 0.0126953125
9 0.5236928104575164 0.43408203125 0.011437908496732025 0.0107421875
9 0.869281045751634 0.5576171875 0.05555555555555555 0.0703125
9 0.8754084967320261 0.490234375 0.03676470588235294 0.04296875
9 0.7393790849673203 0.57470703125 0.032679738562091505 0.1396484375
9 0.9040032679738562 0.65771484375 0.049836601307189546 0.2080078125
6 0.6678921568627451 0.46240234375 0.051470588235294115 0.0595703125
