9 0.13194444444444445 0.39125 0.025 0.03
9 0.5486111111111112 0.34375 0.051666666666666666 0.015
9 0.5469444444444445 0.3753125 0.018333333333333333 0.034375
9 0.5469444444444445 0.4046875 0.011666666666666667 0.021875
9 0.5055555555555555 0.4090625 0.017777777777777778 0.026875
9 0.5063888888888889 0.385625 0.01611111111111111 0.0225
9 0.6558333333333334 0.37875 0.025 0.03125
9 0.2511111111111111 0.401875 0.014444444444444444 0.025
0 0.6830555555555555 0.491875 0.042777777777777776 0.07125
2 0.37527777777777777 0.474375 0.14833333333333334 0.1525
12 0.6877777777777778 0.4978125 0.05444444444444444 0.054375
