7 0.5402777777777777 0.368125 0.012777777777777779 0.03
7 0.5241666666666667 0.366875 0.015 0.04125
7 0.5136111111111111 0.355625 0.015 0.05375
7 0.5141666666666667 0.309375 0.012777777777777779 0.03875
7 0.4172222222222222 0.4009375 0.008888888888888889 0.020625
7 0.395 0.40625 0.008888888888888889 0.02375
7 0.24472222222222223 0.37125 0.01611111111111111 0.02375
9 0.2627777777777778 0.3690625 0.014444444444444444 0.020625
9 0.3338888888888889 0.3878125 0.043333333333333335 0.010625
0 0.5583333333333333 0.4690625 0.03666666666666667 0.113125
0 0.5197222222222222 0.47 0.03611111111111111 0.12125
2 0.43722222222222223 0.4653125 0.04888888888888889 0.045625
2 0.32805555555555554 0.5125 0.21166666666666667 0.225
2 0.2175 0.47625 0.04388888888888889 0.05625
2 0.03722222222222222 0.485625 0.06333333333333334 0.0375
