7 0.5827777777777777 0.3725 0.0077777777777777776 0.02
7 0.5172222222222222 0.37875 0.006666666666666667 0.01875
7 0.5427777777777778 0.43 0.0044444444444444444 0.01125
7 0.5052777777777778 0.43125 0.0038888888888888888 0.01375
7 0.7072222222222222 0.3946875 0.0044444444444444444 0.013125
7 0.7533333333333333 0.394375 0.0044444444444444444 0.015
7 0.8313888888888888 0.42375 0.005 0.015
9 0.9727777777777777 0.3853125 0.035555555555555556 0.053125
2 0.8322222222222222 0.46375 0.017777777777777778 0.01125
2 0.8188888888888889 0.471875 0.027777777777777776 0.015
2 0.7930555555555555 0.460625 0.021666666666666667 0.01375
2 0.7219444444444445 0.4853125 0.085 0.066875
2 0.6147222222222222 0.45625 0.050555555555555555 0.035
7 0.8305555555555556 0.44125 0.005555555555555556 0.00625
