7 0.451953125 0.45458984375 0.00390625 0.0107421875
7 0.431640625 0.455078125 0.00390625 0.01171875
7 0.485546875 0.4677734375 0.00234375 0.0078125
7 0.484765625 0.47509765625 0.00234375 0.0029296875
9 0.278515625 0.5009765625 0.01953125 0.025390625
9 0.305078125 0.48974609375 0.01640625 0.0205078125
9 0.468359375 0.46240234375 0.00859375 0.0029296875
9 0.473046875 0.4736328125 0.00390625 0.00390625
9 0.473046875 0.4765625 0.00234375 0.001953125
9 0.492578125 0.47119140625 0.00546875 0.0068359375
9 0.546875 0.439453125 0.0109375 0.009765625
9 0.54765625 0.45068359375 0.00625 0.0107421875
9 0.404296875 0.4912109375 0.00390625 0.005859375
9 0.43203125 0.484375 0.003125 0.00390625
1 0.358984375 0.50048828125 0.00859375 0.0205078125
2 0.2484375 0.5107421875 0.034375 0.029296875
2 0.2953125 0.50439453125 0.015625 0.0166015625
2 0.318359375 0.5029296875 0.02265625 0.01953125
2 0.3359375 0.50146484375 0.0171875 0.0185546875
2 0.353125 0.5009765625 0.0109375 0.015625
2 0.369140625 0.49755859375 0.01015625 0.0146484375
2 0.43984375 0.49462890625 0.0140625 0.0146484375
2 0.45546875 0.4697265625 0.009375 0.0078125
2 0.7890625 0.4609375 0.021875 0.0234375
0 0.359765625 0.4921875 0.01171875 0.03125
8 0.60625 0.49462890625 0.009375 0.0361328125
9 0.507421875 0.47509765625 0.00703125 0.0087890625
7 0.362890625 0.47509765625 0.00390625 0.0087890625
