4 0.9084967320261438 0.552734375 0.1830065359477124 0.89453125
4 0.5988562091503268 0.4873046875 0.09477124183006536 0.046875
7 0.7001633986928104 0.47900390625 0.00980392156862745 0.0107421875
7 0.5686274509803921 0.4453125 0.008169934640522876 0.02734375
7 0.5473856209150327 0.47607421875 0.0032679738562091504 0.0068359375
7 0.4709967320261438 0.45849609375 0.004084967320261438 0.0146484375
7 0.053513071895424834 0.52734375 0.010620915032679739 0.03515625
7 0.049019607843137254 0.3369140625 0.02287581699346405 0.078125
7 0.14419934640522875 0.4775390625 0.005718954248366013 0.0078125
7 0.22875816993464052 0.4521484375 0.004901960784313725 0.017578125
7 0.2512254901960784 0.4306640625 0.007352941176470588 0.02734375
7 0.31985294117647056 0.45849609375 0.004084967320261438 0.0146484375
7 0.33374183006535946 0.47509765625 0.0024509803921568627 0.0087890625
9 0.6127450980392157 0.46826171875 0.00980392156862745 0.0146484375
9 0.5755718954248366 0.466796875 0.013888888888888888 0.017578125
9 0.573937908496732 0.41162109375 0.015522875816993464 0.0205078125
9 0.573937908496732 0.42626953125 0.015522875816993464 0.0087890625
9 0.04493464052287582 0.40673828125 0.03758169934640523 0.0439453125
9 0.042483660130718956 0.44580078125 0.029411764705882353 0.0302734375
9 0.25163398692810457 0.45703125 0.016339869281045753 0.01953125
0 0.8472222222222222 0.5576171875 0.026143790849673203 0.109375
0 0.5866013071895425 0.56591796875 0.049019607843137254 0.1337890625
0 0.6609477124183006 0.52099609375 0.017973856209150325 0.0673828125
0 0.636437908496732 0.52294921875 0.016339869281045753 0.0673828125
0 0.6282679738562091 0.5087890625 0.00980392156862745 0.03515625
0 0.7602124183006536 0.529296875 0.018790849673202614 0.044921875
0 0.7691993464052288 0.5341796875 0.025326797385620915 0.048828125
0 0.7091503267973857 0.5166015625 0.013071895424836602 0.029296875
0 0.5620915032679739 0.51416015625 0.016339869281045753 0.0458984375
0 0.19730392156862744 0.51953125 0.018790849673202614 0.0625
0 0.1642156862745098 0.515625 0.014705882352941176 0.056640625
0 0.1409313725490196 0.513671875 0.015522875816993464 0.05859375
0 0.12663398692810457 0.51220703125 0.014705882352941176 0.0576171875
0 0.14705882352941177 0.50439453125 0.008169934640522876 0.0380859375
0 0.10130718954248366 0.5146484375 0.016339869281045753 0.052734375
0 0.09191176470588236 0.5126953125 0.012254901960784314 0.0546875
0 0.07434640522875817 0.51171875 0.014705882352941176 0.05859375
0 0.252859477124183 0.50830078125 0.013888888888888888 0.0419921875
0 0.26552287581699346 0.51025390625 0.00980392156862745 0.0458984375
0 0.3415032679738562 0.50146484375 0.004901960784313725 0.0185546875
0 0.3451797385620915 0.49951171875 0.004084967320261438 0.0146484375
0 0.3602941176470588 0.50244140625 0.006535947712418301 0.0263671875
0 0.35580065359477125 0.5009765625 0.005718954248366013 0.021484375
0 0.3680555555555556 0.501953125 0.007352941176470588 0.01953125
0 0.38439542483660133 0.5029296875 0.005718954248366013 0.015625
0 0.4076797385620915 0.50341796875 0.006535947712418301 0.0263671875
0 0.41380718954248363 0.50341796875 0.007352941176470588 0.0244140625
0 0.41830065359477125 0.5029296875 0.008169934640522876 0.025390625
0 0.4293300653594771 0.50146484375 0.008986928104575163 0.0283203125
0 0.43790849673202614 0.501953125 0.006535947712418301 0.021484375
0 0.4522058823529412 0.50146484375 0.005718954248366013 0.0205078125
6 0.37826797385620914 0.49462890625 0.016339869281045753 0.0224609375
3 0.21486928104575165 0.5166015625 0.06372549019607843 0.048828125
2 0.10866013071895425 0.66796875 0.2173202614379085 0.25
2 0.36519607843137253 0.68212890625 0.32189542483660133 0.3017578125
2 0.6258169934640523 0.50830078125 0.0392156862745098 0.0302734375
2 0.49264705882352944 0.50634765625 0.0718954248366013 0.0302734375
2 0.2769607843137255 0.5048828125 0.017973856209150325 0.0234375
2 0.3006535947712418 0.49951171875 0.00980392156862745 0.0126953125
2 0.3125 0.5009765625 0.007352941176470588 0.013671875
2 0.32965686274509803 0.4990234375 0.010620915032679739 0.009765625
2 0.3174019607843137 0.50048828125 0.004084967320261438 0.0107421875
2 0.3909313725490196 0.498046875 0.012254901960784314 0.015625
14 0.031862745098039214 0.4912109375 0.06372549019607843 0.103515625
