9 0.5169444444444444 0.4340625 0.011666666666666667 0.013125
9 0.5180555555555556 0.4409375 0.008333333333333333 0.003125
2 0.11833333333333333 0.4584375 0.11 0.041875
2 0.5175 0.461875 0.035 0.03
2 0.5702777777777778 0.4421875 0.018333333333333333 0.006875
2 0.3438888888888889 0.4584375 0.017777777777777778 0.016875
2 0.3491666666666667 0.461875 0.02388888888888889 0.0175
2 0.37972222222222224 0.4559375 0.028333333333333332 0.016875
2 0.43722222222222223 0.4528125 0.03666666666666667 0.021875
2 0.44472222222222224 0.4578125 0.025 0.018125
2 0.3011111111111111 0.4571875 0.017777777777777778 0.011875
