1 0.38828125 0.5087890625 0.009375 0.03125
2 0.914453125 0.7783203125 0.17109375 0.37109375
2 0.8265625 0.6259765625 0.2546875 0.24609375
2 0.691796875 0.57373046875 0.15078125 0.1787109375
2 0.628515625 0.55224609375 0.05390625 0.1083984375
2 0.629296875 0.53076171875 0.08515625 0.1142578125
2 0.583984375 0.5048828125 0.06328125 0.08203125
2 0.552734375 0.50048828125 0.03359375 0.0673828125
2 0.53828125 0.48876953125 0.0265625 0.0419921875
2 0.530859375 0.482421875 0.02265625 0.0390625
2 0.5203125 0.4755859375 0.0203125 0.037109375
2 0.509765625 0.47607421875 0.01640625 0.0302734375
2 0.500390625 0.466796875 0.01328125 0.017578125
2 0.471484375 0.46826171875 0.02265625 0.0244140625
2 0.080859375 0.54345703125 0.16171875 0.0869140625
2 0.157421875 0.513671875 0.12734375 0.0703125
2 0.23515625 0.501953125 0.053125 0.05859375
2 0.309765625 0.49365234375 0.03828125 0.0439453125
2 0.372265625 0.49365234375 0.03046875 0.0361328125
2 0.40390625 0.4833984375 0.025 0.02734375
2 0.41484375 0.478515625 0.015625 0.025390625
2 0.43046875 0.470703125 0.0171875 0.01953125
2 0.4421875 0.4677734375 0.0109375 0.015625
2 0.44765625 0.46484375 0.0109375 0.015625
2 0.310546875 0.48095703125 0.07421875 0.0361328125
2 0.03671875 0.498046875 0.0734375 0.056640625
0 0.38828125 0.48974609375 0.0125 0.0458984375
