7 0.2577777777777778 0.4209375 0.01 0.028125
7 0.43916666666666665 0.390625 0.009444444444444445 0.02625
7 0.4686111111111111 0.4190625 0.009444444444444445 0.025625
7 0.5108333333333334 0.4178125 0.010555555555555556 0.029375
7 0.6233333333333333 0.4225 0.0077777777777777776 0.01125
9 0.5672222222222222 0.410625 0.02666666666666667 0.0275
0 0.7311111111111112 0.461875 0.02666666666666667 0.04
0 0.9427777777777778 0.433125 0.035555555555555556 0.08625
0 0.9872222222222222 0.4234375 0.025555555555555557 0.061875
1 0.9683333333333334 0.5265625 0.06333333333333334 0.133125
1 0.9280555555555555 0.5275 0.065 0.11625
2 0.11388888888888889 0.4953125 0.14 0.095625
2 0.2575 0.4815625 0.07611111111111112 0.053125
2 0.3213888888888889 0.4715625 0.05388888888888889 0.045625
