9 0.75 0.40966796875 0.0140625 0.0419921875
9 0.980859375 0.33544921875 0.03671875 0.0224609375
9 0.966015625 0.263671875 0.06796875 0.123046875
9 0.0421875 0.4482421875 0.0109375 0.0078125
9 0.041796875 0.42626953125 0.02890625 0.0361328125
0 0.51484375 0.466796875 0.0109375 0.03515625
0 0.569140625 0.46484375 0.01171875 0.03515625
0 0.68125 0.4892578125 0.0265625 0.09375
0 0.709765625 0.49169921875 0.02734375 0.0888671875
0 0.033203125 0.53125 0.02109375 0.0703125
0 0.0578125 0.52880859375 0.021875 0.0732421875
2 0.23515625 0.4873046875 0.0078125 0.015625
2 0.241796875 0.4873046875 0.01015625 0.017578125
2 0.25 0.49072265625 0.0171875 0.0224609375
2 0.251953125 0.4931640625 0.01484375 0.021484375
2 0.222265625 0.48828125 0.01796875 0.021484375
2 0.17578125 0.4951171875 0.0140625 0.0234375
2 0.170703125 0.50048828125 0.01484375 0.0322265625
2 0.145703125 0.50390625 0.04296875 0.056640625
2 0.123046875 0.51708984375 0.06484375 0.0771484375
2 0.2046875 0.5224609375 0.065625 0.06640625
2 0.261328125 0.4951171875 0.01796875 0.021484375
2 0.278515625 0.49365234375 0.02890625 0.0302734375
2 0.285546875 0.49755859375 0.02421875 0.0302734375
2 0.3046875 0.49853515625 0.028125 0.0361328125
2 0.308984375 0.5048828125 0.01484375 0.03515625
2 0.333984375 0.5 0.04609375 0.05078125
2 0.33515625 0.5068359375 0.0265625 0.044921875
2 0.358984375 0.51171875 0.05859375 0.0546875
2 0.301953125 0.572265625 0.18046875 0.099609375
2 0.54765625 0.513671875 0.1609375 0.072265625
2 0.62265625 0.482421875 0.090625 0.046875
2 0.737109375 0.4794921875 0.08828125 0.0546875
2 0.949609375 0.52490234375 0.10078125 0.0869140625
