1 0.32109375 0.55126953125 0.025 0.0576171875
2 0.91640625 0.80224609375 0.1671875 0.3955078125
2 0.855859375 0.64111328125 0.26484375 0.2841796875
2 0.659765625 0.541015625 0.12265625 0.1328125
2 0.6 0.52587890625 0.0625 0.0986328125
2 0.572265625 0.51220703125 0.04140625 0.0634765625
2 0.5671875 0.49951171875 0.0546875 0.0615234375
2 0.54453125 0.4921875 0.03125 0.052734375
2 0.534765625 0.4814453125 0.03671875 0.046875
2 0.51484375 0.4833984375 0.0125 0.02734375
2 0.513671875 0.47802734375 0.01953125 0.0302734375
2 0.50859375 0.47265625 0.01875 0.029296875
2 0.499609375 0.470703125 0.01171875 0.021484375
2 0.49296875 0.46630859375 0.0125 0.0166015625
2 0.46640625 0.470703125 0.0265625 0.029296875
2 0.440625 0.4638671875 0.0125 0.015625
2 0.43359375 0.46728515625 0.0140625 0.0166015625
2 0.42109375 0.47314453125 0.021875 0.0185546875
2 0.397265625 0.48388671875 0.02421875 0.0302734375
2 0.38359375 0.48974609375 0.0359375 0.0361328125
2 0.34765625 0.50390625 0.040625 0.044921875
2 0.258203125 0.49365234375 0.08828125 0.0537109375
2 0.250390625 0.50390625 0.06015625 0.052734375
2 0.133984375 0.521484375 0.07578125 0.08203125
2 0.041015625 0.5439453125 0.08203125 0.115234375
2 0.61796875 0.4619140625 0.0484375 0.0234375
0 0.323828125 0.5283203125 0.02734375 0.087890625
