9 0.345703125 0.41748046875 0.02109375 0.0087890625
0 0.0609375 0.5380859375 0.0234375 0.09375
0 0.0828125 0.53173828125 0.025 0.1044921875
0 0.62890625 0.49365234375 0.015625 0.0771484375
0 0.65 0.48876953125 0.0171875 0.0634765625
0 0.671484375 0.49365234375 0.01796875 0.0712890625
2 0.23671875 0.48583984375 0.0390625 0.0400390625
2 0.129296875 0.4990234375 0.12734375 0.06640625
2 0.0640625 0.47998046875 0.046875 0.0263671875
2 0.075390625 0.46875 0.06484375 0.015625
2 0.461328125 0.4560546875 0.02890625 0.029296875
2 0.404296875 0.46533203125 0.01015625 0.0087890625
8 0.143359375 0.55517578125 0.01328125 0.0517578125
8 0.35234375 0.46826171875 0.0046875 0.0146484375
