7 0.010620915032679739 0.41845703125 0.021241830065359478 0.0400390625
7 0.24468954248366012 0.40087890625 0.03349673202614379 0.0400390625
9 0.883578431372549 0.40576171875 0.013888888888888888 0.0146484375
9 0.9338235294117647 0.384765625 0.024509803921568627 0.021484375
9 0.3974673202614379 0.517578125 0.022058823529411766 0.05078125
9 0.2295751633986928 0.34326171875 0.027777777777777776 0.0556640625
9 0.28145424836601307 0.384765625 0.14460784313725492 0.05078125
9 0.20383986928104575 0.35009765625 0.12336601307189543 0.0341796875
9 0.07516339869281045 0.39111328125 0.06535947712418301 0.0263671875
9 0.04330065359477124 0.2939453125 0.04738562091503268 0.078125
9 0.044526143790849675 0.34033203125 0.04493464052287582 0.0224609375
9 0.0457516339869281 0.3662109375 0.0457516339869281 0.029296875
9 0.04330065359477124 0.3955078125 0.03758169934640523 0.029296875
9 0.010620915032679739 0.35693359375 0.013071895424836602 0.0556640625
9 0.22508169934640523 0.19091796875 0.21486928104575165 0.2060546875
9 0.05310457516339869 0.470703125 0.08006535947712418 0.03125
0 0.8247549019607843 0.43603515625 0.010620915032679739 0.0263671875
0 0.05514705882352941 0.59619140625 0.0727124183006536 0.2255859375
0 0.014297385620915032 0.64794921875 0.028594771241830064 0.1845703125
0 0.016748366013071895 0.60205078125 0.03349673202614379 0.2236328125
3 0.8860294117647058 0.76220703125 0.22794117647058823 0.4111328125
2 0.9248366013071896 0.4501953125 0.14705882352941177 0.06640625
2 0.6589052287581699 0.47705078125 0.11519607843137254 0.0556640625
2 0.4542483660130719 0.50048828125 0.14052287581699346 0.0673828125
2 0.11070261437908496 0.5302734375 0.06290849673202614 0.060546875
0 0.6531862745098039 0.4619140625 0.02042483660130719 0.013671875
0 0.45465686274509803 0.4814453125 0.02369281045751634 0.013671875
0 0.9052287581699346 0.7080078125 0.1895424836601307 0.55078125
