9 0.9394444444444444 0.429375 0.016666666666666666 0.04
9 0.7119444444444445 0.4096875 0.008333333333333333 0.014375
9 0.4875 0.413125 0.006111111111111111 0.01125
9 0.22611111111111112 0.3978125 0.0077777777777777776 0.020625
0 0.9783333333333334 0.446875 0.014444444444444444 0.055
0 0.9641666666666666 0.4428125 0.006111111111111111 0.024375
0 0.8525 0.44875 0.011666666666666667 0.045
0 0.8363888888888888 0.4484375 0.012777777777777779 0.045625
0 0.8244444444444444 0.448125 0.013333333333333334 0.0475
0 0.7977777777777778 0.451875 0.011111111111111112 0.035
0 0.7816666666666666 0.449375 0.008888888888888889 0.0375
0 0.8077777777777778 0.4478125 0.0077777777777777776 0.033125
2 0.7697222222222222 0.449375 0.015 0.02125
2 0.7527777777777778 0.445 0.016666666666666666 0.01375
2 0.6786111111111112 0.4496875 0.035 0.038125
2 0.6391666666666667 0.45 0.0661111111111111 0.05625
2 0.5738888888888889 0.473125 0.08 0.07
2 0.4513888888888889 0.4515625 0.09722222222222222 0.053125
2 0.455 0.4621875 0.03111111111111111 0.034375
2 0.3933333333333333 0.453125 0.10222222222222223 0.06125
2 0.39111111111111113 0.465 0.03666666666666667 0.04625
2 0.34194444444444444 0.463125 0.08722222222222223 0.06
2 0.2961111111111111 0.46375 0.14 0.07625
2 0.16416666666666666 0.46625 0.17944444444444443 0.0775
2 0.04555555555555556 0.44875 0.07222222222222222 0.02625
2 0.49583333333333335 0.4525 0.03722222222222222 0.04
