9 0.8083333333333333 0.308125 0.056666666666666664 0.025
9 0.8136111111111111 0.3471875 0.04611111111111111 0.054375
9 0.8105555555555556 0.485 0.05555555555555555 0.02125
0 0.06666666666666667 0.4715625 0.013333333333333334 0.060625
0 0.08694444444444445 0.5096875 0.029444444444444443 0.081875
0 0.11555555555555555 0.5015625 0.034444444444444444 0.104375
0 0.6955555555555556 0.450625 0.02666666666666667 0.0525
0 0.7077777777777777 0.46125 0.015555555555555555 0.07375
0 0.7202777777777778 0.46 0.02277777777777778 0.0775
0 0.7788888888888889 0.4596875 0.024444444444444446 0.085625
0 0.7622222222222222 0.4678125 0.023333333333333334 0.074375
4 0.3838888888888889 0.42875 0.04888888888888889 0.04
2 0.38305555555555554 0.4934375 0.18833333333333332 0.110625
2 0.5788888888888889 0.555625 0.31777777777777777 0.2725
2 0.9286111111111112 0.4584375 0.14277777777777778 0.086875
2 0.04527777777777778 0.538125 0.09055555555555556 0.14375
