9 0.8130555555555555 0.3909375 0.02277777777777778 0.040625
9 0.6294444444444445 0.4159375 0.024444444444444446 0.008125
9 0.2708333333333333 0.484375 0.015 0.00875
9 0.37666666666666665 0.45625 0.01 0.00375
0 0.3927777777777778 0.48375 0.005555555555555556 0.0125
0 0.3869444444444444 0.484375 0.005 0.0125
1 0.8122222222222222 0.54875 0.06666666666666667 0.11
1 0.7 0.5271875 0.03777777777777778 0.070625
1 0.6427777777777778 0.516875 0.02 0.035
1 0.5977777777777777 0.5046875 0.02666666666666667 0.050625
1 0.6141666666666666 0.5103125 0.011666666666666667 0.031875
1 0.5752777777777778 0.5059375 0.012777777777777779 0.026875
1 0.5477777777777778 0.50375 0.012222222222222223 0.0225
1 0.5625 0.500625 0.007222222222222222 0.01875
2 0.016944444444444446 0.560625 0.03388888888888889 0.13375
2 0.19305555555555556 0.5025 0.115 0.095
2 0.3338888888888889 0.486875 0.06555555555555556 0.06125
2 0.41055555555555556 0.4903125 0.011111111111111112 0.008125
2 0.4686111111111111 0.488125 0.012777777777777779 0.0125
0 0.8133333333333334 0.501875 0.06888888888888889 0.1775
0 0.7033333333333334 0.4925 0.04111111111111111 0.1
0 0.6427777777777778 0.4971875 0.024444444444444446 0.066875
0 0.5969444444444445 0.4815625 0.028333333333333332 0.068125
0 0.6147222222222222 0.4921875 0.010555555555555556 0.055625
0 0.5744444444444444 0.485625 0.016666666666666666 0.0425
0 0.5477777777777778 0.49125 0.013333333333333334 0.04125
0 0.5630555555555555 0.4875 0.010555555555555556 0.02875
