7 0.4562908496732026 0.44677734375 0.004084967320261438 0.0048828125
7 0.5212418300653595 0.41796875 0.006535947712418301 0.015625
7 0.6327614379084967 0.37109375 0.005718954248366013 0.017578125
9 0.5351307189542484 0.45849609375 0.008169934640522876 0.0107421875
9 0.6964869281045751 0.42431640625 0.010620915032679739 0.0166015625
9 0.6723856209150327 0.4306640625 0.008169934640522876 0.01171875
9 0.6805555555555556 0.41748046875 0.011437908496732025 0.0302734375
9 0.9031862745098039 0.37841796875 0.04003267973856209 0.0166015625
1 0.6540032679738562 0.4609375 0.012254901960784314 0.021484375
2 0.2455065359477124 0.47509765625 0.04820261437908497 0.0146484375
2 0.41625816993464054 0.4716796875 0.022058823529411766 0.021484375
2 0.3954248366013072 0.47705078125 0.0392156862745098 0.0263671875
2 0.3668300653594771 0.47119140625 0.0392156862745098 0.0224609375
2 0.5841503267973857 0.4599609375 0.021241830065359478 0.017578125
2 0.5947712418300654 0.462890625 0.00980392156862745 0.02734375
2 0.6115196078431373 0.46337890625 0.03022875816993464 0.0322265625
2 0.5625 0.4638671875 0.031862745098039214 0.029296875
2 0.625 0.4560546875 0.011437908496732025 0.017578125
2 0.6699346405228758 0.44873046875 0.0196078431372549 0.0205078125
0 0.6535947712418301 0.451171875 0.013071895424836602 0.029296875
