9 0.5422222222222223 0.4371875 0.015555555555555555 0.008125
9 0.4688888888888889 0.44625 0.0044444444444444444 0.005
9 0.9177777777777778 0.18 0.16444444444444445 0.13
6 0.6 0.4353125 0.09444444444444444 0.109375
2 0.029722222222222223 0.488125 0.059444444444444446 0.065
2 0.2125 0.470625 0.05722222222222222 0.04125
2 0.3055555555555556 0.468125 0.021111111111111112 0.02375
2 0.33444444444444443 0.4603125 0.035555555555555556 0.029375
2 0.5011111111111111 0.4578125 0.011111111111111112 0.010625
2 0.5263888888888889 0.4603125 0.019444444444444445 0.019375
2 0.5116666666666667 0.454375 0.0077777777777777776 0.00875
