7 0.4675 0.204375 0.01611111111111111 0.02375
7 0.7491666666666666 0.3465625 0.018333333333333333 0.023125
7 0.7472222222222222 0.38875 0.008888888888888889 0.0175
9 0.7372222222222222 0.3665625 0.03777777777777778 0.015625
9 0.7277777777777777 0.333125 0.01888888888888889 0.04125
9 0.6108333333333333 0.4140625 0.01611111111111111 0.021875
9 0.5341666666666667 0.4115625 0.009444444444444445 0.011875
9 0.7405555555555555 0.4403125 0.005555555555555556 0.010625
0 0.6936111111111111 0.466875 0.01611111111111111 0.06625
0 0.7088888888888889 0.465625 0.014444444444444444 0.06375
0 0.9402777777777778 0.5378125 0.11944444444444445 0.924375
2 0.39055555555555554 0.48 0.011111111111111112 0.01
