4 0.6552287581699346 0.45751953125 0.08006535947712418 0.0634765625
9 0.47794117647058826 0.3984375 0.04738562091503268 0.01171875
9 0.5412581699346405 0.3984375 0.04820261437908497 0.01171875
9 0.6004901960784313 0.39453125 0.03431372549019608 0.009765625
9 0.6008986928104575 0.40576171875 0.03349673202614379 0.0126953125
9 0.5416666666666666 0.408203125 0.04738562091503268 0.0078125
9 0.47794117647058826 0.4091796875 0.04738562091503268 0.009765625
6 0.0821078431372549 0.453125 0.1642156862745098 0.220703125
6 0.318218954248366 0.462890625 0.059640522875817 0.060546875
6 0.36233660130718953 0.46875 0.028594771241830064 0.04296875
6 0.414624183006536 0.47607421875 0.013888888888888888 0.0146484375
2 0.2193627450980392 0.48828125 0.06290849673202614 0.064453125
2 0.19321895424836602 0.48193359375 0.059640522875817 0.0654296875
2 0.3660130718954248 0.4794921875 0.032679738562091505 0.021484375
2 0.3333333333333333 0.48193359375 0.029411764705882353 0.0263671875
2 0.38439542483660133 0.4755859375 0.015522875816993464 0.015625
2 0.39419934640522875 0.4755859375 0.010620915032679739 0.013671875
2 0.4309640522875817 0.5341796875 0.1053921568627451 0.1015625
2 0.4681372549019608 0.49560546875 0.05065359477124183 0.0615234375
2 0.4783496732026144 0.48193359375 0.03022875816993464 0.0419921875
2 0.928921568627451 0.52001953125 0.14215686274509803 0.1025390625
2 0.6891339869281046 0.5576171875 0.18872549019607843 0.1640625
2 0.6053921568627451 0.486328125 0.042483660130718956 0.05078125
2 0.5555555555555556 0.4912109375 0.06045751633986928 0.06640625
2 0.5138888888888888 0.48291015625 0.024509803921568627 0.0244140625
2 0.5020424836601307 0.478515625 0.007352941176470588 0.015625
