7 0.19287109375 0.4495442708333333 0.0224609375 0.072265625
7 0.43115234375 0.5205078125 0.009765625 0.031901041666666664
7 0.63818359375 0.5234375 0.0087890625 0.029947916666666668
7 0.767333984375 0.4632161458333333 0.01708984375 0.055338541666666664
0 0.925048828125 0.6162109375 0.03759765625 0.13346354166666666
0 0.903076171875 0.6025390625 0.02099609375 0.054036458333333336
0 0.947998046875 0.6070963541666666 0.01611328125 0.072265625
1 0.723876953125 0.6559244791666666 0.02783203125 0.06966145833333333
2 0.31640625 0.6487630208333334 0.1552734375 0.15690104166666666
2 0.384521484375 0.5999348958333334 0.04248046875 0.054036458333333336
2 0.52783203125 0.6611328125 0.1494140625 0.166015625
2 0.562744140625 0.599609375 0.05029296875 0.055989583333333336
2 0.58056640625 0.5807291666666666 0.0341796875 0.037760416666666664
0 0.725341796875 0.6256510416666666 0.03271484375 0.109375
