7 0.19444444444444445 0.39125 0.0077777777777777776 0.0225
7 0.26472222222222225 0.38 0.009444444444444445 0.02125
7 0.36138888888888887 0.4190625 0.007222222222222222 0.018125
7 0.39916666666666667 0.4171875 0.007222222222222222 0.018125
7 0.47583333333333333 0.4009375 0.008333333333333333 0.020625
7 0.5694444444444444 0.443125 0.0044444444444444444 0.0125
7 0.6147222222222222 0.42375 0.006111111111111111 0.01875
7 0.41833333333333333 0.460625 0.0022222222222222222 0.005
7 0.4261111111111111 0.4603125 0.0022222222222222222 0.005625
7 0.4425 0.4590625 0.0016666666666666668 0.004375
9 0.3794444444444444 0.4153125 0.01 0.011875
9 0.5058333333333334 0.4584375 0.008333333333333333 0.016875
9 0.5397222222222222 0.4496875 0.010555555555555556 0.014375
9 0.5466666666666666 0.454375 0.008888888888888889 0.01375
9 0.7425 0.40875 0.025 0.03375
9 0.67 0.415625 0.012222222222222223 0.02
9 0.6702777777777778 0.4296875 0.010555555555555556 0.009375
9 0.0811111111111111 0.475 0.014444444444444444 0.0125
2 0.37333333333333335 0.4834375 0.015555555555555555 0.016875
2 0.3325 0.4896875 0.021666666666666667 0.019375
2 0.425 0.4875 0.043333333333333335 0.0425
2 0.5116666666666667 0.503125 0.08666666666666667 0.07625
2 0.20583333333333334 0.503125 0.235 0.18
