4 0.5674019607843137 0.34423828125 0.0727124183006536 0.0634765625
7 0.08006535947712418 0.0927734375 0.06699346405228758 0.171875
7 0.3006535947712418 0.2509765625 0.027777777777777776 0.07421875
9 0.41544117647058826 0.37353515625 0.018790849673202614 0.0048828125
0 0.15931372549019607 0.388671875 0.0196078431372549 0.060546875
0 0.19076797385620914 0.40283203125 0.031862745098039214 0.0810546875
0 0.18423202614379086 0.39013671875 0.015522875816993464 0.0576171875
0 0.22058823529411764 0.40478515625 0.027777777777777776 0.0830078125
0 0.2099673202614379 0.39501953125 0.011437908496732025 0.0556640625
0 0.23161764705882354 0.3994140625 0.01715686274509804 0.068359375
0 0.9861111111111112 0.4716796875 0.027777777777777776 0.1171875
0 0.9187091503267973 0.45361328125 0.022058823529411766 0.0634765625
0 0.8803104575163399 0.4521484375 0.018790849673202614 0.0625
0 0.8762254901960784 0.44970703125 0.012254901960784314 0.0654296875
0 0.8451797385620915 0.43359375 0.01715686274509804 0.01953125
0 0.8206699346405228 0.4501953125 0.013888888888888888 0.0625
0 0.8100490196078431 0.4404296875 0.012254901960784314 0.044921875
0 0.7965686274509803 0.44189453125 0.013071895424836602 0.0419921875
0 0.7148692810457516 0.43115234375 0.013071895424836602 0.0341796875
0 0.7005718954248366 0.42724609375 0.012254901960784314 0.0400390625
2 0.4305555555555556 0.412109375 0.05392156862745098 0.072265625
2 0.46282679738562094 0.40869140625 0.02042483660130719 0.0537109375
2 0.5575980392156863 0.458984375 0.16094771241830066 0.17578125
2 0.6491013071895425 0.43603515625 0.04656862745098039 0.0927734375
