4 0.27532679738562094 0.484375 0.03594771241830065 0.03515625
7 0.8459967320261438 0.423828125 0.013888888888888888 0.044921875
7 0.7855392156862745 0.45556640625 0.010620915032679739 0.0244140625
7 0.08496732026143791 0.431640625 0.006535947712418301 0.01953125
7 0.08292483660130719 0.47607421875 0.004084967320261438 0.0068359375
7 0.21650326797385622 0.40625 0.014705882352941176 0.041015625
7 0.6033496732026143 0.39892578125 0.015522875816993464 0.0458984375
7 0.6584967320261438 0.451171875 0.006535947712418301 0.0078125
7 0.5992647058823529 0.505859375 0.004084967320261438 0.005859375
7 0.24428104575163398 0.4619140625 0.0032679738562091504 0.009765625
7 0.5204248366013072 0.4560546875 0.004901960784313725 0.01171875
9 0.8770424836601307 0.4287109375 0.01715686274509804 0.0234375
9 0.877859477124183 0.4521484375 0.015522875816993464 0.0234375
9 0.8774509803921569 0.4755859375 0.016339869281045753 0.0234375
9 0.8558006535947712 0.46044921875 0.02696078431372549 0.0322265625
9 0.8022875816993464 0.4794921875 0.011437908496732025 0.015625
9 0.7920751633986928 0.4580078125 0.02696078431372549 0.013671875
9 0.7916666666666666 0.47119140625 0.026143790849673203 0.0107421875
9 0.7679738562091504 0.45751953125 0.02287581699346405 0.0380859375
9 0.14419934640522875 0.45751953125 0.008986928104575163 0.0166015625
9 0.22263071895424835 0.45703125 0.022058823529411766 0.029296875
9 0.6013071895424836 0.44384765625 0.027777777777777776 0.0341796875
9 0.32189542483660133 0.46533203125 0.008169934640522876 0.0087890625
9 0.32230392156862747 0.47119140625 0.005718954248366013 0.0029296875
0 0.03104575163398693 0.4716796875 0.006535947712418301 0.037109375
0 0.008169934640522876 0.45263671875 0.016339869281045753 0.0283203125
0 0.6356209150326797 0.5029296875 0.004901960784313725 0.017578125
0 0.6233660130718954 0.50244140625 0.006535947712418301 0.0185546875
0 0.14991830065359477 0.490234375 0.010620915032679739 0.025390625
0 0.1597222222222222 0.4892578125 0.005718954248366013 0.021484375
0 0.18055555555555555 0.48828125 0.004901960784313725 0.017578125
0 0.1854575163398693 0.48779296875 0.004901960784313725 0.0185546875
0 0.17197712418300654 0.490234375 0.007352941176470588 0.025390625
0 0.23897058823529413 0.51416015625 0.022058823529411766 0.0712890625
1 0.8006535947712419 0.52587890625 0.021241830065359478 0.0224609375
6 0.46200980392156865 0.4765625 0.11356209150326797 0.119140625
3 0.07434640522875817 0.65771484375 0.12581699346405228 0.1982421875
3 0.11397058823529412 0.50732421875 0.025326797385620915 0.0380859375
3 0.22998366013071894 0.5185546875 0.04820261437908497 0.041015625
3 0.24959150326797386 0.51611328125 0.061274509803921566 0.0517578125
3 0.25040849673202614 0.52294921875 0.056372549019607844 0.0576171875
2 0.5821078431372549 0.58740234375 0.125 0.1240234375
2 0.37254901960784315 0.55810546875 0.1454248366013072 0.1572265625
2 0.4362745098039216 0.65185546875 0.2647058823529412 0.2451171875
0 0.08292483660130719 0.6044921875 0.11029411764705882 0.193359375
0 0.7994281045751634 0.51708984375 0.015522875816993464 0.0283203125
