9 0.6458333333333334 0.439453125 0.015522875816993464 0.017578125
9 0.608251633986928 0.453125 0.012254901960784314 0.005859375
9 0.6086601307189542 0.4443359375 0.011437908496732025 0.01171875
9 0.7140522875816994 0.44921875 0.006535947712418301 0.0078125
9 0.7136437908496732 0.44189453125 0.012254901960784314 0.0068359375
9 0.7467320261437909 0.4462890625 0.008169934640522876 0.00390625
9 0.7463235294117647 0.4365234375 0.010620915032679739 0.015625
9 0.47630718954248363 0.466796875 0.008169934640522876 0.00390625
9 0.47630718954248363 0.46337890625 0.008169934640522876 0.0029296875
9 0.47630718954248363 0.4599609375 0.008169934640522876 0.00390625
9 0.4991830065359477 0.46630859375 0.004901960784313725 0.0048828125
9 0.49959150326797386 0.470703125 0.0024509803921568627 0.001953125
9 0.4011437908496732 0.45849609375 0.013071895424836602 0.0146484375
9 0.34395424836601307 0.45703125 0.013071895424836602 0.01953125
9 0.10294117647058823 0.4677734375 0.017973856209150325 0.029296875
0 0.5383986928104575 0.4814453125 0.006535947712418301 0.0234375
2 0.7659313725490197 0.4736328125 0.025326797385620915 0.025390625
2 0.4889705882352941 0.4775390625 0.005718954248366013 0.005859375
2 0.5290032679738562 0.4765625 0.005718954248366013 0.005859375
