7 0.7122222222222222 0.270625 0.02666666666666667 0.06375
7 0.4141666666666667 0.325625 0.01611111111111111 0.03625
7 0.24638888888888888 0.43 0.006111111111111111 0.0075
7 0.7202777777777778 0.34875 0.011666666666666667 0.02125
9 0.35833333333333334 0.4103125 0.0077777777777777776 0.011875
9 0.345 0.41125 0.008888888888888889 0.01375
9 0.35777777777777775 0.383125 0.015555555555555555 0.02125
9 0.7202777777777778 0.318125 0.03277777777777778 0.0225
9 0.7838888888888889 0.33 0.044444444444444446 0.02
9 0.4052777777777778 0.4171875 0.011666666666666667 0.018125
9 0.7627777777777778 0.2615625 0.011111111111111112 0.011875
9 0.7516666666666667 0.4115625 0.008888888888888889 0.023125
0 0.665 0.47 0.03666666666666667 0.1425
0 0.63 0.4671875 0.04777777777777778 0.149375
0 0.8313888888888888 0.445625 0.03833333333333333 0.10125
2 0.325 0.4584375 0.04555555555555556 0.045625
2 0.015555555555555555 0.4603125 0.03111111111111111 0.053125
8 0.3927777777777778 0.469375 0.015555555555555555 0.0425
