7 0.309640522875817 0.3466796875 0.006535947712418301 0.021484375
7 0.3480392156862745 0.361328125 0.006535947712418301 0.01953125
7 0.38929738562091504 0.328125 0.010620915032679739 0.037109375
7 0.26919934640522875 0.36474609375 0.005718954248366013 0.0146484375
7 0.4199346405228758 0.40771484375 0.0032679738562091504 0.0107421875
7 0.6548202614379085 0.33544921875 0.010620915032679739 0.0400390625
7 0.7279411764705882 0.376953125 0.00980392156862745 0.033203125
7 0.9930555555555556 0.37744140625 0.010620915032679739 0.0341796875
9 0.1919934640522876 0.48828125 0.11274509803921569 0.1015625
9 0.34068627450980393 0.40283203125 0.017973856209150325 0.0107421875
9 0.30718954248366015 0.4140625 0.006535947712418301 0.025390625
9 0.3174019607843137 0.3681640625 0.008986928104575163 0.009765625
9 0.3174019607843137 0.37646484375 0.010620915032679739 0.0087890625
9 0.35784313725490197 0.3271484375 0.024509803921568627 0.029296875
9 0.37745098039215685 0.4228515625 0.013071895424836602 0.0234375
9 0.3897058823529412 0.41650390625 0.004901960784313725 0.0185546875
9 0.4113562091503268 0.40625 0.004084967320261438 0.009765625
9 0.6486928104575164 0.44189453125 0.013071895424836602 0.0361328125
9 0.636437908496732 0.4365234375 0.013071895424836602 0.037109375
9 0.9350490196078431 0.37744140625 0.025326797385620915 0.0283203125
9 0.9117647058823529 0.46630859375 0.042483660130718956 0.0341796875
0 0.9044117647058824 0.45458984375 0.017973856209150325 0.0673828125
0 0.9754901960784313 0.4541015625 0.017973856209150325 0.0703125
0 0.9391339869281046 0.43017578125 0.018790849673202614 0.0244140625
6 0.5232843137254902 0.39599609375 0.2034313725490196 0.2080078125
2 0.4742647058823529 0.56884765625 0.3161764705882353 0.3095703125
2 0.8092320261437909 0.46728515625 0.09722222222222222 0.0888671875
2 0.9428104575163399 0.453125 0.11437908496732026 0.06640625
