9 0.5425 0.445 0.010555555555555556 0.01625
9 0.2575 0.40125 0.017222222222222222 0.02375
9 0.2425 0.3571875 0.02722222222222222 0.040625
9 0.6205555555555555 0.45375 0.01 0.01125
9 0.6519444444444444 0.4521875 0.006111111111111111 0.011875
9 0.5827777777777777 0.4 0.01888888888888889 0.025
0 0.03833333333333333 0.4771875 0.025555555555555557 0.078125
0 0.09833333333333333 0.4728125 0.005555555555555556 0.016875
2 0.04694444444444444 0.4746875 0.09388888888888888 0.045625
2 0.03944444444444444 0.4590625 0.07888888888888888 0.026875
