7 0.09844771241830065 0.4375 0.004084967320261438 0.0078125
7 0.20874183006535948 0.4501953125 0.004084967320261438 0.0078125
7 0.26266339869281047 0.4033203125 0.008986928104575163 0.025390625
7 0.5837418300653595 0.47509765625 0.008986928104575163 0.0283203125
7 0.6858660130718954 0.43408203125 0.007352941176470588 0.0205078125
7 0.6948529411764706 0.4345703125 0.005718954248366013 0.017578125
7 0.6544117647058824 0.4736328125 0.008169934640522876 0.021484375
7 0.5910947712418301 0.34814453125 0.02042483660130719 0.0595703125
7 0.12173202614379085 0.439453125 0.008169934640522876 0.015625
7 0.21486928104575165 0.4345703125 0.013071895424836602 0.015625
7 0.20302287581699346 0.44189453125 0.005718954248366013 0.0166015625
7 0.6119281045751634 0.46240234375 0.004901960784313725 0.0068359375
9 0.13398692810457516 0.44287109375 0.006535947712418301 0.0146484375
9 0.16993464052287582 0.41357421875 0.0196078431372549 0.0166015625
9 0.2659313725490196 0.43017578125 0.008986928104575163 0.0185546875
9 0.26552287581699346 0.4521484375 0.014705882352941176 0.009765625
9 0.7152777777777778 0.451171875 0.028594771241830064 0.013671875
9 0.7156862745098039 0.4345703125 0.027777777777777776 0.015625
9 0.6895424836601307 0.45458984375 0.004901960784313725 0.0146484375
9 0.5633169934640523 0.43017578125 0.022058823529411766 0.0146484375
9 0.5641339869281046 0.4052734375 0.022058823529411766 0.033203125
9 0.5641339869281046 0.380859375 0.02042483660130719 0.015625
9 0.5645424836601307 0.3662109375 0.021241830065359478 0.017578125
9 0.568218954248366 0.353515625 0.010620915032679739 0.009765625
9 0.4522058823529412 0.46142578125 0.012254901960784314 0.0146484375
9 0.28431372549019607 0.4248046875 0.006535947712418301 0.015625
9 0.28513071895424835 0.4111328125 0.006535947712418301 0.0078125
9 0.28513071895424835 0.40185546875 0.008169934640522876 0.0107421875
9 0.28513071895424835 0.39404296875 0.004901960784313725 0.0048828125
9 0.33700980392156865 0.44580078125 0.005718954248366013 0.0087890625
9 0.33700980392156865 0.4345703125 0.005718954248366013 0.009765625
9 0.33782679738562094 0.42041015625 0.005718954248366013 0.0146484375
9 0.3382352941176471 0.4072265625 0.006535947712418301 0.0078125
9 0.3374183006535948 0.3984375 0.0032679738562091504 0.00390625
9 0.5878267973856209 0.44873046875 0.008986928104575163 0.0107421875
9 0.23488562091503268 0.4267578125 0.008986928104575163 0.009765625
0 0.06658496732026144 0.47314453125 0.013888888888888888 0.0517578125
6 0.4035947712418301 0.46630859375 0.07516339869281045 0.0810546875
3 0.10457516339869281 0.48779296875 0.06535947712418301 0.0537109375
2 0.41013071895424835 0.64404296875 0.272875816993464 0.2744140625
2 0.4599673202614379 0.53125 0.11601307189542484 0.08984375
2 0.42197712418300654 0.486328125 0.0857843137254902 0.044921875
2 0.4987745098039216 0.49072265625 0.04820261437908497 0.0283203125
2 0.3545751633986928 0.4853515625 0.03104575163398693 0.029296875
2 0.028594771241830064 0.48046875 0.05718954248366013 0.052734375
2 0.28799019607843135 0.4765625 0.04820261437908497 0.03125
2 0.5857843137254902 0.49560546875 0.0392156862745098 0.0322265625
2 0.5800653594771242 0.48828125 0.0784313725490196 0.03515625
2 0.6548202614379085 0.4970703125 0.061274509803921566 0.02734375
2 0.9824346405228758 0.51806640625 0.035130718954248366 0.0419921875
2 0.9501633986928104 0.48974609375 0.09967320261437909 0.0595703125
0 0.10416666666666667 0.4775390625 0.02369281045751634 0.052734375
14 0.860702614379085 0.47900390625 0.05800653594771242 0.0537109375
