4 0.5588235294117647 0.3974609375 0.08660130718954248 0.103515625
4 0.4113562091503268 0.39990234375 0.022058823529411766 0.0244140625
4 0.3917483660130719 0.400390625 0.02042483660130719 0.0234375
9 0.6098856209150327 0.39404296875 0.010620915032679739 0.0146484375
9 0.8321078431372549 0.4091796875 0.010620915032679739 0.013671875
6 0.7230392156862745 0.4130859375 0.05555555555555555 0.037109375
6 0.49673202614379086 0.404296875 0.032679738562091505 0.02734375
2 0.9865196078431373 0.43994140625 0.02696078431372549 0.0380859375
2 0.8353758169934641 0.5107421875 0.2900326797385621 0.185546875
2 0.7467320261437909 0.4228515625 0.032679738562091505 0.01953125
2 0.6556372549019608 0.41455078125 0.028594771241830064 0.0263671875
2 0.6254084967320261 0.41552734375 0.02696078431372549 0.0224609375
2 0.6053921568627451 0.4111328125 0.00980392156862745 0.017578125
2 0.47467320261437906 0.41162109375 0.014705882352941176 0.0166015625
2 0.45955882352941174 0.41796875 0.031862745098039214 0.03125
2 0.9281045751633987 0.4365234375 0.058823529411764705 0.037109375
2 0.4456699346405229 0.408203125 0.012254901960784314 0.01171875
2 0.43790849673202614 0.4072265625 0.011437908496732025 0.009765625
