7 0.43277777777777776 0.44125 0.0044444444444444444 0.01375
7 0.4683333333333333 0.40875 0.0077777777777777776 0.0125
7 0.5005555555555555 0.415 0.006666666666666667 0.01125
7 0.5269444444444444 0.41625 0.0038888888888888888 0.01
9 0.42055555555555557 0.44625 0.006666666666666667 0.0075
9 0.4275 0.426875 0.02388888888888889 0.00625
9 0.5125 0.413125 0.006111111111111111 0.00875
9 0.5422222222222223 0.4265625 0.017777777777777778 0.004375
9 0.6572222222222223 0.3884375 0.025555555555555557 0.029375
9 0.6583333333333333 0.4084375 0.021111111111111112 0.010625
9 0.8763888888888889 0.1884375 0.08833333333333333 0.178125
9 0.8886111111111111 0.3340625 0.06833333333333333 0.100625
9 0.13333333333333333 0.4165625 0.01 0.009375
9 0.13333333333333333 0.4009375 0.011111111111111112 0.021875
0 0.15222222222222223 0.4775 0.012222222222222223 0.04
0 0.17888888888888888 0.4740625 0.011111111111111112 0.039375
0 0.19583333333333333 0.469375 0.011666666666666667 0.0425
0 0.21888888888888888 0.4703125 0.008888888888888889 0.034375
0 0.22666666666666666 0.470625 0.008888888888888889 0.0325
0 0.23583333333333334 0.469375 0.009444444444444445 0.03375
0 0.24555555555555555 0.468125 0.008888888888888889 0.0325
0 0.25194444444444447 0.471875 0.009444444444444445 0.03
0 0.2697222222222222 0.4675 0.011666666666666667 0.0375
0 0.2822222222222222 0.4671875 0.011111111111111112 0.035625
0 0.2911111111111111 0.464375 0.012222222222222223 0.03625
0 0.3011111111111111 0.4653125 0.01 0.036875
0 0.3086111111111111 0.465625 0.008333333333333333 0.03375
0 0.31972222222222224 0.4640625 0.009444444444444445 0.029375
0 0.37 0.4659375 0.005555555555555556 0.016875
0 0.3372222222222222 0.465 0.008888888888888889 0.02625
0 0.3486111111111111 0.4659375 0.007222222222222222 0.021875
0 0.35805555555555557 0.4646875 0.007222222222222222 0.021875
0 0.8469444444444445 0.4259375 0.018333333333333333 0.054375
0 0.8391666666666666 0.4196875 0.017222222222222222 0.061875
0 0.8144444444444444 0.4103125 0.025555555555555557 0.080625
0 0.7863888888888889 0.4075 0.011666666666666667 0.04125
0 0.7725 0.4084375 0.010555555555555556 0.034375
0 0.36444444444444446 0.4653125 0.0044444444444444444 0.011875
1 0.059444444444444446 0.490625 0.034444444444444444 0.0525
6 0.5113888888888889 0.45125 0.013888888888888888 0.03
2 0.4713888888888889 0.46625 0.017222222222222222 0.0125
2 0.49833333333333335 0.4659375 0.013333333333333334 0.010625
2 0.5527777777777778 0.47875 0.09555555555555556 0.09125
0 0.059166666666666666 0.47 0.030555555555555555 0.0725
0 0.034722222222222224 0.479375 0.017222222222222222 0.065
