7 0.701797385620915 0.4658203125 0.00980392156862745 0.029296875
7 0.5800653594771242 0.4892578125 0.0032679738562091504 0.009765625
0 0.05923202614379085 0.517578125 0.010620915032679739 0.033203125
0 0.12459150326797386 0.52099609375 0.012254901960784314 0.0361328125
3 0.26348039215686275 0.53173828125 0.012254901960784314 0.0244140625
3 0.2777777777777778 0.52783203125 0.016339869281045753 0.0302734375
3 0.29901960784313725 0.525390625 0.021241830065359478 0.0234375
3 0.335375816993464 0.5322265625 0.013888888888888888 0.0234375
3 0.6013071895424836 0.521484375 0.013071895424836602 0.0234375
3 0.6388888888888888 0.53271484375 0.0392156862745098 0.0380859375
3 0.5723039215686274 0.552734375 0.028594771241830064 0.052734375
2 0.18913398692810457 0.52783203125 0.07107843137254902 0.0556640625
2 0.32230392156862747 0.51953125 0.025326797385620915 0.02734375
2 0.3464052287581699 0.52001953125 0.0196078431372549 0.0224609375
2 0.3700980392156863 0.51806640625 0.0196078431372549 0.0185546875
2 0.38929738562091504 0.5166015625 0.018790849673202614 0.013671875
2 0.4485294117647059 0.53125 0.05555555555555555 0.052734375
2 0.5126633986928104 0.53564453125 0.05800653594771242 0.0751953125
2 0.7949346405228758 0.63330078125 0.33169934640522875 0.2998046875
2 0.9824346405228758 0.65478515625 0.035130718954248366 0.1455078125
2 0.12009803921568628 0.65478515625 0.24019607843137256 0.2236328125
2 0.5751633986928104 0.5322265625 0.042483660130718956 0.041015625
2 0.5588235294117647 0.52197265625 0.0196078431372549 0.0263671875
0 0.16666666666666666 0.52783203125 0.029411764705882353 0.0341796875
0 0.33700980392156865 0.52392578125 0.012254901960784314 0.0302734375
0 0.5714869281045751 0.53515625 0.022058823529411766 0.060546875
