9 0.57080078125 0.4990234375 0.0048828125 0.008463541666666666
9 0.57080078125 0.4928385416666667 0.005859375 0.0026041666666666665
0 0.47021484375 0.5279947916666666 0.0068359375 0.033854166666666664
2 0.06298828125 0.6285807291666666 0.068359375 0.138671875
2 0.13134765625 0.5911458333333334 0.1435546875 0.15364583333333334
2 0.27685546875 0.5716145833333334 0.099609375 0.08854166666666667
2 0.320068359375 0.5540364583333334 0.07373046875 0.08463541666666667
2 0.356201171875 0.5481770833333334 0.02294921875 0.06510416666666667
2 0.3837890625 0.5462239583333334 0.03515625 0.048177083333333336
2 0.421875 0.5393880208333334 0.02734375 0.035807291666666664
2 0.43408203125 0.5348307291666666 0.0166015625 0.033203125
2 0.447265625 0.5305989583333334 0.0224609375 0.037760416666666664
2 0.4609375 0.5325520833333334 0.009765625 0.02734375
2 0.482177734375 0.5250651041666666 0.01708984375 0.022786458333333332
2 0.513427734375 0.5270182291666666 0.02587890625 0.026692708333333332
2 0.864501953125 0.572265625 0.11376953125 0.16666666666666666
2 0.75732421875 0.517578125 0.0625 0.07682291666666667
2 0.698486328125 0.5250651041666666 0.04443359375 0.060546875
2 0.724853515625 0.5247395833333334 0.04052734375 0.06770833333333333
2 0.570556640625 0.5270182291666666 0.02490234375 0.029296875
2 0.564453125 0.5198567708333334 0.017578125 0.025390625
