4 0.4775326797385621 0.51611328125 0.02369281045751634 0.0146484375
9 0.1801470588235294 0.4599609375 0.02696078431372549 0.037109375
9 0.17892156862745098 0.48486328125 0.024509803921568627 0.0126953125
9 0.08823529411764706 0.4189453125 0.014705882352941176 0.041015625
9 0.08823529411764706 0.45751953125 0.014705882352941176 0.0341796875
0 0.872140522875817 0.5673828125 0.02696078431372549 0.09765625
0 0.6429738562091504 0.541015625 0.008169934640522876 0.02734375
0 0.6303104575163399 0.541015625 0.008986928104575163 0.029296875
0 0.5196078431372549 0.52001953125 0.006535947712418301 0.0146484375
3 0.4750816993464052 0.5537109375 0.013888888888888888 0.021484375
2 0.47630718954248363 0.54248046875 0.027777777777777776 0.0283203125
2 0.44812091503267976 0.53466796875 0.015522875816993464 0.0166015625
2 0.4272875816993464 0.54345703125 0.026143790849673203 0.0244140625
2 0.39624183006535946 0.55712890625 0.049019607843137254 0.0439453125
2 0.26633986928104575 0.64306640625 0.1977124183006536 0.1943359375
0 0.9199346405228758 0.59423828125 0.049019607843137254 0.1669921875
0 0.47549019607843135 0.54296875 0.011437908496732025 0.0234375
14 0.9146241830065359 0.6328125 0.041666666666666664 0.109375
