4 0.869140625 0.4684244791666667 0.2001953125 0.181640625
4 0.69091796875 0.5091145833333334 0.1455078125 0.09244791666666667
4 0.560302734375 0.5143229166666666 0.07861328125 0.10807291666666667
4 0.460693359375 0.5266927083333334 0.11865234375 0.057291666666666664
0 0.939453125 0.5745442708333334 0.060546875 0.2936197916666667
0 0.88037109375 0.5533854166666666 0.05078125 0.20182291666666666
0 0.82275390625 0.5670572916666666 0.0478515625 0.19401041666666666
0 0.65478515625 0.5338541666666666 0.0234375 0.08333333333333333
0 0.681884765625 0.5348307291666666 0.02880859375 0.09440104166666667
0 0.1083984375 0.5836588541666666 0.0185546875 0.038411458333333336
0 0.14697265625 0.5621744791666666 0.0146484375 0.031901041666666664
2 0.917724609375 0.5192057291666666 0.05615234375 0.13736979166666666
2 0.48974609375 0.5403645833333334 0.083984375 0.06770833333333333
