9 0.21166666666666667 0.4021875 0.034444444444444444 0.039375
0 0.5397222222222222 0.4696875 0.008333333333333333 0.021875
0 0.5636111111111111 0.465625 0.010555555555555556 0.035
0 0.5727777777777778 0.465 0.01 0.03625
0 0.5788888888888889 0.4678125 0.01 0.033125
0 0.5880555555555556 0.465 0.012777777777777779 0.03875
0 0.6002777777777778 0.465625 0.012777777777777779 0.04375
0 0.6102777777777778 0.4659375 0.012777777777777779 0.048125
0 0.6169444444444444 0.460625 0.007222222222222222 0.03375
0 0.6272222222222222 0.46625 0.016666666666666666 0.04375
0 0.6363888888888889 0.4678125 0.008333333333333333 0.034375
0 0.6458333333333334 0.4659375 0.012777777777777779 0.048125
0 0.6608333333333334 0.469375 0.017222222222222222 0.07875
0 0.6702777777777778 0.464375 0.02722222222222222 0.09
0 0.6972222222222222 0.4809375 0.011111111111111112 0.039375
0 0.7163888888888889 0.485625 0.017222222222222222 0.04625
0 0.785 0.4803125 0.06222222222222222 0.173125
0 0.8441666666666666 0.4875 0.05611111111111111 0.26
0 0.9280555555555555 0.4746875 0.028333333333333332 0.176875
0 0.8952777777777777 0.4978125 0.10833333333333334 0.308125
0 0.9661111111111111 0.4846875 0.06777777777777778 0.318125
0 0.4058333333333333 0.4809375 0.03388888888888889 0.099375
2 0.4913888888888889 0.475625 0.010555555555555556 0.01875
2 0.4766666666666667 0.4740625 0.02666666666666667 0.024375
2 0.5158333333333334 0.471875 0.03944444444444444 0.035
