9 0.6254084967320261 0.4609375 0.010620915032679739 0.013671875
9 0.5232843137254902 0.4755859375 0.010620915032679739 0.013671875
9 0.5314542483660131 0.4677734375 0.010620915032679739 0.01171875
9 0.4636437908496732 0.4814453125 0.015522875816993464 0.013671875
9 0.5878267973856209 0.44189453125 0.008986928104575163 0.0087890625
2 0.5477941176470589 0.515625 0.08251633986928104 0.07421875
2 0.545751633986928 0.47216796875 0.021241830065359478 0.0126953125
2 0.5629084967320261 0.4736328125 0.013071895424836602 0.009765625
2 0.573937908496732 0.478515625 0.010620915032679739 0.009765625
2 0.5910947712418301 0.474609375 0.015522875816993464 0.013671875
2 0.198937908496732 0.52978515625 0.0923202614379085 0.0517578125
2 0.28227124183006536 0.5009765625 0.041666666666666664 0.033203125
