0 0.890625 0.546875 0.0375 0.134765625
1 0.35 0.54248046875 0.040625 0.0693359375
1 0.291796875 0.49609375 0.01796875 0.03125
1 0.173046875 0.50439453125 0.02109375 0.0361328125
1 0.20390625 0.5029296875 0.015625 0.0390625
2 0.559375 0.53759765625 0.2109375 0.1474609375
2 0.373828125 0.52734375 0.11796875 0.08203125
2 0.787890625 0.51318359375 0.13359375 0.0771484375
0 0.350390625 0.50830078125 0.03828125 0.0849609375
8 0.23046875 0.52001953125 0.0109375 0.0341796875
2 0.346484375 0.47412109375 0.04296875 0.0185546875
