9 0.014453125 0.412109375 0.02890625 0.015625
9 0.01953125 0.37060546875 0.0390625 0.0654296875
0 0.288671875 0.478515625 0.01171875 0.015625
0 0.423828125 0.48193359375 0.01328125 0.0302734375
0 0.801171875 0.5986328125 0.05234375 0.181640625
2 0.398828125 0.46484375 0.01171875 0.015625
2 0.3890625 0.4697265625 0.0140625 0.021484375
2 0.379296875 0.47412109375 0.01640625 0.0263671875
2 0.37109375 0.48046875 0.0171875 0.025390625
2 0.361328125 0.48681640625 0.01640625 0.0341796875
2 0.34609375 0.4892578125 0.0328125 0.041015625
2 0.337890625 0.49609375 0.02578125 0.033203125
2 0.31875 0.5009765625 0.034375 0.041015625
2 0.293359375 0.50830078125 0.04453125 0.0517578125
2 0.27578125 0.52001953125 0.0390625 0.0517578125
2 0.25546875 0.52734375 0.040625 0.05859375
2 0.23828125 0.53515625 0.0421875 0.068359375
2 0.215234375 0.5439453125 0.05390625 0.080078125
2 0.1578125 0.56396484375 0.115625 0.1064453125
2 0.4625 0.47265625 0.021875 0.029296875
2 0.463671875 0.47900390625 0.01328125 0.0263671875
2 0.468359375 0.48291015625 0.01171875 0.0283203125
2 0.482421875 0.4873046875 0.03203125 0.048828125
2 0.49921875 0.49609375 0.0484375 0.056640625
2 0.5125 0.49853515625 0.059375 0.0634765625
2 0.892578125 0.509765625 0.18359375 0.111328125
2 0.912109375 0.537109375 0.17578125 0.126953125
2 0.7890625 0.52734375 0.0703125 0.09375
2 0.42578125 0.4619140625 0.0125 0.01171875
2 0.5234375 0.46484375 0.03125 0.013671875
