0 0.944091796875 0.6946614583333334 0.04931640625 0.3736979166666667
0 0.947265625 0.7506510416666666 0.04296875 0.3697916666666667
2 0.078369140625 0.541015625 0.09521484375 0.08203125
2 0.108154296875 0.5299479166666666 0.10791015625 0.08333333333333333
2 0.174560546875 0.5374348958333334 0.04052734375 0.060546875
2 0.190673828125 0.5296223958333334 0.09326171875 0.076171875
2 0.28369140625 0.537109375 0.1064453125 0.05859375
2 0.327392578125 0.5247395833333334 0.05908203125 0.046875
2 0.404052734375 0.5299479166666666 0.07177734375 0.037760416666666664
2 0.431884765625 0.5276692708333334 0.04638671875 0.038411458333333336
2 0.468505859375 0.529296875 0.02685546875 0.029947916666666668
2 0.485595703125 0.5279947916666666 0.01611328125 0.024739583333333332
2 0.5185546875 0.5299479166666666 0.015625 0.01953125
2 0.5283203125 0.5270182291666666 0.01171875 0.018880208333333332
2 0.536865234375 0.5250651041666666 0.00830078125 0.014973958333333334
2 0.544189453125 0.5231119791666666 0.00927734375 0.014973958333333334
2 0.55126953125 0.5208333333333334 0.0078125 0.013020833333333334
2 0.586669921875 0.5325520833333334 0.03173828125 0.03515625
2 0.603515625 0.5270182291666666 0.01171875 0.021484375
2 0.6142578125 0.5335286458333334 0.0185546875 0.030598958333333332
2 0.6201171875 0.5380859375 0.0166015625 0.035807291666666664
2 0.633056640625 0.5403645833333334 0.02490234375 0.048177083333333336
2 0.654296875 0.5445963541666666 0.048828125 0.054036458333333336
2 0.66357421875 0.5582682291666666 0.05078125 0.059244791666666664
2 0.703369140625 0.5751953125 0.05810546875 0.08528645833333333
2 0.737060546875 0.5882161458333334 0.06884765625 0.10481770833333333
2 0.774169921875 0.6012369791666666 0.06884765625 0.14388020833333334
2 0.8671875 0.6184895833333334 0.197265625 0.23046875
