7 0.09777777777777778 0.405625 0.017777777777777778 0.01625
7 0.07083333333333333 0.3621875 0.012777777777777779 0.043125
7 0.5936111111111111 0.391875 0.017222222222222222 0.025
7 0.5963888888888889 0.3421875 0.012777777777777779 0.034375
7 0.8025 0.3321875 0.02277777777777778 0.053125
9 0.4311111111111111 0.4303125 0.01 0.004375
9 0.5311111111111111 0.42125 0.0077777777777777776 0.0125
9 0.5305555555555556 0.4103125 0.005555555555555556 0.009375
9 0.5438888888888889 0.398125 0.012222222222222223 0.0175
9 0.545 0.4209375 0.005555555555555556 0.010625
9 0.5930555555555556 0.4315625 0.007222222222222222 0.014375
0 0.026944444444444444 0.47625 0.020555555555555556 0.08
0 0.05333333333333334 0.4684375 0.021111111111111112 0.083125
0 0.17583333333333334 0.4703125 0.02388888888888889 0.084375
0 0.4925 0.4628125 0.030555555555555555 0.083125
0 0.48138888888888887 0.4615625 0.041666666666666664 0.080625
0 0.6408333333333334 0.454375 0.02388888888888889 0.08
0 0.6577777777777778 0.4596875 0.028888888888888888 0.074375
0 0.8597222222222223 0.5303125 0.085 0.350625
0 0.82 0.529375 0.07888888888888888 0.3225
0 0.7583333333333333 0.5271875 0.07333333333333333 0.323125
2 0.24972222222222223 0.4659375 0.065 0.043125
2 0.4461111111111111 0.4553125 0.015555555555555555 0.013125
2 0.5211111111111111 0.4609375 0.03777777777777778 0.038125
2 0.9411111111111111 0.4646875 0.11777777777777777 0.096875
8 0.5822222222222222 0.4684375 0.014444444444444444 0.036875
