4 0.372140522875817 0.47607421875 0.06781045751633986 0.0556640625
9 0.872140522875817 0.37646484375 0.035130718954248366 0.0361328125
9 0.8729575163398693 0.4111328125 0.041666666666666664 0.025390625
9 0.6670751633986928 0.43359375 0.018790849673202614 0.021484375
9 0.19526143790849673 0.52197265625 0.042483660130718956 0.0517578125
9 0.10416666666666667 0.451171875 0.025326797385620915 0.029296875
9 0.10580065359477124 0.4814453125 0.02369281045751634 0.029296875
9 0.1090686274509804 0.52490234375 0.013888888888888888 0.0166015625
9 0.10866013071895425 0.509765625 0.014705882352941176 0.013671875
2 0.5629084967320261 0.474609375 0.017973856209150325 0.017578125
2 0.5302287581699346 0.49169921875 0.0392156862745098 0.0380859375
