7 0.16972222222222222 0.3878125 0.021666666666666667 0.044375
7 0.18805555555555556 0.4209375 0.009444444444444445 0.014375
7 0.5816666666666667 0.359375 0.022222222222222223 0.03
7 0.5763888888888888 0.401875 0.012777777777777779 0.02
7 0.6947222222222222 0.3134375 0.03944444444444444 0.039375
7 0.7305555555555555 0.3540625 0.016666666666666666 0.038125
9 0.7080555555555555 0.2796875 0.020555555555555556 0.034375
9 0.6905555555555556 0.231875 0.04 0.0675
9 0.7702777777777777 0.38125 0.025 0.01
0 0.05638888888888889 0.5034375 0.05722222222222222 0.150625
0 0.2902777777777778 0.478125 0.01611111111111111 0.045
0 0.4463888888888889 0.4634375 0.018333333333333333 0.064375
0 0.4736111111111111 0.465 0.021666666666666667 0.05375
2 0.10805555555555556 0.4759375 0.20055555555555554 0.081875
2 0.3013888888888889 0.4696875 0.04833333333333333 0.035625
2 0.7852777777777777 0.450625 0.14166666666666666 0.0725
2 0.6061111111111112 0.4753125 0.25 0.094375
