9 0.11397058823529412 0.43994140625 0.028594771241830064 0.0126953125
9 0.11437908496732026 0.41796875 0.026143790849673203 0.03125
9 0.2238562091503268 0.47509765625 0.00980392156862745 0.0107421875
9 0.22426470588235295 0.48681640625 0.010620915032679739 0.0126953125
9 0.2536764705882353 0.49658203125 0.005718954248366013 0.0068359375
9 0.2536764705882353 0.50390625 0.005718954248366013 0.0078125
9 0.2602124183006536 0.49755859375 0.004084967320261438 0.0048828125
9 0.2602124183006536 0.50244140625 0.004084967320261438 0.0048828125
0 0.46078431372549017 0.5224609375 0.013071895424836602 0.017578125
3 0.4616013071895425 0.59423828125 0.04084967320261438 0.0869140625
2 0.09640522875816994 0.77392578125 0.19281045751633988 0.3740234375
2 0.1156045751633987 0.6103515625 0.22794117647058823 0.263671875
2 0.23651960784313725 0.55419921875 0.041666666666666664 0.0771484375
2 0.2434640522875817 0.5439453125 0.05555555555555555 0.0703125
2 0.2708333333333333 0.52685546875 0.02042483660130719 0.0263671875
2 0.2937091503267974 0.5166015625 0.012254901960784314 0.013671875
2 0.28022875816993464 0.5205078125 0.006535947712418301 0.009765625
2 0.306781045751634 0.517578125 0.007352941176470588 0.01171875
2 0.31290849673202614 0.52001953125 0.011437908496732025 0.0126953125
2 0.32516339869281047 0.52490234375 0.016339869281045753 0.0205078125
2 0.32965686274509803 0.52783203125 0.018790849673202614 0.0205078125
2 0.33619281045751637 0.5322265625 0.022058823529411766 0.025390625
2 0.34354575163398693 0.53564453125 0.02042483660130719 0.0283203125
2 0.3541666666666667 0.53857421875 0.022058823529411766 0.0341796875
2 0.38929738562091504 0.5439453125 0.06781045751633986 0.0703125
2 0.40931372549019607 0.55810546875 0.06209150326797386 0.0673828125
2 0.4227941176470588 0.5693359375 0.04656862745098039 0.078125
2 0.45669934640522875 0.57666015625 0.07026143790849673 0.0927734375
2 0.5661764705882353 0.6015625 0.20098039215686275 0.18359375
2 0.7201797385620915 0.68896484375 0.3161764705882353 0.2353515625
2 0.8713235294117647 0.771484375 0.25735294117647056 0.392578125
