4 0.864501953125 0.47265625 0.21142578125 0.20052083333333334
4 0.689208984375 0.5035807291666666 0.13916015625 0.103515625
4 0.459716796875 0.5279947916666666 0.11474609375 0.053385416666666664
4 0.55810546875 0.5146484375 0.080078125 0.10611979166666667
0 0.951416015625 0.5843098958333334 0.03759765625 0.404296875
0 0.87744140625 0.5940755208333334 0.0771484375 0.3483072916666667
0 0.718994140625 0.5309244791666666 0.02099609375 0.10091145833333333
0 0.7041015625 0.533203125 0.0234375 0.10807291666666667
0 0.106689453125 0.5797526041666666 0.02001953125 0.031901041666666664
0 0.17333984375 0.5810546875 0.0185546875 0.060546875
0 0.16064453125 0.5768229166666666 0.017578125 0.06901041666666667
0 0.60400390625 0.5260416666666666 0.017578125 0.0703125
2 0.4404296875 0.5416666666666666 0.0390625 0.036458333333333336
2 0.490234375 0.5380859375 0.044921875 0.026692708333333332
