4 0.39338235294117646 0.51806640625 0.2834967320261438 0.1455078125
7 0.18382352941176472 0.46240234375 0.00980392156862745 0.0322265625
9 0.059640522875817 0.47705078125 0.017973856209150325 0.0302734375
9 0.18995098039215685 0.48095703125 0.013888888888888888 0.0166015625
9 0.7610294117647058 0.3935546875 0.012254901960784314 0.0390625
0 0.4897875816993464 0.52783203125 0.010620915032679739 0.0185546875
0 0.4791666666666667 0.533203125 0.012254901960784314 0.025390625
0 0.6981209150326797 0.546875 0.02369281045751634 0.083984375
0 0.7156862745098039 0.54638671875 0.027777777777777776 0.0771484375
0 0.9354575163398693 0.5654296875 0.027777777777777776 0.103515625
0 0.9554738562091504 0.56103515625 0.028594771241830064 0.1044921875
0 0.24101307189542484 0.5126953125 0.00980392156862745 0.025390625
2 0.17483660130718953 0.74169921875 0.34967320261437906 0.4404296875
2 0.03799019607843137 0.5234375 0.07598039215686274 0.0390625
2 0.09395424836601307 0.51220703125 0.049019607843137254 0.0263671875
2 0.16993464052287582 0.51708984375 0.05392156862745098 0.0126953125
