1 0.358203125 0.5078125 0.01640625 0.046875
2 0.891796875 0.763671875 0.21640625 0.375
2 0.7875 0.642578125 0.228125 0.212890625
2 0.649609375 0.56201171875 0.14296875 0.1220703125
2 0.602734375 0.53759765625 0.09453125 0.0966796875
2 0.46171875 0.45654296875 0.01875 0.0205078125
2 0.28984375 0.47900390625 0.034375 0.0322265625
2 0.259375 0.52294921875 0.0828125 0.0810546875
2 0.22109375 0.54541015625 0.0984375 0.0947265625
2 0.195703125 0.50537109375 0.06328125 0.0517578125
0 0.358203125 0.4951171875 0.01796875 0.0625
2 0.226953125 0.46630859375 0.09765625 0.0419921875
