9 0.44916666666666666 0.41875 0.010555555555555556 0.015
0 0.9666666666666667 0.550625 0.06666666666666667 0.4
0 0.5655555555555556 0.4634375 0.01 0.034375
0 0.31666666666666665 0.4953125 0.03333333333333333 0.084375
2 0.35333333333333333 0.4903125 0.23555555555555555 0.096875
2 0.7966666666666666 0.4734375 0.20333333333333334 0.096875
2 0.6983333333333334 0.470625 0.09777777777777778 0.0675
2 0.6505555555555556 0.4725 0.02 0.055
2 0.5783333333333334 0.453125 0.05555555555555555 0.03875
2 0.39194444444444443 0.44625 0.08722222222222223 0.02875
2 0.013888888888888888 0.4775 0.027777777777777776 0.0375
2 0.03777777777777778 0.4753125 0.058888888888888886 0.036875
2 0.043333333333333335 0.4559375 0.056666666666666664 0.025625
2 0.08027777777777778 0.4553125 0.03277777777777778 0.023125
2 0.14055555555555554 0.485 0.15444444444444444 0.07
2 0.20916666666666667 0.4703125 0.13166666666666665 0.059375
2 0.2563888888888889 0.4571875 0.051666666666666666 0.025625
