7 0.9607843137254902 0.3857421875 0.011437908496732025 0.029296875
7 0.9591503267973857 0.40673828125 0.008169934640522876 0.0087890625
7 0.9481209150326797 0.3857421875 0.010620915032679739 0.033203125
7 0.9473039215686274 0.40625 0.008986928104575163 0.0078125
9 0.8161764705882353 0.30712890625 0.029411764705882353 0.0673828125
0 0.16584967320261437 0.40478515625 0.013071895424836602 0.0400390625
0 0.37745098039215685 0.41259765625 0.011437908496732025 0.0322265625
6 0.07679738562091504 0.3564453125 0.13562091503267973 0.1171875
2 0.10089869281045752 0.515625 0.20179738562091504 0.220703125
2 0.42769607843137253 0.40673828125 0.012254901960784314 0.0107421875
