7 0.2733333333333333 0.4078125 0.008888888888888889 0.026875
7 0.39611111111111114 0.4521875 0.0033333333333333335 0.009375
7 0.5038888888888889 0.449375 0.0033333333333333335 0.00875
7 0.5677777777777778 0.4053125 0.0077777777777777776 0.023125
0 0.010833333333333334 0.4709375 0.019444444444444445 0.028125
0 0.03305555555555555 0.47625 0.017222222222222222 0.04
0 0.09777777777777778 0.479375 0.017777777777777778 0.05125
0 0.9688888888888889 0.46625 0.027777777777777776 0.115
0 0.21611111111111111 0.464375 0.0077777777777777776 0.02375
0 0.23666666666666666 0.473125 0.0077777777777777776 0.02875
0 0.26916666666666667 0.4753125 0.008333333333333333 0.031875
0 0.2611111111111111 0.4734375 0.006666666666666667 0.025625
0 0.3111111111111111 0.46875 0.006666666666666667 0.01625
1 0.5555555555555556 0.4940625 0.02666666666666667 0.053125
1 0.6052777777777778 0.5096875 0.03833333333333333 0.073125
1 0.6736111111111112 0.4896875 0.03722222222222222 0.061875
2 0.43 0.495 0.09777777777777778 0.095
2 0.46944444444444444 0.4746875 0.04111111111111111 0.060625
2 0.5091666666666667 0.4725 0.021666666666666667 0.01875
2 0.49416666666666664 0.469375 0.015 0.015
2 0.5480555555555555 0.4734375 0.041666666666666664 0.039375
0 0.5555555555555556 0.478125 0.02666666666666667 0.0675
0 0.605 0.4803125 0.03888888888888889 0.109375
