7 0.5318627450980392 0.431640625 0.0032679738562091504 0.009765625
7 0.5951797385620915 0.40576171875 0.004084967320261438 0.0126953125
9 0.19648692810457516 0.4296875 0.07107843137254902 0.01953125
9 0.19566993464052287 0.41259765625 0.07107843137254902 0.0126953125
9 0.1940359477124183 0.39599609375 0.07107843137254902 0.0185546875
9 0.19240196078431374 0.3720703125 0.0727124183006536 0.02734375
9 0.4979575163398693 0.4150390625 0.03676470588235294 0.01171875
9 0.4987745098039216 0.42578125 0.03676470588235294 0.01171875
9 0.5163398692810458 0.4033203125 0.03431372549019608 0.009765625
9 0.5044934640522876 0.46337890625 0.022058823529411766 0.0126953125
9 0.5273692810457516 0.4736328125 0.008986928104575163 0.01171875
9 0.5367647058823529 0.43359375 0.006535947712418301 0.017578125
9 0.6915849673202614 0.423828125 0.008986928104575163 0.009765625
9 0.6303104575163399 0.43408203125 0.005718954248366013 0.0087890625
9 0.9178921568627451 0.42529296875 0.031862745098039214 0.0263671875
9 0.9219771241830066 0.38720703125 0.031862745098039214 0.0458984375
9 0.9848856209150327 0.35546875 0.010620915032679739 0.009765625
2 0.556781045751634 0.45556640625 0.015522875816993464 0.0166015625
2 0.5690359477124183 0.453125 0.007352941176470588 0.01171875
2 0.5816993464052288 0.455078125 0.021241830065359478 0.017578125
2 0.8737745098039216 0.4912109375 0.08251633986928104 0.099609375
2 0.7663398692810458 0.45263671875 0.017973856209150325 0.0244140625
2 0.8276143790849673 0.45849609375 0.029411764705882353 0.0341796875
