7 0.7130555555555556 0.2528125 0.03166666666666667 0.034375
7 0.15805555555555556 0.306875 0.020555555555555556 0.03
9 0.7141666666666666 0.3046875 0.03944444444444444 0.059375
9 0.16527777777777777 0.33875 0.029444444444444443 0.04625
9 0.5527777777777778 0.3646875 0.008888888888888889 0.018125
9 0.6119444444444444 0.351875 0.009444444444444445 0.0175
9 0.5 0.3690625 0.005555555555555556 0.009375
0 0.2791666666666667 0.436875 0.03166666666666667 0.06875
0 0.9091666666666667 0.438125 0.030555555555555555 0.11
0 0.935 0.44625 0.04 0.12875
0 0.9605555555555556 0.4440625 0.03777777777777778 0.128125
0 0.9825 0.3928125 0.013888888888888888 0.045625
0 0.925 0.373125 0.0077777777777777776 0.01875
0 0.9711111111111111 0.378125 0.0077777777777777776 0.01875
0 0.9372222222222222 0.3746875 0.01 0.021875
0 0.8083333333333333 0.3778125 0.008888888888888889 0.024375
0 0.8155555555555556 0.383125 0.0077777777777777776 0.03375
0 0.8416666666666667 0.3740625 0.006666666666666667 0.019375
0 0.8277777777777777 0.375 0.006666666666666667 0.02125
0 0.8611111111111112 0.4290625 0.04555555555555556 0.115625
0 0.8330555555555555 0.40125 0.010555555555555556 0.03875
0 0.8444444444444444 0.42625 0.02666666666666667 0.08625
0 0.8069444444444445 0.4253125 0.026111111111111113 0.084375
0 0.7786111111111111 0.4259375 0.028333333333333332 0.085625
0 0.7502777777777778 0.428125 0.028333333333333332 0.08
0 0.7355555555555555 0.4046875 0.01 0.053125
0 0.7061111111111111 0.421875 0.015555555555555555 0.07625
0 0.7616666666666667 0.4546875 0.027777777777777776 0.095625
0 0.6 0.4053125 0.01888888888888889 0.040625
0 0.6186111111111111 0.405625 0.011666666666666667 0.0475
0 0.6258333333333334 0.4084375 0.012777777777777779 0.040625
0 0.6708333333333333 0.391875 0.010555555555555556 0.03625
0 0.6530555555555555 0.391875 0.008333333333333333 0.0275
0 0.6622222222222223 0.3915625 0.0077777777777777776 0.029375
0 0.6408333333333334 0.3903125 0.007222222222222222 0.025625
0 0.6875 0.3765625 0.005 0.016875
0 0.6941666666666667 0.3765625 0.006111111111111111 0.018125
0 0.7444444444444445 0.374375 0.01 0.02375
0 0.7088888888888889 0.375 0.005555555555555556 0.0175
0 0.9786111111111111 0.495 0.042777777777777776 0.2125
2 0.07166666666666667 0.488125 0.14333333333333334 0.1475
2 0.2727777777777778 0.43625 0.06444444444444444 0.06375
2 0.345 0.428125 0.09111111111111111 0.0825
2 0.39444444444444443 0.4146875 0.04666666666666667 0.053125
2 0.41833333333333333 0.409375 0.023333333333333334 0.04
2 0.42833333333333334 0.40375 0.017777777777777778 0.03375
2 0.43777777777777777 0.39875 0.013333333333333334 0.0275
2 0.4375 0.3840625 0.015 0.011875
2 0.4713888888888889 0.3925 0.042777777777777776 0.02875
2 0.4697222222222222 0.4171875 0.050555555555555555 0.044375
2 0.5727777777777778 0.436875 0.08 0.07
2 0.5483333333333333 0.415625 0.057777777777777775 0.05375
2 0.5188888888888888 0.4059375 0.03222222222222222 0.038125
2 0.5047222222222222 0.4021875 0.02388888888888889 0.035625
