0 0.484375 0.47265625 0.0078125 0.02734375
0 0.491015625 0.47412109375 0.00703125 0.0263671875
0 0.497265625 0.4736328125 0.00703125 0.029296875
1 0.465234375 0.4677734375 0.00546875 0.009765625
2 0.755859375 0.63330078125 0.21484375 0.2021484375
2 0.68515625 0.5732421875 0.1609375 0.166015625
2 0.60625 0.552734375 0.0578125 0.107421875
2 0.5984375 0.52880859375 0.0703125 0.0732421875
2 0.5625 0.50927734375 0.046875 0.0556640625
2 0.55546875 0.50048828125 0.0453125 0.0478515625
2 0.542578125 0.48974609375 0.03984375 0.0400390625
2 0.04296875 0.53564453125 0.0859375 0.0869140625
2 0.046484375 0.638671875 0.09296875 0.189453125
2 0.037109375 0.4873046875 0.07421875 0.033203125
2 0.173046875 0.568359375 0.13203125 0.119140625
2 0.23203125 0.53759765625 0.1 0.1044921875
2 0.260546875 0.4716796875 0.03046875 0.01953125
2 0.237109375 0.470703125 0.02421875 0.015625
2 0.306640625 0.50732421875 0.07734375 0.0888671875
2 0.352734375 0.50244140625 0.02890625 0.0478515625
2 0.367578125 0.498046875 0.03359375 0.04296875
2 0.371875 0.48779296875 0.0421875 0.0498046875
2 0.392578125 0.490234375 0.01640625 0.0390625
2 0.40078125 0.48291015625 0.0296875 0.0400390625
2 0.416796875 0.4794921875 0.01328125 0.025390625
2 0.41875 0.4755859375 0.01875 0.025390625
2 0.421875 0.4716796875 0.021875 0.02734375
2 0.43671875 0.470703125 0.0125 0.021484375
2 0.444140625 0.46826171875 0.00859375 0.0166015625
2 0.450390625 0.46728515625 0.01171875 0.0146484375
2 0.455859375 0.46337890625 0.01171875 0.0126953125
2 0.533984375 0.4833984375 0.03359375 0.037109375
2 0.523046875 0.47705078125 0.02734375 0.0341796875
2 0.5109375 0.47509765625 0.015625 0.0302734375
2 0.505859375 0.46923828125 0.00859375 0.0166015625
0 0.465234375 0.46337890625 0.00390625 0.0126953125
