9 0.05106209150326797 0.47509765625 0.03676470588235294 0.0107421875
9 0.051879084967320264 0.4873046875 0.03676470588235294 0.01171875
9 0.05228758169934641 0.49853515625 0.03594771241830065 0.0087890625
9 0.017973856209150325 0.533203125 0.008169934640522876 0.015625
9 0.27736928104575165 0.46142578125 0.018790849673202614 0.0087890625
9 0.27736928104575165 0.4716796875 0.018790849673202614 0.01171875
9 0.2777777777777778 0.482421875 0.017973856209150325 0.0078125
9 0.27736928104575165 0.4912109375 0.015522875816993464 0.009765625
9 0.4158496732026144 0.4775390625 0.013071895424836602 0.013671875
9 0.4158496732026144 0.4873046875 0.00980392156862745 0.005859375
9 0.6286764705882353 0.34228515625 0.03839869281045752 0.0302734375
9 0.6294934640522876 0.36572265625 0.035130718954248366 0.0380859375
9 0.6303104575163399 0.3935546875 0.035130718954248366 0.025390625
9 0.6319444444444444 0.41943359375 0.03676470588235294 0.0341796875
9 0.8345588235294118 0.3173828125 0.08251633986928104 0.03515625
9 0.8366013071895425 0.3525390625 0.08333333333333333 0.037109375
9 0.8370098039215687 0.37939453125 0.08251633986928104 0.0205078125
9 0.8378267973856209 0.40478515625 0.08251633986928104 0.0302734375
9 0.9133986928104575 0.28173828125 0.12091503267973856 0.1318359375
9 0.9236111111111112 0.36328125 0.06781045751633986 0.037109375
2 0.13398692810457516 0.53955078125 0.06209150326797386 0.0380859375
2 0.6086601307189542 0.58984375 0.20098039215686275 0.201171875
2 0.9538398692810458 0.5107421875 0.0923202614379085 0.099609375
