9 0.9288888888888889 0.34125 0.024444444444444446 0.0375
0 0.7277777777777777 0.4446875 0.022222222222222223 0.029375
0 0.7613888888888889 0.4603125 0.021666666666666667 0.050625
2 0.9033333333333333 0.49375 0.1922222222222222 0.27375
2 0.7166666666666667 0.495 0.1111111111111111 0.0775
2 0.6558333333333334 0.4828125 0.06722222222222222 0.060625
2 0.5633333333333334 0.4653125 0.035555555555555556 0.031875
2 0.5447222222222222 0.4640625 0.009444444444444445 0.025625
2 0.5055555555555555 0.46375 0.017777777777777778 0.02
2 0.4486111111111111 0.461875 0.018333333333333333 0.02
2 0.43805555555555553 0.4646875 0.011666666666666667 0.019375
2 0.4461111111111111 0.4665625 0.01 0.014375
2 0.4275 0.465625 0.015 0.02
2 0.42027777777777775 0.4671875 0.017222222222222222 0.020625
2 0.3958333333333333 0.46625 0.03611111111111111 0.03625
2 0.3794444444444444 0.471875 0.035555555555555556 0.03
2 0.28444444444444444 0.474375 0.09111111111111111 0.07375
