7 0.3036111111111111 0.268125 0.020555555555555556 0.05125
7 0.43416666666666665 0.27625 0.020555555555555556 0.0525
7 0.5680555555555555 0.4453125 0.009444444444444445 0.024375
7 0.5058333333333334 0.4434375 0.008333333333333333 0.025625
7 0.3925 0.39125 0.009444444444444445 0.02625
7 0.24666666666666667 0.396875 0.017777777777777778 0.05625
7 0.1613888888888889 0.3465625 0.015 0.038125
7 0.13777777777777778 0.4525 0.008888888888888889 0.025
7 0.06777777777777778 0.4521875 0.008888888888888889 0.025625
7 0.5377777777777778 0.4596875 0.01 0.014375
7 0.5261111111111111 0.46 0.0077777777777777776 0.0125
9 0.45416666666666666 0.2759375 0.01611111111111111 0.031875
9 0.40694444444444444 0.3871875 0.010555555555555556 0.013125
9 0.25833333333333336 0.439375 0.01888888888888889 0.02125
9 0.21388888888888888 0.4353125 0.022222222222222223 0.030625
9 0.4936111111111111 0.4675 0.010555555555555556 0.015
9 0.49277777777777776 0.4503125 0.014444444444444444 0.019375
0 0.59 0.505625 0.01888888888888889 0.05625
0 0.5747222222222222 0.5134375 0.013888888888888888 0.041875
0 0.5502777777777778 0.5115625 0.013888888888888888 0.046875
0 0.5269444444444444 0.5040625 0.007222222222222222 0.031875
0 0.06222222222222222 0.513125 0.015555555555555555 0.045
0 0.024444444444444446 0.518125 0.013333333333333334 0.0425
0 0.014444444444444444 0.513125 0.012222222222222223 0.04375
0 0.03027777777777778 0.5128125 0.013888888888888888 0.043125
0 0.05527777777777778 0.513125 0.011666666666666667 0.03875
0 0.23444444444444446 0.4971875 0.0077777777777777776 0.020625
0 0.22722222222222221 0.499375 0.006666666666666667 0.02125
2 0.38555555555555554 0.505 0.013333333333333334 0.0075
2 0.3636111111111111 0.4990625 0.02277777777777778 0.018125
2 0.33 0.50125 0.027777777777777776 0.02
2 0.2975 0.5009375 0.03166666666666667 0.033125
2 0.2713888888888889 0.510625 0.03833333333333333 0.03
2 0.20194444444444445 0.5121875 0.045 0.029375
2 0.11083333333333334 0.515625 0.09055555555555556 0.055
2 0.16333333333333333 0.4921875 0.042222222222222223 0.010625
8 0.5352777777777777 0.5196875 0.012777777777777779 0.030625
