9 0.04583333333333333 0.4184375 0.012777777777777779 0.026875
9 0.05444444444444444 0.455625 0.008888888888888889 0.01875
9 0.09583333333333334 0.441875 0.005 0.01375
9 0.3525 0.42875 0.011666666666666667 0.02375
9 0.4727777777777778 0.4296875 0.005555555555555556 0.008125
9 0.4736111111111111 0.435 0.0038888888888888888 0.0025
0 0.024166666666666666 0.4946875 0.021666666666666667 0.081875
0 0.5991666666666666 0.4575 0.009444444444444445 0.03
2 0.3788888888888889 0.446875 0.02 0.0125
2 0.44416666666666665 0.4540625 0.02722222222222222 0.018125
2 0.5177777777777778 0.444375 0.03 0.015
2 0.49277777777777776 0.444375 0.03111111111111111 0.0175
2 0.4125 0.4678125 0.030555555555555555 0.025625
2 0.1802777777777778 0.49875 0.205 0.15625
