7 0.376708984375 0.5055338541666666 0.00927734375 0.031901041666666664
7 0.573974609375 0.5042317708333334 0.00732421875 0.027994791666666668
7 0.811767578125 0.3177083333333333 0.02685546875 0.09635416666666667
9 0.807373046875 0.4456380208333333 0.05126953125 0.10091145833333333
9 0.809326171875 0.5462239583333334 0.02001953125 0.0390625
0 0.699951171875 0.5621744791666666 0.01123046875 0.043619791666666664
0 0.934814453125 0.6266276041666666 0.04931640625 0.236328125
1 0.600830078125 0.6155598958333334 0.02685546875 0.059244791666666664
2 0.4248046875 0.5745442708333334 0.0693359375 0.060546875
2 0.49609375 0.6416015625 0.1591796875 0.15299479166666666
0 0.599365234375 0.5934244791666666 0.02685546875 0.087890625
