7 0.762451171875 0.49609375 0.01611328125 0.029947916666666668
7 0.776611328125 0.3902994791666667 0.02197265625 0.029296875
7 0.638916015625 0.5315755208333334 0.00634765625 0.020182291666666668
7 0.40576171875 0.5286458333333334 0.005859375 0.01953125
9 0.930419921875 0.4912109375 0.02587890625 0.022786458333333332
9 0.768310546875 0.5592447916666666 0.01318359375 0.024739583333333332
9 0.782958984375 0.4638671875 0.04833984375 0.024088541666666668
9 0.210693359375 0.5110677083333334 0.01904296875 0.028645833333333332
0 0.527099609375 0.6214192708333334 0.05908203125 0.150390625
0 0.490234375 0.6217447916666666 0.03515625 0.13020833333333334
2 0.60595703125 0.5794270833333334 0.037109375 0.03515625
2 0.5595703125 0.578125 0.0283203125 0.026041666666666668
