4 0.38333333333333336 0.458125 0.04777777777777778 0.045
9 0.4272222222222222 0.448125 0.0077777777777777776 0.00875
9 0.5225 0.455625 0.008333333333333333 0.01375
9 0.5225 0.4421875 0.012777777777777779 0.014375
9 0.6322222222222222 0.4171875 0.01 0.016875
9 0.6316666666666667 0.4321875 0.006666666666666667 0.013125
2 0.12083333333333333 0.500625 0.17833333333333334 0.12375
2 0.9663888888888889 0.5171875 0.06722222222222222 0.114375
2 0.7561111111111111 0.4875 0.16444444444444445 0.09
2 0.6375 0.4778125 0.07833333333333334 0.061875
2 0.4925 0.475625 0.055 0.025
2 0.4986111111111111 0.4646875 0.045 0.015625
2 0.45916666666666667 0.473125 0.030555555555555555 0.02
2 0.44222222222222224 0.4725 0.024444444444444446 0.0175
2 0.3852777777777778 0.468125 0.03722222222222222 0.0325
2 0.3277777777777778 0.46875 0.03666666666666667 0.03625
2 0.30666666666666664 0.4671875 0.013333333333333334 0.019375
2 0.2111111111111111 0.4665625 0.03222222222222222 0.035625
2 0.2336111111111111 0.4703125 0.018333333333333333 0.020625
2 0.28305555555555556 0.46375 0.02722222222222222 0.02
2 0.26305555555555554 0.4559375 0.013888888888888888 0.013125
2 0.24833333333333332 0.4525 0.013333333333333334 0.0125
2 0.22527777777777777 0.44625 0.009444444444444445 0.00875
