9 0.7377777777777778 0.33375 0.03777777777777778 0.055
9 0.5472222222222223 0.4075 0.01 0.0125
9 0.5466666666666666 0.416875 0.008888888888888889 0.00625
9 0.4072222222222222 0.4003125 0.0077777777777777776 0.015625
9 0.21944444444444444 0.409375 0.02666666666666667 0.00875
9 0.21916666666666668 0.4175 0.008333333333333333 0.0075
2 0.8563888888888889 0.4271875 0.09722222222222222 0.060625
2 0.5797222222222222 0.3521875 0.007222222222222222 0.005625
2 0.5388888888888889 0.3728125 0.012222222222222223 0.009375
2 0.5277777777777778 0.381875 0.015555555555555555 0.0125
2 0.5744444444444444 0.4065625 0.016666666666666666 0.015625
2 0.5638888888888889 0.4184375 0.02 0.015625
2 0.5347222222222222 0.4309375 0.02388888888888889 0.023125
2 0.5175 0.4609375 0.06722222222222222 0.045625
2 0.4280555555555556 0.4334375 0.028333333333333332 0.020625
2 0.3963888888888889 0.44625 0.01611111111111111 0.02125
2 0.37972222222222224 0.4478125 0.029444444444444443 0.029375
2 0.34555555555555556 0.4553125 0.044444444444444446 0.043125
2 0.09027777777777778 0.4878125 0.13944444444444445 0.114375
