9 0.19777777777777777 0.4559375 0.0044444444444444444 0.008125
9 0.6077777777777778 0.425625 0.0077777777777777776 0.0125
2 0.9111111111111111 0.5290625 0.17777777777777778 0.194375
2 0.8188888888888889 0.4809375 0.21666666666666667 0.169375
2 0.5877777777777777 0.475 0.06 0.05
2 0.5552777777777778 0.475625 0.025 0.04
2 0.5480555555555555 0.473125 0.019444444444444445 0.035
2 0.5252777777777777 0.4690625 0.035 0.031875
2 0.505 0.4696875 0.015555555555555555 0.019375
2 0.4913888888888889 0.4671875 0.012777777777777779 0.018125
2 0.45222222222222225 0.46875 0.015555555555555555 0.01375
2 0.4413888888888889 0.443125 0.011666666666666667 0.01125
2 0.3952777777777778 0.4625 0.013888888888888888 0.0125
2 0.3552777777777778 0.475 0.02277777777777778 0.02
2 0.325 0.4771875 0.03222222222222222 0.029375
2 0.3061111111111111 0.4759375 0.015555555555555555 0.015625
2 0.29527777777777775 0.479375 0.012777777777777779 0.0175
2 0.2863888888888889 0.48 0.01611111111111111 0.01875
2 0.2761111111111111 0.4809375 0.015555555555555555 0.021875
2 0.2561111111111111 0.4790625 0.03111111111111111 0.028125
2 0.24638888888888888 0.4846875 0.03388888888888889 0.028125
2 0.2275 0.4865625 0.02277777777777778 0.026875
2 0.205 0.4875 0.043333333333333335 0.03125
2 0.16472222222222221 0.4878125 0.042777777777777776 0.035625
2 0.12416666666666666 0.493125 0.07166666666666667 0.0425
2 0.014444444444444444 0.50375 0.028888888888888888 0.06
