7 0.17333333333333334 0.3984375 0.011111111111111112 0.028125
7 0.38222222222222224 0.3040625 0.0077777777777777776 0.018125
7 0.4963888888888889 0.3565625 0.009444444444444445 0.014375
7 0.5944444444444444 0.4040625 0.011111111111111112 0.014375
9 0.8272222222222222 0.2678125 0.06111111111111111 0.086875
9 0.3552777777777778 0.31125 0.021666666666666667 0.02625
0 0.9391666666666667 0.4559375 0.041666666666666664 0.173125
0 0.8947222222222222 0.4553125 0.075 0.178125
0 0.8036111111111112 0.439375 0.03277777777777778 0.12125
0 0.8444444444444444 0.4453125 0.02 0.100625
0 0.7644444444444445 0.4625 0.06555555555555556 0.17875
0 0.6713888888888889 0.435 0.018333333333333333 0.03
0 0.08333333333333333 0.4690625 0.012222222222222223 0.041875
0 0.09472222222222222 0.4659375 0.013888888888888888 0.043125
0 0.12361111111111112 0.4625 0.012777777777777779 0.03875
0 0.13527777777777777 0.4621875 0.010555555555555556 0.029375
0 0.18777777777777777 0.4675 0.014444444444444444 0.04375
