9 0.08251633986928104 0.4248046875 0.03758169934640523 0.044921875
9 0.7459150326797386 0.392578125 0.032679738562091505 0.0390625
9 0.8986928104575164 0.4248046875 0.08333333333333333 0.033203125
0 0.01919934640522876 0.57470703125 0.03839869281045752 0.1865234375
0 0.04861111111111111 0.57275390625 0.028594771241830064 0.1494140625
0 0.06658496732026144 0.56396484375 0.041666666666666664 0.1416015625
0 0.11315359477124183 0.55078125 0.02696078431372549 0.080078125
0 0.10375816993464053 0.54052734375 0.017973856209150325 0.0712890625
0 0.9562908496732027 0.6015625 0.04820261437908497 0.146484375
0 0.934640522875817 0.5634765625 0.024509803921568627 0.11328125
0 0.9076797385620915 0.56884765625 0.027777777777777776 0.1123046875
0 0.8043300653594772 0.57373046875 0.02369281045751634 0.0888671875
0 0.8341503267973857 0.56982421875 0.026143790849673203 0.1103515625
0 0.8255718954248366 0.56689453125 0.02042483660130719 0.1044921875
0 0.6254084967320261 0.5673828125 0.022058823529411766 0.080078125
0 0.6094771241830066 0.53759765625 0.0196078431372549 0.0400390625
0 0.5841503267973857 0.5390625 0.016339869281045753 0.03125
0 0.5208333333333334 0.5361328125 0.018790849673202614 0.033203125
0 0.5334967320261438 0.52392578125 0.013071895424836602 0.0263671875
0 0.4244281045751634 0.5302734375 0.007352941176470588 0.025390625
0 0.4297385620915033 0.52783203125 0.006535947712418301 0.0205078125
0 0.3709150326797386 0.529296875 0.006535947712418301 0.021484375
0 0.352124183006536 0.52880859375 0.008169934640522876 0.0224609375
0 0.3590686274509804 0.5283203125 0.007352941176470588 0.01953125
2 0.22794117647058823 0.583984375 0.12418300653594772 0.11328125
2 0.15236928104575165 0.5478515625 0.06290849673202614 0.05859375
2 0.3059640522875817 0.5556640625 0.0661764705882353 0.064453125
2 0.18627450980392157 0.52978515625 0.026143790849673203 0.0205078125
2 0.24959150326797386 0.5234375 0.031862745098039214 0.013671875
2 0.20465686274509803 0.5224609375 0.015522875816993464 0.013671875
2 0.22712418300653595 0.5234375 0.016339869281045753 0.0078125
2 0.21486928104575165 0.52197265625 0.008169934640522876 0.0107421875
