4 0.46484375 0.47705078125 0.03125 0.0087890625
9 0.046484375 0.42236328125 0.04296875 0.0576171875
9 0.046484375 0.45703125 0.02578125 0.01171875
9 0.51484375 0.4658203125 0.0046875 0.0078125
0 0.308984375 0.49853515625 0.00859375 0.0419921875
0 0.316796875 0.49853515625 0.00859375 0.0400390625
0 0.325 0.49951171875 0.009375 0.0400390625
0 0.390234375 0.4912109375 0.00703125 0.029296875
0 0.38359375 0.48974609375 0.00625 0.0283203125
0 0.416796875 0.48486328125 0.00546875 0.0224609375
0 0.3984375 0.482421875 0.00625 0.013671875
0 0.40703125 0.49365234375 0.01875 0.0361328125
2 0.7203125 0.48828125 0.03125 0.0234375
2 0.74453125 0.484375 0.0109375 0.0234375
2 0.45390625 0.4814453125 0.021875 0.01171875
2 0.47578125 0.4931640625 0.028125 0.02734375
2 0.5015625 0.4833984375 0.009375 0.013671875
2 0.49609375 0.48193359375 0.0046875 0.0107421875
2 0.509765625 0.48388671875 0.01015625 0.0126953125
2 0.51640625 0.486328125 0.009375 0.017578125
2 0.525 0.48876953125 0.015625 0.0224609375
2 0.5390625 0.4931640625 0.0265625 0.02734375
2 0.574609375 0.50146484375 0.04921875 0.0517578125
2 0.57578125 0.50830078125 0.0234375 0.0439453125
2 0.581640625 0.51318359375 0.02421875 0.0517578125
2 0.598828125 0.51708984375 0.03984375 0.0595703125
2 0.644140625 0.52783203125 0.08671875 0.0947265625
2 0.682421875 0.54931640625 0.08671875 0.0908203125
2 0.733203125 0.56982421875 0.13359375 0.1162109375
8 0.016015625 0.60205078125 0.02890625 0.0634765625
