7 0.31583333333333335 0.4396875 0.008333333333333333 0.010625
7 0.31666666666666665 0.4171875 0.008888888888888889 0.025625
7 0.28944444444444445 0.43625 0.0077777777777777776 0.01
7 0.4691666666666667 0.44125 0.006111111111111111 0.0075
9 0.5891666666666666 0.43875 0.013888888888888888 0.0175
9 0.5894444444444444 0.415 0.01 0.0125
9 0.3913888888888889 0.35625 0.015 0.01625
0 0.7688888888888888 0.43875 0.06333333333333334 0.13875
0 0.6244444444444445 0.46 0.014444444444444444 0.05625
0 0.21222222222222223 0.4609375 0.012222222222222223 0.033125
0 0.6597222222222222 0.4490625 0.013888888888888888 0.044375
1 0.7605555555555555 0.4915625 0.11444444444444445 0.091875
2 0.48055555555555557 0.4584375 0.023333333333333334 0.021875
