9 0.029166666666666667 0.4159375 0.011666666666666667 0.029375
0 0.21027777777777779 0.4853125 0.015 0.051875
0 0.235 0.480625 0.0077777777777777776 0.02375
0 0.2619444444444444 0.48 0.010555555555555556 0.025
0 0.2722222222222222 0.4803125 0.011111111111111112 0.029375
0 0.2772222222222222 0.475 0.01 0.03125
0 0.29888888888888887 0.4759375 0.011111111111111112 0.033125
2 0.023055555555555555 0.56125 0.04611111111111111 0.15375
2 0.9072222222222223 0.541875 0.18555555555555556 0.3525
2 0.625 0.48125 0.07555555555555556 0.0625
2 0.5677777777777778 0.4684375 0.02 0.036875
2 0.5272222222222223 0.4675 0.08555555555555555 0.06125
2 0.4686111111111111 0.479375 0.017222222222222222 0.01375
2 0.44583333333333336 0.47875 0.028333333333333332 0.01375
2 0.4225 0.4771875 0.020555555555555556 0.019375
2 0.40805555555555556 0.4746875 0.015 0.026875
2 0.38472222222222224 0.471875 0.03611111111111111 0.03625
