7 0.660888671875 0.474609375 0.00537109375 0.014322916666666666
7 0.6533203125 0.4850260416666667 0.0048828125 0.014322916666666666
7 0.599853515625 0.4417317708333333 0.00537109375 0.013671875
7 0.541259765625 0.4811197916666667 0.00439453125 0.010416666666666666
0 0.436279296875 0.5302734375 0.01123046875 0.046223958333333336
0 0.416748046875 0.525390625 0.01220703125 0.041666666666666664
0 0.3017578125 0.5416666666666666 0.01953125 0.07291666666666667
0 0.273681640625 0.5152994791666666 0.02294921875 0.052734375
0 0.76123046875 0.5374348958333334 0.015625 0.054036458333333336
0 0.721923828125 0.5358072916666666 0.01220703125 0.0546875
1 0.197509765625 0.5501302083333334 0.06591796875 0.061197916666666664
1 0.233642578125 0.5543619791666666 0.07275390625 0.047526041666666664
2 0.88916015625 0.6751302083333334 0.1611328125 0.2591145833333333
2 0.815185546875 0.6018880208333334 0.16748046875 0.18424479166666666
2 0.690185546875 0.55078125 0.05908203125 0.07291666666666667
2 0.66015625 0.548828125 0.015625 0.049479166666666664
2 0.53857421875 0.525390625 0.0205078125 0.01953125
2 0.563720703125 0.5208333333333334 0.02001953125 0.01953125
