0 0.35694444444444445 0.471875 0.009444444444444445 0.04625
2 0.7675 0.49375 0.24833333333333332 0.165
2 0.6091666666666666 0.4834375 0.095 0.069375
2 0.5236111111111111 0.466875 0.04722222222222222 0.04375
2 0.49444444444444446 0.4646875 0.021111111111111112 0.031875
2 0.023333333333333334 0.521875 0.04555555555555556 0.125
2 0.049166666666666664 0.4721875 0.08833333333333333 0.049375
2 0.24888888888888888 0.481875 0.0811111111111111 0.07125
2 0.30666666666666664 0.479375 0.04666666666666667 0.0375
2 0.3586111111111111 0.469375 0.03166666666666667 0.02625
2 0.3813888888888889 0.4615625 0.020555555555555556 0.020625
2 0.39166666666666666 0.4534375 0.01888888888888889 0.019375
2 0.4841666666666667 0.46 0.017222222222222222 0.01875
2 0.47444444444444445 0.455625 0.011111111111111112 0.01625
2 0.4658333333333333 0.4421875 0.015 0.014375
2 0.4711111111111111 0.4515625 0.01 0.014375
2 0.4061111111111111 0.44625 0.008888888888888889 0.00625
