0 0.2986111111111111 0.495625 0.045 0.14
2 0.1613888888888889 0.47875 0.15944444444444444 0.06375
2 0.41444444444444445 0.4715625 0.06666666666666667 0.060625
2 0.5044444444444445 0.469375 0.07111111111111111 0.065
2 0.595 0.468125 0.08 0.065
2 0.6811111111111111 0.4728125 0.08222222222222222 0.056875
2 0.7588888888888888 0.4721875 0.07555555555555556 0.053125
2 0.8394444444444444 0.47125 0.09333333333333334 0.05125
2 0.9313888888888889 0.4859375 0.13722222222222222 0.083125
2 0.035555555555555556 0.4809375 0.07111111111111111 0.173125
