7 0.3883333333333333 0.291875 0.024444444444444446 0.06
7 0.6594444444444445 0.23625 0.03888888888888889 0.085
7 0.6597222222222222 0.3371875 0.02277777777777778 0.033125
7 0.015555555555555555 0.094375 0.03111111111111111 0.0825
9 0.24972222222222223 0.40875 0.019444444444444445 0.02625
9 0.3605555555555556 0.29 0.023333333333333334 0.05
9 0.37333333333333335 0.3365625 0.05333333333333334 0.023125
9 0.7361111111111112 0.284375 0.06777777777777778 0.0225
9 0.18444444444444444 0.4875 0.012222222222222223 0.01625
0 0.4688888888888889 0.468125 0.04111111111111111 0.125
0 0.6152777777777778 0.4915625 0.04833333333333333 0.175625
0 0.6725 0.478125 0.06166666666666667 0.19
0 0.76 0.481875 0.07666666666666666 0.27125
0 0.9827777777777778 0.48125 0.034444444444444444 0.26
2 0.9444444444444444 0.430625 0.06777777777777778 0.06125
2 0.525 0.4425 0.07666666666666666 0.0475
2 0.06722222222222222 0.4925 0.06 0.055
