4 0.690359477124183 0.341796875 0.29248366013071897 0.35546875
7 0.39624183006535946 0.3681640625 0.004901960784313725 0.017578125
7 0.5379901960784313 0.36962890625 0.004084967320261438 0.0126953125
7 0.5232843137254902 0.37451171875 0.004084967320261438 0.0126953125
7 0.5265522875816994 0.375 0.004084967320261438 0.013671875
9 0.42116013071895425 0.37890625 0.005718954248366013 0.01171875
9 0.34967320261437906 0.3603515625 0.016339869281045753 0.01171875
0 0.1017156862745098 0.4560546875 0.05310457516339869 0.19921875
0 0.3276143790849673 0.408203125 0.013071895424836602 0.041015625
0 0.34354575163398693 0.39697265625 0.010620915032679739 0.0302734375
0 0.369281045751634 0.4072265625 0.014705882352941176 0.0390625
0 0.40318627450980393 0.396484375 0.005718954248366013 0.021484375
0 0.38766339869281047 0.40478515625 0.005718954248366013 0.0302734375
0 0.3831699346405229 0.40283203125 0.006535947712418301 0.0302734375
0 0.44362745098039214 0.39404296875 0.0032679738562091504 0.0087890625
0 0.4133986928104575 0.3994140625 0.004901960784313725 0.0234375
0 0.5187908496732027 0.3994140625 0.006535947712418301 0.025390625
0 0.49550653594771243 0.39892578125 0.005718954248366013 0.0166015625
0 0.5089869281045751 0.3974609375 0.008169934640522876 0.021484375
1 0.29983660130718953 0.4404296875 0.024509803921568627 0.060546875
1 0.28513071895424835 0.439453125 0.027777777777777776 0.060546875
2 0.43423202614379086 0.39404296875 0.010620915032679739 0.0126953125
2 0.4812091503267974 0.40087890625 0.02287581699346405 0.0244140625
2 0.46691176470588236 0.3955078125 0.008986928104575163 0.013671875
2 0.8337418300653595 0.515625 0.33251633986928103 0.298828125
2 0.48733660130718953 0.3916015625 0.008986928104575163 0.009765625
0 0.6405228758169934 0.375 0.032679738562091505 0.041015625
