9 0.8 0.42 0.01 0.01625
9 0.9444444444444444 0.41 0.006666666666666667 0.01125
9 0.8936111111111111 0.415 0.007222222222222222 0.0075
0 0.3425 0.491875 0.018333333333333333 0.06125
0 0.9130555555555555 0.45625 0.013888888888888888 0.03375
2 0.4336111111111111 0.4628125 0.035 0.029375
2 0.9258333333333333 0.435625 0.025 0.015
2 0.8222222222222222 0.463125 0.02666666666666667 0.02875
2 0.8933333333333333 0.443125 0.021111111111111112 0.01375
2 0.8866666666666667 0.4903125 0.13444444444444445 0.094375
8 0.29444444444444445 0.516875 0.014444444444444444 0.03875
