7 0.791015625 0.189453125 0.01328125 0.048828125
7 0.14609375 0.3818359375 0.0171875 0.06640625
7 0.13984375 0.4482421875 0.0109375 0.01953125
9 0.9046875 0.4287109375 0.0171875 0.02734375
9 0.87265625 0.45849609375 0.028125 0.0380859375
9 0.31875 0.4287109375 0.01875 0.01953125
9 0.155078125 0.42041015625 0.03828125 0.0166015625
9 0.71640625 0.48974609375 0.0109375 0.0146484375
0 0.082421875 0.5302734375 0.02578125 0.099609375
0 0.156640625 0.5126953125 0.01640625 0.06640625
0 0.178515625 0.53125 0.02109375 0.095703125
0 0.20234375 0.51806640625 0.0140625 0.0771484375
0 0.23125 0.50927734375 0.0140625 0.0576171875
0 0.24609375 0.51123046875 0.0125 0.0517578125
0 0.214453125 0.5078125 0.01640625 0.068359375
0 0.191015625 0.51953125 0.01328125 0.076171875
