7 0.11916666666666667 0.4015625 0.01611111111111111 0.016875
7 0.09444444444444444 0.3609375 0.01888888888888889 0.046875
7 0.6011111111111112 0.3871875 0.014444444444444444 0.021875
7 0.6066666666666667 0.340625 0.013333333333333334 0.03375
7 0.8044444444444444 0.32875 0.02 0.05125
9 0.44305555555555554 0.425 0.010555555555555556 0.005
9 0.5419444444444445 0.405 0.006111111111111111 0.00875
9 0.5411111111111111 0.415625 0.0077777777777777776 0.01125
9 0.8086111111111111 0.3584375 0.019444444444444445 0.010625
9 0.8525 0.3646875 0.029444444444444443 0.010625
0 0.05277777777777778 0.4696875 0.01888888888888889 0.076875
0 0.07833333333333334 0.4640625 0.017777777777777778 0.083125
0 0.27 0.4628125 0.035555555555555556 0.081875
0 0.5497222222222222 0.4528125 0.026111111111111113 0.084375
0 0.5786111111111111 0.4565625 0.04055555555555555 0.071875
0 0.6888888888888889 0.449375 0.028888888888888888 0.07875
0 0.7030555555555555 0.44875 0.026111111111111113 0.07375
0 0.7544444444444445 0.5115625 0.06666666666666667 0.283125
0 0.8044444444444444 0.51 0.08555555555555555 0.2975
0 0.9811111111111112 0.499375 0.03777777777777778 0.345
2 0.26722222222222225 0.4609375 0.06333333333333334 0.044375
2 0.5241666666666667 0.454375 0.03277777777777778 0.03375
2 0.9569444444444445 0.4728125 0.045 0.063125
2 0.4552777777777778 0.450625 0.01611111111111111 0.01625
8 0.5911111111111111 0.461875 0.014444444444444444 0.04625
