7 0.49805555555555553 0.4096875 0.002777777777777778 0.006875
7 0.4825 0.4103125 0.002777777777777778 0.005625
7 0.4652777777777778 0.408125 0.0038888888888888888 0.00625
7 0.4452777777777778 0.424375 0.002777777777777778 0.00625
9 0.7622222222222222 0.4384375 0.006666666666666667 0.010625
9 0.585 0.4203125 0.0044444444444444444 0.008125
9 0.5155555555555555 0.4065625 0.0077777777777777776 0.013125
9 0.49 0.408125 0.0044444444444444444 0.005
9 0.32861111111111113 0.43 0.009444444444444445 0.01125
9 0.32083333333333336 0.4328125 0.005 0.010625
9 0.4152777777777778 0.43625 0.0038888888888888888 0.005
9 0.4036111111111111 0.4275 0.002777777777777778 0.00625
9 0.21944444444444444 0.433125 0.013333333333333334 0.0125
0 0.02722222222222222 0.4803125 0.02 0.056875
2 0.2575 0.473125 0.06166666666666667 0.04625
2 0.45 0.43875 0.013333333333333334 0.0075
2 0.4897222222222222 0.4759375 0.095 0.094375
