7 0.6181640625 0.5182291666666666 0.0087890625 0.016927083333333332
7 0.469970703125 0.5247395833333334 0.01123046875 0.018229166666666668
7 0.385986328125 0.5162760416666666 0.01123046875 0.01953125
7 0.25341796875 0.5403645833333334 0.009765625 0.015625
7 0.2734375 0.5159505208333334 0.0068359375 0.024088541666666668
9 0.61669921875 0.5478515625 0.0087890625 0.021484375
9 0.389404296875 0.5439453125 0.01025390625 0.021484375
0 0.786865234375 0.5690104166666666 0.01416015625 0.029947916666666668
0 0.29150390625 0.5712890625 0.015625 0.033203125
2 0.950439453125 0.7177734375 0.05029296875 0.17252604166666666
2 0.887939453125 0.65625 0.18212890625 0.19010416666666666
2 0.540771484375 0.5797526041666666 0.01806640625 0.022786458333333332
2 0.245849609375 0.6500651041666666 0.17919921875 0.14127604166666666
