7 0.0475 0.3859375 0.012777777777777779 0.034375
7 0.7147222222222223 0.320625 0.017222222222222222 0.03625
7 0.39916666666666667 0.4403125 0.005 0.015625
7 0.5197222222222222 0.4359375 0.006111111111111111 0.015625
9 0.059444444444444446 0.4253125 0.021111111111111112 0.041875
9 0.06 0.4696875 0.008888888888888889 0.016875
0 0.2363888888888889 0.48625 0.015 0.03125
0 0.6208333333333333 0.4709375 0.035 0.101875
0 0.6405555555555555 0.4765625 0.04777777777777778 0.098125
0 0.2563888888888889 0.4803125 0.008333333333333333 0.030625
1 0.8455555555555555 0.510625 0.03222222222222222 0.1075
2 0.4861111111111111 0.4615625 0.024444444444444446 0.020625
8 0.6636111111111112 0.48375 0.018333333333333333 0.0475
