9 0.27109375 0.44189453125 0.0234375 0.0087890625
9 0.576171875 0.44873046875 0.01015625 0.0087890625
9 0.5109375 0.45947265625 0.00625 0.0029296875
9 0.5109375 0.45458984375 0.00625 0.0068359375
9 0.388671875 0.453125 0.00546875 0.009765625
0 0.172265625 0.52734375 0.01796875 0.076171875
0 0.188671875 0.52587890625 0.02109375 0.0751953125
0 0.147265625 0.5263671875 0.01640625 0.080078125
0 0.308984375 0.494140625 0.01328125 0.0390625
0 0.321484375 0.49560546875 0.01328125 0.0419921875
0 0.329296875 0.49658203125 0.01171875 0.0439453125
0 0.372265625 0.48876953125 0.01328125 0.0400390625
0 0.43828125 0.4765625 0.0046875 0.013671875
0 0.42265625 0.4775390625 0.00625 0.017578125
0 0.448828125 0.47607421875 0.00546875 0.0166015625
0 0.566015625 0.4951171875 0.01796875 0.0625
2 0.46484375 0.482421875 0.0234375 0.021484375
2 0.47890625 0.474609375 0.0078125 0.0078125
2 0.490625 0.47509765625 0.00625 0.0107421875
2 0.494140625 0.47802734375 0.00703125 0.0166015625
2 0.498828125 0.4775390625 0.01015625 0.015625
2 0.509375 0.47998046875 0.0171875 0.0205078125
2 0.522265625 0.484375 0.01953125 0.025390625
2 0.526953125 0.4873046875 0.01171875 0.025390625
2 0.53828125 0.48974609375 0.0265625 0.0322265625
2 0.54140625 0.494140625 0.025 0.03515625
2 0.563671875 0.5009765625 0.04453125 0.046875
2 0.8671875 0.50244140625 0.03125 0.0341796875
2 0.91484375 0.49169921875 0.0703125 0.0537109375
2 0.949609375 0.5087890625 0.07890625 0.05859375
2 0.75546875 0.49951171875 0.0734375 0.0400390625
2 0.69453125 0.541015625 0.1265625 0.123046875
2 0.760546875 0.578125 0.13671875 0.126953125
2 0.858203125 0.6279296875 0.20546875 0.185546875
2 0.940625 0.71630859375 0.11875 0.2958984375
4 0.451171875 0.470703125 0.03203125 0.01171875
