7 0.677734375 0.4143880208333333 0.0244140625 0.035807291666666664
7 0.4873046875 0.2740885416666667 0.0234375 0.03515625
7 0.2880859375 0.4192708333333333 0.0224609375 0.029947916666666668
7 0.9501953125 0.3063151041666667 0.021484375 0.09049479166666667
9 0.607421875 0.4990234375 0.0068359375 0.014973958333333334
9 0.6201171875 0.4915364583333333 0.0087890625 0.018229166666666668
0 0.32373046875 0.5400390625 0.015625 0.06966145833333333
0 0.7763671875 0.5445963541666666 0.0166015625 0.08528645833333333
0 0.754150390625 0.5481770833333334 0.01806640625 0.08333333333333333
0 0.955810546875 0.5777994791666666 0.02685546875 0.12174479166666667
0 0.932861328125 0.5777994791666666 0.01904296875 0.11393229166666667
0 0.913330078125 0.5791015625 0.02392578125 0.12174479166666667
1 0.416015625 0.5706380208333334 0.0205078125 0.051432291666666664
2 0.4501953125 0.5328776041666666 0.025390625 0.037109375
2 0.591552734375 0.5374348958333334 0.02392578125 0.026692708333333332
0 0.41650390625 0.5472005208333334 0.0205078125 0.06575520833333333
8 0.635986328125 0.5673828125 0.01416015625 0.033203125
