4 0.8647222222222222 0.3740625 0.27055555555555555 0.651875
9 0.1713888888888889 0.4290625 0.015 0.008125
9 0.17166666666666666 0.40875 0.02666666666666667 0.0325
9 0.5988888888888889 0.38125 0.028888888888888888 0.01125
9 0.5991666666666666 0.3540625 0.03944444444444444 0.044375
0 0.5980555555555556 0.4828125 0.021666666666666667 0.056875
0 0.5286111111111111 0.48875 0.025 0.085
0 0.5586111111111111 0.489375 0.02388888888888889 0.08
0 0.7186111111111111 0.5153125 0.021666666666666667 0.034375
0 0.7291666666666666 0.5178125 0.020555555555555556 0.028125
0 0.6594444444444445 0.49875 0.024444444444444446 0.09
0 0.16472222222222221 0.4978125 0.017222222222222222 0.074375
0 0.21416666666666667 0.49625 0.02388888888888889 0.0825
0 0.22833333333333333 0.4934375 0.01888888888888889 0.086875
2 0.5763888888888888 0.47625 0.019444444444444445 0.0225
2 0.5241666666666667 0.4853125 0.04611111111111111 0.044375
2 0.4622222222222222 0.5034375 0.08888888888888889 0.060625
2 0.06694444444444445 0.501875 0.1338888888888889 0.105
