7 0.4709967320261438 0.2841796875 0.015522875816993464 0.0390625
7 0.8517156862745098 0.39892578125 0.015522875816993464 0.0244140625
7 0.35375816993464054 0.41357421875 0.013071895424836602 0.0380859375
7 0.31862745098039214 0.4580078125 0.00980392156862745 0.013671875
9 0.866421568627451 0.34033203125 0.035130718954248366 0.0380859375
9 0.5122549019607843 0.4296875 0.00980392156862745 0.013671875
9 0.5134803921568627 0.44091796875 0.007352941176470588 0.0087890625
3 0.18504901960784315 0.61767578125 0.09395424836601307 0.1318359375
2 0.5796568627450981 0.54052734375 0.15931372549019607 0.1787109375
2 0.6552287581699346 0.48095703125 0.05392156862745098 0.0595703125
0 0.19158496732026145 0.56884765625 0.056372549019607844 0.1279296875
