9 0.8269444444444445 0.3665625 0.035 0.039375
0 0.9905555555555555 0.459375 0.01888888888888889 0.06
0 0.9005555555555556 0.4515625 0.013333333333333334 0.024375
0 0.8569444444444444 0.4528125 0.013888888888888888 0.045625
0 0.8772222222222222 0.4503125 0.012222222222222223 0.024375
0 0.815 0.459375 0.013333333333333334 0.035
0 0.7775 0.451875 0.009444444444444445 0.035
0 0.765 0.45125 0.01 0.0375
0 0.77 0.450625 0.006666666666666667 0.03625
1 0.9888888888888889 0.475 0.022222222222222223 0.03
1 0.9166666666666666 0.4978125 0.034444444444444444 0.054375
2 0.6716666666666666 0.4446875 0.017777777777777778 0.020625
2 0.6838888888888889 0.44375 0.01 0.015
2 0.7005555555555556 0.44375 0.008888888888888889 0.01125
2 0.6516666666666666 0.4425 0.008888888888888889 0.01
2 0.6505555555555556 0.444375 0.008888888888888889 0.00875
2 0.6366666666666667 0.444375 0.02 0.02125
2 0.6241666666666666 0.44375 0.011666666666666667 0.01875
2 0.5558333333333333 0.458125 0.06166666666666667 0.0525
8 0.3705555555555556 0.479375 0.012222222222222223 0.03125
6 0.7325 0.4375 0.055 0.07
