9 0.1075 0.410625 0.020555555555555556 0.02875
9 0.6366666666666667 0.391875 0.024444444444444446 0.03375
9 0.5333333333333333 0.4315625 0.0077777777777777776 0.004375
9 0.5333333333333333 0.4234375 0.008888888888888889 0.010625
9 0.4086111111111111 0.4159375 0.007222222222222222 0.014375
2 0.16444444444444445 0.483125 0.1511111111111111 0.05625
2 0.1597222222222222 0.5215625 0.1527777777777778 0.111875
2 0.5491666666666667 0.4309375 0.01611111111111111 0.015625
2 0.5594444444444444 0.42125 0.015555555555555555 0.01625
2 0.5219444444444444 0.4428125 0.020555555555555556 0.020625
2 0.5147222222222222 0.45875 0.025 0.01875
2 0.40194444444444444 0.456875 0.013888888888888888 0.02
2 0.4266666666666667 0.445625 0.023333333333333334 0.0175
2 0.4791666666666667 0.471875 0.09277777777777778 0.04
2 0.3877777777777778 0.4590625 0.021111111111111112 0.025625
2 0.3622222222222222 0.46625 0.03777777777777778 0.0375
2 0.5180555555555556 0.3959375 0.01611111111111111 0.013125
2 0.5258333333333334 0.39125 0.009444444444444445 0.00875
2 0.5294444444444445 0.3859375 0.008888888888888889 0.008125
