7 0.5186111111111111 0.4196875 0.010555555555555556 0.029375
7 0.4711111111111111 0.4225 0.008888888888888889 0.0225
7 0.43944444444444447 0.38875 0.01 0.02625
7 0.23416666666666666 0.41875 0.012777777777777779 0.04
9 0.010833333333333334 0.429375 0.017222222222222222 0.0325
9 0.5963888888888889 0.40375 0.03277777777777778 0.0325
0 0.6486111111111111 0.4575 0.011666666666666667 0.04625
0 0.6677777777777778 0.4690625 0.01888888888888889 0.059375
0 0.7827777777777778 0.470625 0.035555555555555556 0.12375
0 0.6936111111111111 0.453125 0.01611111111111111 0.05375
2 0.17305555555555555 0.4965625 0.11611111111111111 0.079375
2 0.2841666666666667 0.4809375 0.06722222222222222 0.053125
2 0.3611111111111111 0.47125 0.07444444444444444 0.05875
2 0.42944444444444446 0.4634375 0.023333333333333334 0.021875
