9 0.622314453125 0.4788411458333333 0.01806640625 0.022786458333333332
9 0.62255859375 0.4931640625 0.0078125 0.005859375
0 0.40234375 0.5553385416666666 0.0146484375 0.059895833333333336
0 0.41845703125 0.5498046875 0.0146484375 0.061848958333333336
2 0.092041015625 0.5983072916666666 0.12158203125 0.22005208333333334
2 0.203857421875 0.6285807291666666 0.27490234375 0.21028645833333334
2 0.328125 0.5660807291666666 0.0517578125 0.068359375
2 0.359130859375 0.5592447916666666 0.05517578125 0.07421875
2 0.390380859375 0.55859375 0.03564453125 0.049479166666666664
2 0.51220703125 0.5455729166666666 0.0322265625 0.03125
2 0.537841796875 0.5465494791666666 0.02099609375 0.024088541666666668
2 0.62646484375 0.5634765625 0.05078125 0.07486979166666667
2 0.670654296875 0.5963541666666666 0.07958984375 0.17838541666666666
2 0.800537109375 0.6334635416666666 0.27392578125 0.3229166666666667
0 0.575927734375 0.5784505208333334 0.06201171875 0.205078125
11 0.578125 0.6891276041666666 0.0205078125 0.016276041666666668
