9 0.13194444444444445 0.424375 0.028333333333333332 0.01375
9 0.8108333333333333 0.485 0.05388888888888889 0.01875
9 0.8075 0.3078125 0.05611111111111111 0.023125
9 0.8136111111111111 0.3471875 0.04833333333333333 0.054375
9 0.9086111111111111 0.3946875 0.041666666666666664 0.019375
9 0.2875 0.3840625 0.012777777777777779 0.010625
9 0.2863888888888889 0.4025 0.011666666666666667 0.025
0 0.041944444444444444 0.4825 0.021666666666666667 0.04625
0 0.04416666666666667 0.45625 0.01611111111111111 0.02375
0 0.03722222222222222 0.45625 0.008888888888888889 0.02125
0 0.10944444444444444 0.51125 0.034444444444444444 0.0825
0 0.1388888888888889 0.505 0.03 0.1025
0 0.6983333333333334 0.4528125 0.015555555555555555 0.053125
0 0.7080555555555555 0.4684375 0.029444444444444443 0.080625
0 0.7227777777777777 0.4603125 0.017777777777777778 0.073125
0 0.7733333333333333 0.4709375 0.025555555555555557 0.076875
0 0.7902777777777777 0.4615625 0.025 0.088125
0 0.28583333333333333 0.4628125 0.009444444444444445 0.043125
0 0.2652777777777778 0.460625 0.010555555555555556 0.05
2 0.04611111111111111 0.5353125 0.09222222222222222 0.136875
2 0.3622222222222222 0.465 0.05 0.04125
2 0.4086111111111111 0.4896875 0.14277777777777778 0.106875
2 0.5786111111111111 0.55625 0.315 0.27
2 0.4483333333333333 0.506875 0.05555555555555555 0.12375
2 0.8716666666666667 0.4590625 0.08888888888888889 0.060625
2 0.9277777777777778 0.4584375 0.14444444444444443 0.086875
4 0.38666666666666666 0.438125 0.05444444444444444 0.0575
