4 0.5183823529411765 0.40966796875 0.02696078431372549 0.0419921875
7 0.5191993464052288 0.38037109375 0.0024509803921568627 0.0068359375
7 0.4803921568627451 0.40380859375 0.0032679738562091504 0.0068359375
7 0.5351307189542484 0.39697265625 0.0032679738562091504 0.0107421875
9 0.5947712418300654 0.39404296875 0.016339869281045753 0.0322265625
9 0.4526143790849673 0.3935546875 0.016339869281045753 0.03125
6 0.4930555555555556 0.4111328125 0.022058823529411766 0.03515625
2 0.9865196078431373 0.45361328125 0.02696078431372549 0.0322265625
2 0.9599673202614379 0.45654296875 0.032679738562091505 0.0244140625
2 0.8705065359477124 0.443359375 0.051470588235294115 0.0390625
2 0.8259803921568627 0.44384765625 0.024509803921568627 0.0224609375
2 0.8047385620915033 0.4423828125 0.021241830065359478 0.021484375
2 0.7099673202614379 0.4638671875 0.17647058823529413 0.15234375
2 0.553921568627451 0.423828125 0.02287581699346405 0.01953125
2 0.5400326797385621 0.42236328125 0.011437908496732025 0.0126953125
