4 0.45416666666666666 0.4353125 0.029444444444444443 0.034375
7 0.06472222222222222 0.3009375 0.01611111111111111 0.053125
7 0.9947222222222222 0.2746875 0.009444444444444445 0.060625
7 0.7841666666666667 0.3009375 0.01611111111111111 0.054375
7 0.7855555555555556 0.37125 0.022222222222222223 0.02125
9 0.07138888888888889 0.3484375 0.03833333333333333 0.019375
9 0.7780555555555555 0.348125 0.041666666666666664 0.0175
9 0.6997222222222222 0.3825 0.011666666666666667 0.01875
9 0.59 0.406875 0.012222222222222223 0.0125
9 0.6180555555555556 0.41 0.008333333333333333 0.01125
0 0.5202777777777777 0.4725 0.05611111111111111 0.11
1 0.5247222222222222 0.4853125 0.10611111111111111 0.078125
2 0.33444444444444443 0.46625 0.08777777777777777 0.07
2 0.3825 0.4578125 0.06166666666666667 0.054375
2 0.4847222222222222 0.453125 0.04388888888888889 0.03875
2 0.6355555555555555 0.4559375 0.07222222222222222 0.065625
2 0.5930555555555556 0.44875 0.045 0.05375
2 0.5713888888888888 0.4490625 0.017222222222222222 0.040625
2 0.5619444444444445 0.4528125 0.008333333333333333 0.025625
2 0.5566666666666666 0.4478125 0.017777777777777778 0.030625
2 0.545 0.4459375 0.014444444444444444 0.023125
