7 0.7708333333333334 0.1571875 0.06277777777777778 0.140625
7 0.955 0.1678125 0.028888888888888888 0.084375
7 0.7147222222222223 0.3746875 0.011666666666666667 0.031875
7 0.7419444444444444 0.41 0.006111111111111111 0.01
7 0.7172222222222222 0.410625 0.006666666666666667 0.0125
7 0.5419444444444445 0.3859375 0.011666666666666667 0.031875
7 0.39361111111111113 0.3109375 0.010555555555555556 0.033125
7 0.2916666666666667 0.305625 0.011111111111111112 0.0325
7 0.0725 0.4115625 0.010555555555555556 0.031875
9 0.3138888888888889 0.3040625 0.013333333333333334 0.015625
9 0.18888888888888888 0.4490625 0.0077777777777777776 0.008125
0 0.8780555555555556 0.4571875 0.041666666666666664 0.160625
0 0.7327777777777778 0.465 0.043333333333333335 0.17875
0 0.655 0.44875 0.013333333333333334 0.03875
0 0.6752777777777778 0.4496875 0.011666666666666667 0.034375
0 0.5708333333333333 0.45125 0.013888888888888888 0.03
0 0.24472222222222223 0.46375 0.026111111111111113 0.08375
0 0.22444444444444445 0.48875 0.027777777777777776 0.07375
0 0.18222222222222223 0.46875 0.011111111111111112 0.0325
0 0.1363888888888889 0.495 0.04833333333333333 0.16875
0 0.07388888888888889 0.51125 0.03222222222222222 0.095
0 0.04777777777777778 0.4903125 0.034444444444444444 0.128125
0 0.008888888888888889 0.459375 0.017777777777777778 0.0425
0 0.0913888888888889 0.4878125 0.05277777777777778 0.133125
0 0.09777777777777778 0.4765625 0.027777777777777776 0.126875
1 0.7783333333333333 0.48 0.07888888888888888 0.06125
2 0.9230555555555555 0.443125 0.11722222222222223 0.045
2 0.41388888888888886 0.5884375 0.4411111111111111 0.375625
2 0.016944444444444446 0.5725 0.03388888888888889 0.19125
2 0.09194444444444444 0.4753125 0.18388888888888888 0.080625
0 0.7755555555555556 0.458125 0.03888888888888889 0.095
