4 0.573937908496732 0.4521484375 0.041666666666666664 0.056640625
7 0.35947712418300654 0.4130859375 0.008169934640522876 0.01171875
7 0.36968954248366015 0.4189453125 0.010620915032679739 0.021484375
9 0.8006535947712419 0.3447265625 0.027777777777777776 0.037109375
9 0.8018790849673203 0.37890625 0.02369281045751634 0.03125
9 0.4730392156862745 0.41748046875 0.021241830065359478 0.0107421875
9 0.47263071895424835 0.42822265625 0.022058823529411766 0.0087890625
9 0.4730392156862745 0.43994140625 0.021241830065359478 0.0087890625
0 0.33986928104575165 0.4873046875 0.016339869281045753 0.046875
0 0.34681372549019607 0.47509765625 0.010620915032679739 0.0263671875
0 0.3925653594771242 0.47021484375 0.010620915032679739 0.0205078125
0 0.41421568627450983 0.4677734375 0.006535947712418301 0.015625
0 0.4215686274509804 0.46728515625 0.006535947712418301 0.0146484375
0 0.6968954248366013 0.478515625 0.017973856209150325 0.064453125
0 0.6633986928104575 0.4775390625 0.02287581699346405 0.0703125
0 0.09763071895424837 0.53271484375 0.04330065359477124 0.1044921875
1 0.6666666666666666 0.49072265625 0.05392156862745098 0.0439453125
3 0.497140522875817 0.4736328125 0.028594771241830064 0.033203125
2 0.6380718954248366 0.47607421875 0.04084967320261438 0.0439453125
2 0.6168300653594772 0.4619140625 0.03431372549019608 0.037109375
2 0.6037581699346405 0.453125 0.017973856209150325 0.02734375
2 0.5486111111111112 0.4609375 0.005718954248366013 0.013671875
2 0.5428921568627451 0.46142578125 0.008986928104575163 0.0146484375
2 0.5355392156862745 0.462890625 0.013888888888888888 0.017578125
2 0.5208333333333334 0.4677734375 0.013888888888888888 0.0234375
2 0.505718954248366 0.4697265625 0.027777777777777776 0.03125
2 0.4714052287581699 0.4833984375 0.016339869281045753 0.037109375
2 0.4562908496732026 0.48779296875 0.03839869281045752 0.0458984375
2 0.4334150326797386 0.49609375 0.061274509803921566 0.05078125
2 0.37336601307189543 0.51416015625 0.08496732026143791 0.0712890625
2 0.32883986928104575 0.48193359375 0.059640522875817 0.0458984375
