7 0.06444444444444444 0.3159375 0.02666666666666667 0.035625
7 0.4672222222222222 0.423125 0.006666666666666667 0.0075
7 0.5575 0.4196875 0.002777777777777778 0.004375
7 0.5388888888888889 0.4253125 0.0022222222222222222 0.003125
7 0.8633333333333333 0.3034375 0.02 0.026875
7 0.8691666666666666 0.3596875 0.013888888888888888 0.023125
7 0.05138888888888889 0.3775 0.01611111111111111 0.02375
9 0.07416666666666667 0.3503125 0.03722222222222222 0.016875
9 0.14083333333333334 0.2421875 0.08944444444444444 0.028125
9 0.2808333333333333 0.384375 0.011666666666666667 0.01625
9 0.895 0.3359375 0.06 0.015625
9 0.6811111111111111 0.375 0.017777777777777778 0.01625
9 0.4688888888888889 0.41625 0.01 0.00375
1 0.6494444444444445 0.474375 0.024444444444444446 0.045
2 0.2838888888888889 0.476875 0.09333333333333334 0.0825
2 0.38861111111111113 0.46125 0.051666666666666666 0.04
2 0.42694444444444446 0.4553125 0.028333333333333332 0.023125
2 0.4502777777777778 0.45 0.02388888888888889 0.02
2 0.47305555555555556 0.444375 0.018333333333333333 0.01875
2 0.5380555555555555 0.4428125 0.018333333333333333 0.015625
2 0.5069444444444444 0.43625 0.012777777777777779 0.01125
2 0.5947222222222223 0.445 0.041666666666666664 0.03875
2 0.5716666666666667 0.44625 0.012222222222222223 0.02375
0 0.6505555555555556 0.45875 0.02666666666666667 0.07375
8 0.08833333333333333 0.4978125 0.017777777777777778 0.051875
