7 0.6066176470588235 0.48291015625 0.004084967320261438 0.0146484375
7 0.7802287581699346 0.4501953125 0.008169934640522876 0.037109375
7 0.5498366013071896 0.4951171875 0.0016339869281045752 0.005859375
9 0.9677287581699346 0.41748046875 0.031862745098039214 0.0380859375
9 0.9685457516339869 0.44677734375 0.02369281045751634 0.0205078125
0 0.9301470588235294 0.51708984375 0.013888888888888888 0.0517578125
0 0.9477124183006536 0.5166015625 0.014705882352941176 0.0546875
0 0.7336601307189542 0.52783203125 0.014705882352941176 0.0556640625
0 0.7459150326797386 0.52783203125 0.011437908496732025 0.0537109375
0 0.18995098039215685 0.50537109375 0.015522875816993464 0.0322265625
0 0.006944444444444444 0.52587890625 0.010620915032679739 0.0380859375
0 0.10866013071895425 0.51904296875 0.006535947712418301 0.0244140625
0 0.0763888888888889 0.52978515625 0.008986928104575163 0.0341796875
0 0.119281045751634 0.5166015625 0.00980392156862745 0.013671875
0 0.1315359477124183 0.515625 0.00980392156862745 0.01171875
0 0.3508986928104575 0.5244140625 0.01715686274509804 0.037109375
0 0.3321078431372549 0.52734375 0.018790849673202614 0.029296875
0 0.3415032679738562 0.525390625 0.013071895424836602 0.037109375
0 0.9803921568627451 0.517578125 0.008169934640522876 0.041015625
0 0.9901960784313726 0.5087890625 0.013071895424836602 0.02734375
6 0.5 0.494140625 0.02287581699346405 0.021484375
2 0.6613562091503268 0.54150390625 0.0923202614379085 0.0751953125
2 0.6143790849673203 0.53076171875 0.0457516339869281 0.0517578125
2 0.5204248366013072 0.513671875 0.014705882352941176 0.017578125
2 0.4599673202614379 0.51904296875 0.0196078431372549 0.0263671875
2 0.43995098039215685 0.525390625 0.03839869281045752 0.03515625
2 0.48937908496732024 0.5234375 0.032679738562091505 0.04296875
2 0.5093954248366013 0.52197265625 0.008986928104575163 0.0283203125
2 0.1454248366013072 0.54443359375 0.06372549019607843 0.0439453125
2 0.19444444444444445 0.5390625 0.042483660130718956 0.03515625
2 0.30310457516339867 0.52001953125 0.03594771241830065 0.0322265625
2 0.3868464052287582 0.515625 0.012254901960784314 0.013671875
2 0.3602941176470588 0.51318359375 0.011437908496732025 0.0126953125
2 0.372140522875817 0.51806640625 0.022058823529411766 0.0224609375
2 0.5547385620915033 0.5390625 0.0718954248366013 0.08203125
2 0.4325980392156863 0.5048828125 0.013888888888888888 0.0078125
