7 0.04 0.4046875 0.017777777777777778 0.018125
7 0.008888888888888889 0.3625 0.013333333333333334 0.04875
7 0.40166666666666667 0.4390625 0.0077777777777777776 0.009375
7 0.48583333333333334 0.4359375 0.006111111111111111 0.008125
7 0.5730555555555555 0.3878125 0.019444444444444445 0.020625
7 0.5755555555555556 0.3271875 0.021111111111111112 0.025625
7 0.7997222222222222 0.3175 0.025 0.055
7 0.8086111111111111 0.3746875 0.018333333333333333 0.018125
9 0.505 0.42 0.008888888888888889 0.0125
9 0.5044444444444445 0.4090625 0.005555555555555556 0.008125
9 0.8041666666666667 0.351875 0.02277777777777778 0.01625
9 0.8533333333333334 0.36 0.03222222222222222 0.01375
9 0.5183333333333333 0.395625 0.013333333333333334 0.02
9 0.5194444444444445 0.419375 0.006666666666666667 0.01125
0 0.22111111111111112 0.556875 0.14555555555555555 0.415
0 0.018055555555555554 0.471875 0.026111111111111113 0.08125
0 0.04805555555555555 0.47625 0.029444444444444443 0.085
0 0.5572222222222222 0.459375 0.016666666666666666 0.05625
0 0.5986111111111111 0.4521875 0.02388888888888889 0.078125
0 0.6313888888888889 0.44875 0.02722222222222222 0.0825
2 0.4147222222222222 0.45875 0.015 0.0125
2 0.44583333333333336 0.4584375 0.010555555555555556 0.008125
2 0.4583333333333333 0.45625 0.012222222222222223 0.01
2 0.49166666666666664 0.460625 0.04666666666666667 0.0375
