7 0.29 0.4109375 0.0077777777777777776 0.025625
7 0.4697222222222222 0.4121875 0.002777777777777778 0.006875
7 0.4925 0.4284375 0.0038888888888888888 0.010625
7 0.5002777777777778 0.365625 0.008333333333333333 0.02625
7 0.5452777777777778 0.3921875 0.008333333333333333 0.030625
7 0.5461111111111111 0.4184375 0.006666666666666667 0.006875
7 0.6969444444444445 0.4021875 0.007222222222222222 0.019375
7 0.7411111111111112 0.3165625 0.008888888888888889 0.024375
7 0.7155555555555555 0.3196875 0.0077777777777777776 0.020625
7 0.7875 0.3778125 0.009444444444444445 0.025625
7 0.7425 0.3684375 0.013888888888888888 0.039375
7 0.7452777777777778 0.4071875 0.015 0.014375
7 0.165 0.2953125 0.014444444444444444 0.049375
7 0.10138888888888889 0.3396875 0.007222222222222222 0.019375
7 0.13416666666666666 0.349375 0.006111111111111111 0.0225
7 0.16444444444444445 0.40625 0.006666666666666667 0.01375
7 0.01138888888888889 0.37375 0.013888888888888888 0.05375
9 0.6413888888888889 0.269375 0.07166666666666667 0.08
9 0.6411111111111111 0.3203125 0.042222222222222223 0.015625
0 0.04861111111111111 0.465 0.013888888888888888 0.04375
0 0.05277777777777778 0.46375 0.01 0.0475
0 0.14888888888888888 0.4653125 0.011111111111111112 0.041875
0 0.13722222222222222 0.466875 0.01888888888888889 0.04625
0 0.16583333333333333 0.4959375 0.058333333333333334 0.165625
0 0.39 0.484375 0.042222222222222223 0.17125
0 0.4822222222222222 0.445 0.0044444444444444444 0.0125
0 0.6941666666666667 0.4475 0.009444444444444445 0.03
0 0.6877777777777778 0.445625 0.0077777777777777776 0.03
0 0.7197222222222223 0.4465625 0.009444444444444445 0.034375
1 0.7769444444444444 0.500625 0.115 0.0775
2 0.012777777777777779 0.4703125 0.025555555555555557 0.029375
2 0.020833333333333332 0.4584375 0.041666666666666664 0.038125
2 0.2075 0.455625 0.04833333333333333 0.03125
2 0.4686111111111111 0.446875 0.013888888888888888 0.015
2 0.4583333333333333 0.4428125 0.008888888888888889 0.009375
2 0.4816666666666667 0.438125 0.006666666666666667 0.0075
2 0.5991666666666666 0.4678125 0.026111111111111113 0.061875
2 0.5580555555555555 0.47375 0.095 0.075
0 0.7788888888888889 0.469375 0.06333333333333334 0.1325
1 0.7891666666666667 0.436875 0.085 0.07375
