0 0.398828125 0.494140625 0.01015625 0.021484375
1 0.445703125 0.501953125 0.00859375 0.025390625
1 0.4171875 0.60107421875 0.0359375 0.0947265625
2 0.24375 0.4921875 0.059375 0.037109375
2 0.18984375 0.5625 0.1390625 0.1328125
2 0.2734375 0.5537109375 0.0484375 0.0859375
2 0.28984375 0.5419921875 0.0609375 0.072265625
2 0.3140625 0.5322265625 0.05625 0.064453125
2 0.333984375 0.513671875 0.06328125 0.07421875
2 0.373046875 0.51123046875 0.03046875 0.0458984375
2 0.38671875 0.4990234375 0.0234375 0.02734375
2 0.416015625 0.4892578125 0.02734375 0.02734375
2 0.468359375 0.4873046875 0.03671875 0.021484375
2 0.533203125 0.4912109375 0.04140625 0.033203125
2 0.54453125 0.517578125 0.0171875 0.056640625
2 0.55703125 0.52294921875 0.0390625 0.0693359375
2 0.571875 0.53173828125 0.0390625 0.0830078125
2 0.60390625 0.541015625 0.06875 0.111328125
14 0.669140625 0.53125 0.11640625 0.173828125
2 0.703125 0.6015625 0.1625 0.162109375
0 0.52421875 0.55908203125 0.04375 0.1572265625
0 0.446484375 0.4912109375 0.01171875 0.03515625
0 0.41328125 0.552734375 0.0484375 0.142578125
11 0.5203125 0.6416015625 0.015625 0.01171875
