7 0.3030555555555556 0.4140625 0.008333333333333333 0.021875
7 0.5680555555555555 0.411875 0.008333333333333333 0.02
7 0.7133333333333334 0.403125 0.0033333333333333335 0.0175
7 0.041944444444444444 0.42375 0.011666666666666667 0.01625
7 0.6961111111111111 0.3703125 0.017777777777777778 0.045625
7 0.6883333333333334 0.4084375 0.0077777777777777776 0.016875
9 0.055 0.4259375 0.006666666666666667 0.029375
0 0.24861111111111112 0.4640625 0.008333333333333333 0.036875
0 0.23916666666666667 0.466875 0.015 0.04375
0 0.26166666666666666 0.4640625 0.0077777777777777776 0.025625
0 0.8366666666666667 0.465625 0.01888888888888889 0.07625
0 0.8161111111111111 0.4528125 0.024444444444444446 0.055625
0 0.7933333333333333 0.468125 0.017777777777777778 0.02875
0 0.7408333333333333 0.45625 0.013888888888888888 0.03125
0 0.7186111111111111 0.4628125 0.015 0.045625
0 0.6705555555555556 0.4625 0.011111111111111112 0.04125
0 0.6605555555555556 0.4640625 0.013333333333333334 0.044375
0 0.5997222222222223 0.4596875 0.009444444444444445 0.030625
0 0.6119444444444444 0.4578125 0.009444444444444445 0.031875
0 0.6233333333333333 0.4584375 0.008888888888888889 0.033125
0 0.6411111111111111 0.4584375 0.01 0.031875
0 0.6330555555555556 0.4559375 0.009444444444444445 0.033125
0 0.6794444444444444 0.4621875 0.022222222222222223 0.049375
0 0.8905555555555555 0.4428125 0.017777777777777778 0.031875
2 0.37083333333333335 0.4675 0.07166666666666667 0.065
2 0.4177777777777778 0.4584375 0.04 0.048125
2 0.44166666666666665 0.461875 0.015555555555555555 0.03375
2 0.4527777777777778 0.4609375 0.01 0.021875
2 0.4975 0.4728125 0.095 0.090625
2 0.7402777777777778 0.4634375 0.09277777777777778 0.044375
