4 0.5241666666666667 0.42375 0.12166666666666667 0.05375
2 0.03777777777777778 0.455 0.07555555555555556 0.09
2 0.105 0.451875 0.12111111111111111 0.07
2 0.12583333333333332 0.42375 0.125 0.0425
2 0.2538888888888889 0.445625 0.18777777777777777 0.09125
2 0.3616666666666667 0.439375 0.06888888888888889 0.07625
2 0.41083333333333333 0.44375 0.055 0.05375
2 0.4363888888888889 0.440625 0.058333333333333334 0.0475
2 0.465 0.44 0.05 0.0425
2 0.5219444444444444 0.4371875 0.06388888888888888 0.029375
2 0.9422222222222222 0.460625 0.11555555555555555 0.1375
2 0.9319444444444445 0.448125 0.1361111111111111 0.12875
2 0.8238888888888889 0.4496875 0.10888888888888888 0.086875
2 0.7988888888888889 0.4403125 0.13 0.089375
2 0.7125 0.446875 0.05722222222222222 0.06375
2 0.5994444444444444 0.435625 0.027777777777777776 0.02375
2 0.6094444444444445 0.4309375 0.04888888888888889 0.028125
2 0.7297222222222223 0.406875 0.07055555555555555 0.03125
2 0.6305555555555555 0.4284375 0.023333333333333334 0.014375
14 0.6547222222222222 0.4259375 0.04722222222222222 0.048125
