9 0.9241666666666667 0.3809375 0.009444444444444445 0.018125
9 0.9002777777777777 0.42 0.011666666666666667 0.01375
9 0.4597222222222222 0.3375 0.03388888888888889 0.05
1 0.24 0.4928125 0.12666666666666668 0.090625
1 0.39194444444444443 0.48875 0.09277777777777778 0.08125
1 0.5211111111111111 0.4821875 0.06555555555555556 0.073125
1 0.6072222222222222 0.4678125 0.052222222222222225 0.084375
1 0.6508333333333334 0.4690625 0.04388888888888889 0.058125
1 0.6755555555555556 0.46625 0.03666666666666667 0.05625
1 0.6952777777777778 0.4603125 0.03277777777777778 0.048125
1 0.7516666666666667 0.4584375 0.035555555555555556 0.044375
1 0.88 0.4428125 0.027777777777777776 0.043125
2 0.8916666666666667 0.42625 0.05444444444444444 0.0275
2 0.4836111111111111 0.4290625 0.21833333333333332 0.089375
0 0.22666666666666666 0.4609375 0.056666666666666664 0.133125
0 0.39166666666666666 0.4553125 0.05555555555555555 0.108125
0 0.5194444444444445 0.45875 0.04666666666666667 0.105
0 0.6047222222222223 0.43625 0.049444444444444444 0.11375
0 0.6491666666666667 0.446875 0.03722222222222222 0.09375
0 0.6741666666666667 0.435 0.03166666666666667 0.09125
0 0.6938888888888889 0.4403125 0.028888888888888888 0.070625
0 0.7513888888888889 0.44125 0.03166666666666667 0.07375
0 0.8827777777777778 0.4253125 0.02666666666666667 0.074375
