4 0.5200163398692811 0.3779296875 0.09722222222222222 0.1015625
6 0.7430555555555556 0.40380859375 0.17892156862745098 0.1591796875
6 0.610702614379085 0.43212890625 0.04656862745098039 0.0419921875
2 0.9558823529411765 0.47265625 0.08823529411764706 0.115234375
2 0.8553921568627451 0.45556640625 0.12908496732026145 0.0888671875
2 0.6462418300653595 0.451171875 0.014705882352941176 0.015625
2 0.6425653594771242 0.44482421875 0.02369281045751634 0.0302734375
2 0.6147875816993464 0.4501953125 0.02696078431372549 0.021484375
2 0.5841503267973857 0.44921875 0.03758169934640523 0.0390625
2 0.414624183006536 0.44921875 0.061274509803921566 0.05859375
2 0.505718954248366 0.45654296875 0.12745098039215685 0.1357421875
2 0.18668300653594772 0.42578125 0.37336601307189543 0.474609375
2 0.38480392156862747 0.43017578125 0.027777777777777776 0.0341796875
