7 0.29055555555555557 0.215 0.012222222222222223 0.0425
7 0.4272222222222222 0.22125 0.013333333333333334 0.0425
7 0.6177777777777778 0.35 0.013333333333333334 0.04375
7 0.6055555555555555 0.353125 0.0077777777777777776 0.04
7 0.8225 0.1625 0.035 0.11125
7 0.8366666666666667 0.3028125 0.034444444444444444 0.048125
7 0.7811111111111111 0.180625 0.03222222222222222 0.10375
7 0.5080555555555556 0.43625 0.002777777777777778 0.00625
7 0.4955555555555556 0.4353125 0.0022222222222222222 0.004375
7 0.6161111111111112 0.4009375 0.01 0.018125
9 0.6216666666666667 0.276875 0.06777777777777778 0.02125
9 0.5708333333333333 0.4609375 0.025 0.029375
9 0.8327777777777777 0.25125 0.03111111111111111 0.04
9 0.8222222222222222 0.440625 0.013333333333333334 0.025
9 0.5333333333333333 0.4359375 0.006666666666666667 0.009375
0 0.4191666666666667 0.5234375 0.11055555555555556 0.266875
0 0.7366666666666667 0.4528125 0.005555555555555556 0.014375
6 0.35305555555555557 0.4496875 0.06833333333333333 0.064375
6 0.4986111111111111 0.45625 0.010555555555555556 0.01375
2 0.01972222222222222 0.4778125 0.029444444444444443 0.021875
2 0.1775 0.47125 0.03277777777777778 0.015
12 0.5525 0.566875 0.1761111111111111 0.18875
