0 0.6572265625 0.5699869791666666 0.0341796875 0.12955729166666666
2 0.09765625 0.654296875 0.13671875 0.234375
2 0.23291015625 0.59765625 0.1484375 0.13802083333333334
2 0.162841796875 0.5322265625 0.10302734375 0.080078125
2 0.3955078125 0.5611979166666666 0.083984375 0.08072916666666667
2 0.44189453125 0.5478515625 0.05078125 0.07486979166666667
2 0.468994140625 0.5403645833333334 0.03857421875 0.06380208333333333
2 0.494140625 0.5358072916666666 0.0244140625 0.0546875
2 0.518310546875 0.5263671875 0.02685546875 0.035807291666666664
2 0.53466796875 0.5227864583333334 0.0185546875 0.03125
2 0.5400390625 0.5139973958333334 0.0263671875 0.026692708333333332
2 0.554443359375 0.5143229166666666 0.01220703125 0.018229166666666668
2 0.5615234375 0.5094401041666666 0.01171875 0.016276041666666668
2 0.575927734375 0.5081380208333334 0.01123046875 0.014973958333333334
2 0.6181640625 0.5081380208333334 0.013671875 0.014973958333333334
2 0.631591796875 0.5166015625 0.02001953125 0.025390625
2 0.880126953125 0.6529947916666666 0.17919921875 0.19921875
2 0.7763671875 0.5960286458333334 0.0947265625 0.107421875
2 0.876953125 0.5328776041666666 0.1240234375 0.06315104166666667
2 0.785888671875 0.5296223958333334 0.07763671875 0.060546875
0 0.6728515625 0.560546875 0.0244140625 0.1171875
0 0.716552734375 0.6103515625 0.06005859375 0.21549479166666666
11 0.654541015625 0.6337890625 0.00830078125 0.011067708333333334
11 0.674560546875 0.6136067708333334 0.00732421875 0.011067708333333334
11 0.7138671875 0.7034505208333334 0.01953125 0.024088541666666668
