7 0.4519444444444444 0.4321875 0.002777777777777778 0.008125
7 0.47333333333333333 0.4453125 0.0033333333333333335 0.006875
9 0.6811111111111111 0.375625 0.03222222222222222 0.03625
9 0.9769444444444444 0.326875 0.02722222222222222 0.0475
9 0.5455555555555556 0.405625 0.017777777777777778 0.02125
9 0.5475 0.4240625 0.011666666666666667 0.005625
9 0.1963888888888889 0.4175 0.017222222222222222 0.02
9 0.19694444444444445 0.4365625 0.010555555555555556 0.005625
9 0.25805555555555554 0.4321875 0.009444444444444445 0.011875
9 0.5608333333333333 0.418125 0.011666666666666667 0.01875
9 0.46194444444444444 0.433125 0.009444444444444445 0.005
0 0.008055555555555555 0.474375 0.01611111111111111 0.0425
0 0.37222222222222223 0.4671875 0.005555555555555556 0.023125
0 0.4177777777777778 0.4640625 0.01 0.031875
0 0.36666666666666664 0.461875 0.008888888888888889 0.02625
1 0.5477777777777778 0.4778125 0.017777777777777778 0.036875
2 0.8861111111111111 0.536875 0.22666666666666666 0.23375
2 0.3055555555555556 0.4865625 0.11222222222222222 0.089375
2 0.40444444444444444 0.4575 0.014444444444444444 0.0175
2 0.4247222222222222 0.45875 0.015 0.015
2 0.43722222222222223 0.458125 0.0077777777777777776 0.00875
2 0.4486111111111111 0.4578125 0.013888888888888888 0.014375
2 0.4747222222222222 0.4578125 0.01611111111111111 0.014375
2 0.4708333333333333 0.4565625 0.011666666666666667 0.014375
0 0.5483333333333333 0.4621875 0.01888888888888889 0.055625
