4 0.5669934640522876 0.38671875 0.10294117647058823 0.05859375
7 0.38929738562091504 0.42822265625 0.008986928104575163 0.0302734375
7 0.7009803921568627 0.38623046875 0.00980392156862745 0.0302734375
9 0.20955882352941177 0.42626953125 0.018790849673202614 0.0244140625
9 0.20915032679738563 0.44482421875 0.014705882352941176 0.0126953125
9 0.24387254901960784 0.45751953125 0.012254901960784314 0.0146484375
9 0.8921568627450981 0.40869140625 0.008169934640522876 0.0126953125
9 0.7087418300653595 0.43212890625 0.015522875816993464 0.0087890625
9 0.7826797385620915 0.39892578125 0.017973856209150325 0.0126953125
9 0.7839052287581699 0.3818359375 0.018790849673202614 0.013671875
0 0.04738562091503268 0.52783203125 0.03104575163398693 0.0908203125
0 0.07393790849673203 0.53173828125 0.02369281045751634 0.0966796875
0 0.010620915032679739 0.5107421875 0.017973856209150325 0.076171875
0 0.1568627450980392 0.5166015625 0.0196078431372549 0.03515625
0 0.20098039215686275 0.5068359375 0.013071895424836602 0.03125
0 0.2267156862745098 0.50146484375 0.008986928104575163 0.0224609375
0 0.23366013071895425 0.49658203125 0.004901960784313725 0.0087890625
0 0.16544117647058823 0.505859375 0.008986928104575163 0.03125
0 0.1854575163398693 0.50048828125 0.006535947712418301 0.0224609375
0 0.20302287581699346 0.482421875 0.007352941176470588 0.01953125
0 0.2295751633986928 0.47900390625 0.013071895424836602 0.0205078125
0 0.028594771241830064 0.5087890625 0.017973856209150325 0.05078125
0 0.24673202614379086 0.48779296875 0.00980392156862745 0.0126953125
0 0.32679738562091504 0.48046875 0.008169934640522876 0.02734375
0 0.34477124183006536 0.478515625 0.00980392156862745 0.029296875
0 0.3582516339869281 0.47998046875 0.008986928104575163 0.0224609375
0 0.4125816993464052 0.47412109375 0.011437908496732025 0.0185546875
0 0.37826797385620914 0.4794921875 0.00980392156862745 0.021484375
0 0.5551470588235294 0.39892578125 0.02369281045751634 0.0283203125
0 0.5861928104575164 0.39453125 0.02369281045751634 0.03515625
0 0.5277777777777778 0.37841796875 0.017973856209150325 0.0185546875
0 0.8970588235294118 0.4482421875 0.017973856209150325 0.0546875
0 0.7107843137254902 0.4443359375 0.008169934640522876 0.01953125
0 0.6482843137254902 0.451171875 0.008986928104575163 0.029296875
2 0.252859477124183 0.53662109375 0.08251633986928104 0.0869140625
2 0.2920751633986928 0.51513671875 0.08251633986928104 0.0810546875
2 0.5420751633986928 0.5634765625 0.25245098039215685 0.310546875
2 0.8141339869281046 0.548828125 0.18382352941176472 0.185546875
2 0.7283496732026143 0.513671875 0.10212418300653595 0.12109375
2 0.6834150326797386 0.5 0.03839869281045752 0.078125
2 0.9105392156862745 0.443359375 0.056372549019607844 0.033203125
2 0.8696895424836601 0.435546875 0.03022875816993464 0.021484375
2 0.8055555555555556 0.447265625 0.058823529411764705 0.025390625
2 0.7463235294117647 0.4453125 0.03022875816993464 0.017578125
2 0.6948529411764706 0.46044921875 0.0661764705882353 0.0380859375
2 0.6715686274509803 0.4501953125 0.024509803921568627 0.029296875
