9 0.43603515625 0.4765625 0.0185546875 0.0234375
9 0.80322265625 0.5162760416666666 0.0078125 0.026041666666666668
9 0.8017578125 0.5403645833333334 0.0068359375 0.018229166666666668
9 0.75927734375 0.3984375 0.0390625 0.013020833333333334
9 0.760009765625 0.4342447916666667 0.03466796875 0.046875
9 0.760498046875 0.4632161458333333 0.01611328125 0.009765625
0 0.311279296875 0.5859375 0.02880859375 0.11328125
0 0.350341796875 0.5846354166666666 0.03466796875 0.11588541666666667
0 0.66845703125 0.5930989583333334 0.0576171875 0.21744791666666666
0 0.63818359375 0.568359375 0.017578125 0.12760416666666666
0 0.624267578125 0.5784505208333334 0.03173828125 0.134765625
2 0.092529296875 0.64453125 0.12353515625 0.19270833333333334
2 0.1953125 0.61328125 0.1484375 0.14322916666666666
2 0.328369140625 0.5260416666666666 0.07470703125 0.037760416666666664
2 0.406982421875 0.5452473958333334 0.05322265625 0.052734375
2 0.602294921875 0.5478515625 0.01611328125 0.029296875
2 0.571044921875 0.5514322916666666 0.01513671875 0.028645833333333332
2 0.54345703125 0.548828125 0.046875 0.044270833333333336
2 0.58203125 0.5491536458333334 0.02734375 0.031901041666666664
2 0.915283203125 0.7724609375 0.10595703125 0.330078125
2 0.72314453125 0.6162109375 0.0859375 0.14127604166666666
2 0.806884765625 0.6484375 0.17724609375 0.19791666666666666
11 0.62353515625 0.6510416666666666 0.0146484375 0.018229166666666668
11 0.669189453125 0.7112630208333334 0.02197265625 0.021484375
11 0.642822265625 0.6370442708333334 0.01513671875 0.013671875
