9 0.5397222222222222 0.4340625 0.005 0.006875
9 0.21833333333333332 0.4115625 0.035555555555555556 0.041875
2 0.20166666666666666 0.491875 0.12111111111111111 0.10375
2 0.31472222222222224 0.4865625 0.125 0.099375
2 0.3819444444444444 0.4715625 0.030555555555555555 0.033125
2 0.4375 0.465 0.03833333333333333 0.03375
2 0.4625 0.4603125 0.025 0.025625
2 0.47694444444444445 0.4525 0.021666666666666667 0.0225
2 0.49194444444444446 0.4525 0.009444444444444445 0.0125
2 0.5541666666666667 0.4528125 0.025 0.026875
2 0.5322222222222223 0.4484375 0.014444444444444444 0.013125
2 0.5144444444444445 0.445 0.01 0.01125
2 0.4961111111111111 0.45 0.0077777777777777776 0.00875
2 0.49472222222222223 0.4403125 0.010555555555555556 0.009375
2 0.49444444444444446 0.431875 0.0077777777777777776 0.0075
2 0.4961111111111111 0.4215625 0.006666666666666667 0.006875
2 0.5075 0.418125 0.007222222222222222 0.00625
2 0.5047222222222222 0.4121875 0.006111111111111111 0.005625
2 0.5130555555555556 0.410625 0.005 0.005
2 0.4913888888888889 0.40625 0.005 0.005
2 0.4872222222222222 0.403125 0.005555555555555556 0.005
