7 0.0821078431372549 0.4873046875 0.02042483660130719 0.07421875
7 0.07883986928104575 0.1328125 0.059640522875817 0.15625
7 0.11601307189542484 0.4072265625 0.04084967320261438 0.048828125
7 0.2267156862745098 0.27099609375 0.031862745098039214 0.0986328125
7 0.20874183006535948 0.44384765625 0.022058823529411766 0.0341796875
9 0.23570261437908496 0.3984375 0.015522875816993464 0.044921875
9 0.21568627450980393 0.39697265625 0.013071895424836602 0.0458984375
9 0.2565359477124183 0.486328125 0.011437908496732025 0.013671875
9 0.2536764705882353 0.478515625 0.01715686274509804 0.01171875
9 0.3770424836601307 0.4765625 0.010620915032679739 0.013671875
9 0.579248366013072 0.45556640625 0.011437908496732025 0.0107421875
9 0.6421568627450981 0.40966796875 0.024509803921568627 0.0283203125
9 0.6446078431372549 0.43603515625 0.024509803921568627 0.0263671875
9 0.6462418300653595 0.45947265625 0.0196078431372549 0.0205078125
9 0.8660130718954249 0.369140625 0.07026143790849673 0.173828125
9 0.7655228758169934 0.40673828125 0.04084967320261438 0.0517578125
9 0.7663398692810458 0.439453125 0.032679738562091505 0.013671875
9 0.7626633986928104 0.455078125 0.025326797385620915 0.017578125
9 0.7634803921568627 0.47265625 0.02369281045751634 0.015625
0 0.15849673202614378 0.52587890625 0.013071895424836602 0.0478515625
0 0.9375 0.5126953125 0.018790849673202614 0.05859375
0 0.7291666666666666 0.5048828125 0.008986928104575163 0.029296875
0 0.7377450980392157 0.50634765625 0.00980392156862745 0.0302734375
1 0.8459967320261438 0.57470703125 0.08905228758169935 0.0986328125
1 0.8353758169934641 0.57470703125 0.09068627450980392 0.0830078125
3 0.5383986928104575 0.54052734375 0.029411764705882353 0.0439453125
3 0.7312091503267973 0.55859375 0.09477124183006536 0.0625
3 0.7030228758169934 0.53759765625 0.06454248366013073 0.0654296875
3 0.6511437908496732 0.52490234375 0.05065359477124183 0.0595703125
2 0.20016339869281047 0.5146484375 0.04411764705882353 0.01953125
2 0.2798202614379085 0.5166015625 0.02042483660130719 0.015625
2 0.45588235294117646 0.5703125 0.10457516339869281 0.1171875
2 0.5314542483660131 0.5244140625 0.06454248366013073 0.052734375
2 0.5919117647058824 0.52001953125 0.028594771241830064 0.0361328125
2 0.8231209150326797 0.50634765625 0.031862745098039214 0.0341796875
0 0.5383986928104575 0.52587890625 0.027777777777777776 0.0439453125
14 0.9219771241830066 0.57861328125 0.07598039215686274 0.1005859375
