7 0.358203125 0.412109375 0.01015625 0.029296875
7 0.48359375 0.3662109375 0.009375 0.02734375
7 0.56015625 0.4189453125 0.009375 0.02734375
7 0.5859375 0.40673828125 0.0125 0.0361328125
7 0.215625 0.3359375 0.0078125 0.01953125
0 0.205859375 0.51123046875 0.01640625 0.0439453125
0 0.243359375 0.5107421875 0.01796875 0.0390625
0 0.396875 0.48583984375 0.0125 0.0380859375
0 0.9359375 0.52490234375 0.0234375 0.1279296875
0 0.96796875 0.52978515625 0.0203125 0.1142578125
3 0.569140625 0.50146484375 0.04765625 0.0361328125
2 0.670703125 0.52490234375 0.12109375 0.1259765625
6 0.903515625 0.4697265625 0.19296875 0.123046875
0 0.499609375 0.48486328125 0.01171875 0.0322265625
