7 0.187890625 0.31494140625 0.01484375 0.0517578125
7 0.25390625 0.333984375 0.0109375 0.0390625
7 0.309765625 0.44091796875 0.01171875 0.0322265625
7 0.86953125 0.35009765625 0.009375 0.0283203125
7 0.9421875 0.39990234375 0.0109375 0.0341796875
7 0.521484375 0.44189453125 0.01640625 0.0478515625
0 0.946875 0.51025390625 0.0125 0.0556640625
0 0.96015625 0.51025390625 0.015625 0.0537109375
2 0.764453125 0.51220703125 0.02890625 0.0400390625
2 0.805859375 0.494140625 0.01796875 0.021484375
3 0.66875 0.50537109375 0.0171875 0.0224609375
0 0.6671875 0.49658203125 0.0109375 0.0302734375
