9 0.8602941176470589 0.36279296875 0.049019607843137254 0.0693359375
9 0.8553921568627451 0.43310546875 0.0457516339869281 0.0712890625
9 0.45669934640522875 0.52490234375 0.042483660130718956 0.0185546875
9 0.5645424836601307 0.5302734375 0.042483660130718956 0.021484375
9 0.35661764705882354 0.443359375 0.012254901960784314 0.01953125
9 0.35580065359477125 0.458984375 0.012254901960784314 0.009765625
9 0.21772875816993464 0.46826171875 0.007352941176470588 0.0146484375
9 0.7565359477124183 0.47705078125 0.026143790849673203 0.0087890625
9 0.752859477124183 0.48779296875 0.031862745098039214 0.0107421875
9 0.7479575163398693 0.4951171875 0.031862745098039214 0.013671875
9 0.05555555555555555 0.3994140625 0.004901960784313725 0.041015625
9 0.05106209150326797 0.4033203125 0.004084967320261438 0.03515625
0 0.2275326797385621 0.51708984375 0.01715686274509804 0.0537109375
0 0.41013071895424835 0.51171875 0.016339869281045753 0.0234375
2 0.8419117647058824 0.77734375 0.3161764705882353 0.4453125
