9 0.8030555555555555 0.3321875 0.021666666666666667 0.035625
9 0.5877777777777777 0.4203125 0.008888888888888889 0.014375
9 0.39666666666666667 0.4421875 0.008888888888888889 0.009375
2 0.06444444444444444 0.5603125 0.1288888888888889 0.154375
2 0.10416666666666667 0.4971875 0.075 0.039375
2 0.1761111111111111 0.524375 0.13111111111111112 0.0975
2 0.2733333333333333 0.5003125 0.08444444444444445 0.070625
2 0.3452777777777778 0.48875 0.050555555555555555 0.04625
2 0.38555555555555554 0.4809375 0.034444444444444444 0.034375
2 0.41 0.4703125 0.03111111111111111 0.024375
2 0.42916666666666664 0.4665625 0.013888888888888888 0.018125
2 0.435 0.4634375 0.011111111111111112 0.014375
2 0.44472222222222224 0.459375 0.010555555555555556 0.01125
2 0.4513888888888889 0.4565625 0.009444444444444445 0.010625
2 0.4625 0.4575 0.013888888888888888 0.015
2 0.5030555555555556 0.4603125 0.01611111111111111 0.018125
2 0.5069444444444444 0.46625 0.01611111111111111 0.01625
2 0.4938888888888889 0.4565625 0.0077777777777777776 0.009375
2 0.53 0.4684375 0.03777777777777778 0.036875
2 0.5341666666666667 0.4746875 0.02388888888888889 0.030625
2 0.5647222222222222 0.4740625 0.05388888888888889 0.056875
2 0.5697222222222222 0.4825 0.035 0.0525
2 0.6094444444444445 0.488125 0.07888888888888888 0.0625
2 0.71 0.513125 0.13666666666666666 0.13375
2 0.8558333333333333 0.5459375 0.28833333333333333 0.213125
