9 0.37694444444444447 0.4459375 0.019444444444444445 0.009375
3 0.46305555555555555 0.4796875 0.025 0.040625
2 0.03 0.4678125 0.06 0.054375
2 0.22305555555555556 0.463125 0.04722222222222222 0.04125
2 0.29555555555555557 0.4609375 0.021111111111111112 0.019375
2 0.3277777777777778 0.4628125 0.013333333333333334 0.013125
2 0.39 0.4684375 0.034444444444444444 0.036875
2 0.3561111111111111 0.479375 0.06111111111111111 0.0525
2 0.4288888888888889 0.4678125 0.014444444444444444 0.013125
2 0.4461111111111111 0.4684375 0.008888888888888889 0.016875
2 0.4675 0.46625 0.045 0.03875
0 0.4633333333333333 0.4678125 0.024444444444444446 0.050625
