9 0.8305555555555556 0.2603125 0.03111111111111111 0.054375
9 0.7669444444444444 0.438125 0.0038888888888888888 0.00875
0 0.3605555555555556 0.46 0.0077777777777777776 0.02875
0 0.7819444444444444 0.4521875 0.010555555555555556 0.035625
0 0.3738888888888889 0.46375 0.005555555555555556 0.02125
0 0.9180555555555555 0.4375 0.018333333333333333 0.03875
1 0.058611111111111114 0.484375 0.028333333333333332 0.02625
1 0.43833333333333335 0.4953125 0.027777777777777776 0.056875
1 0.5402777777777777 0.5578125 0.07611111111111112 0.180625
1 0.6677777777777778 0.5634375 0.09222222222222222 0.188125
1 0.6041666666666666 0.4821875 0.042777777777777776 0.045625
1 0.9197222222222222 0.3828125 0.04055555555555555 0.055625
1 0.7741666666666667 0.4934375 0.08611111111111111 0.083125
1 0.7497222222222222 0.4909375 0.08611111111111111 0.078125
1 0.8680555555555556 0.5303125 0.095 0.160625
1 0.9244444444444444 0.5003125 0.0811111111111111 0.166875
1 0.9602777777777778 0.52125 0.07944444444444444 0.16875
1 0.7988888888888889 0.491875 0.04777777777777778 0.08375
2 0.5038888888888889 0.4521875 0.0077777777777777776 0.008125
2 0.5075 0.4575 0.009444444444444445 0.0125
2 0.7705555555555555 0.4528125 0.016666666666666666 0.021875
0 0.4313888888888889 0.4684375 0.042777777777777776 0.085625
0 0.5452777777777778 0.4940625 0.085 0.245625
0 0.6708333333333333 0.475 0.09166666666666666 0.295
0 0.6019444444444444 0.465 0.02722222222222222 0.06125
8 0.08833333333333333 0.514375 0.021111111111111112 0.06375
8 0.405 0.4646875 0.0033333333333333335 0.011875
