9 0.7234375 0.423828125 0.009375 0.03515625
9 0.819140625 0.3828125 0.02421875 0.015625
9 0.81796875 0.3359375 0.0609375 0.076171875
9 0.1265625 0.45166015625 0.0109375 0.0068359375
9 0.126171875 0.43310546875 0.02578125 0.0302734375
0 0.106640625 0.52490234375 0.01796875 0.0634765625
0 0.13125 0.52294921875 0.0203125 0.0654296875
0 0.533984375 0.470703125 0.01171875 0.033203125
0 0.577734375 0.46923828125 0.01484375 0.0322265625
0 0.671484375 0.4833984375 0.02109375 0.0625
0 0.694921875 0.49169921875 0.02109375 0.0751953125
0 0.646875 0.49658203125 0.028125 0.0732421875
1 0.96484375 0.57177734375 0.0703125 0.1025390625
2 0.285546875 0.49365234375 0.01484375 0.0205078125
2 0.29375 0.49658203125 0.0140625 0.0205078125
2 0.3 0.498046875 0.0109375 0.021484375
2 0.30859375 0.4951171875 0.01875 0.02734375
2 0.32109375 0.49755859375 0.0234375 0.0302734375
2 0.237109375 0.4990234375 0.02109375 0.02734375
2 0.198828125 0.49658203125 0.03828125 0.0380859375
2 0.18515625 0.51318359375 0.0578125 0.0654296875
2 0.34140625 0.4990234375 0.0265625 0.033203125
2 0.346484375 0.5048828125 0.01484375 0.029296875
2 0.36875 0.5 0.040625 0.046875
2 0.3703125 0.5068359375 0.0203125 0.041015625
2 0.39453125 0.509765625 0.0515625 0.048828125
2 0.2609375 0.5078125 0.0515625 0.04296875
2 0.2875 0.55078125 0.1015625 0.083984375
2 0.914453125 0.521484375 0.13984375 0.07421875
2 0.72265625 0.48583984375 0.08125 0.0517578125
2 0.62421875 0.48193359375 0.075 0.0419921875
2 0.55859375 0.51220703125 0.1375 0.0595703125
