7 0.40236928104575165 0.380859375 0.015522875816993464 0.056640625
9 0.4362745098039216 0.4580078125 0.04411764705882353 0.048828125
9 0.37826797385620914 0.45361328125 0.06209150326797386 0.0517578125
9 0.8161764705882353 0.44921875 0.032679738562091505 0.033203125
0 0.3631535947712418 0.43994140625 0.04330065359477124 0.1201171875
0 0.14787581699346405 0.3955078125 0.03594771241830065 0.087890625
6 0.4244281045751634 0.396484375 0.02696078431372549 0.0625
2 0.9505718954248366 0.6044921875 0.0988562091503268 0.267578125
2 0.08946078431372549 0.5634765625 0.17892156862745098 0.384765625
2 0.25 0.43115234375 0.18627450980392157 0.2080078125
2 0.5964052287581699 0.4462890625 0.1388888888888889 0.1796875
2 0.5138888888888888 0.4208984375 0.049019607843137254 0.083984375
