7 0.5277777777777778 0.35302734375 0.008169934640522876 0.0205078125
7 0.9125816993464052 0.42919921875 0.0032679738562091504 0.0087890625
7 0.9187091503267973 0.43115234375 0.0024509803921568627 0.0068359375
7 0.8929738562091504 0.4287109375 0.0032679738562091504 0.0078125
7 0.8860294117647058 0.4267578125 0.005718954248366013 0.005859375
7 0.9011437908496732 0.43115234375 0.004901960784313725 0.0068359375
7 0.7328431372549019 0.35302734375 0.013071895424836602 0.0224609375
9 0.45302287581699346 0.2568359375 0.09558823529411764 0.029296875
9 0.4571078431372549 0.216796875 0.056372549019607844 0.04296875
9 0.49142156862745096 0.22021484375 0.02696078431372549 0.0419921875
9 0.6119281045751634 0.35986328125 0.04738562091503268 0.0302734375
9 0.5947712418300654 0.380859375 0.008169934640522876 0.01171875
0 0.502859477124183 0.4189453125 0.02042483660130719 0.080078125
0 0.5159313725490197 0.4169921875 0.015522875816993464 0.05859375
3 0.7606209150326797 0.69921875 0.4297385620915033 0.4296875
2 0.5735294117647058 0.41748046875 0.0457516339869281 0.0380859375
2 0.6070261437908496 0.42724609375 0.05718954248366013 0.0439453125
2 0.6343954248366013 0.435546875 0.031862745098039214 0.052734375
2 0.678921568627451 0.435546875 0.07516339869281045 0.076171875
2 0.7312091503267973 0.4619140625 0.08496732026143791 0.078125
2 0.8186274509803921 0.4853515625 0.1568627450980392 0.119140625
