9 0.6341666666666667 0.4025 0.009444444444444445 0.01625
1 0.395 0.4784375 0.013333333333333334 0.024375
2 0.31277777777777777 0.4846875 0.0811111111111111 0.064375
2 0.345 0.4746875 0.05333333333333334 0.056875
2 0.3763888888888889 0.475625 0.012777777777777779 0.04125
2 0.3947222222222222 0.46875 0.030555555555555555 0.03
2 0.41083333333333333 0.465 0.018333333333333333 0.02875
2 0.4230555555555556 0.4646875 0.010555555555555556 0.019375
2 0.4311111111111111 0.46 0.01888888888888889 0.01875
2 0.45555555555555555 0.4578125 0.022222222222222223 0.026875
2 0.46805555555555556 0.4484375 0.013888888888888888 0.011875
2 0.4866666666666667 0.474375 0.05 0.04875
0 0.395 0.468125 0.013333333333333334 0.0325
