4 0.6144444444444445 0.4915625 0.10777777777777778 0.105625
7 0.4716666666666667 0.4690625 0.0044444444444444444 0.008125
7 0.38083333333333336 0.46625 0.005 0.01625
9 0.5261111111111111 0.4734375 0.0044444444444444444 0.014375
9 0.2986111111111111 0.4246875 0.007222222222222222 0.015625
9 0.29888888888888887 0.4403125 0.0077777777777777776 0.015625
0 0.8613888888888889 0.535 0.02388888888888889 0.0575
0 0.76 0.513125 0.021111111111111112 0.06375
0 0.7438888888888889 0.511875 0.021111111111111112 0.06625
0 0.7216666666666667 0.5190625 0.021111111111111112 0.065625
0 0.6908333333333333 0.5103125 0.015 0.061875
0 0.4077777777777778 0.4903125 0.011111111111111112 0.034375
1 0.7780555555555555 0.525625 0.01611111111111111 0.04125
2 0.45555555555555555 0.489375 0.024444444444444446 0.02625
2 0.43166666666666664 0.488125 0.012222222222222223 0.0125
2 0.4177777777777778 0.4896875 0.017777777777777778 0.018125
2 0.38305555555555554 0.4846875 0.026111111111111113 0.020625
2 0.3786111111111111 0.4928125 0.035 0.026875
