2 0.041796875 0.646484375 0.08359375 0.177734375
2 0.098046875 0.5908203125 0.13828125 0.134765625
2 0.18984375 0.5556640625 0.1078125 0.10546875
2 0.24296875 0.5244140625 0.084375 0.09765625
2 0.288671875 0.51708984375 0.03671875 0.0751953125
2 0.30859375 0.501953125 0.0421875 0.05078125
2 0.323046875 0.490234375 0.05390625 0.05859375
2 0.433984375 0.45654296875 0.01953125 0.0185546875
2 0.760546875 0.4921875 0.05390625 0.07421875
2 0.638671875 0.556640625 0.14609375 0.126953125
2 0.60234375 0.51708984375 0.10625 0.1025390625
2 0.55078125 0.5029296875 0.06875 0.08203125
2 0.521875 0.498046875 0.021875 0.060546875
2 0.5078125 0.486328125 0.01875 0.048828125
2 0.50703125 0.4755859375 0.0328125 0.04296875
2 0.48515625 0.46337890625 0.0265625 0.0322265625
