9 0.390625 0.44921875 0.0171875 0.01171875
9 0.390625 0.41845703125 0.0265625 0.0341796875
9 0.86875 0.4462890625 0.015625 0.01171875
9 0.866796875 0.416015625 0.01953125 0.03515625
9 0.990625 0.40234375 0.01875 0.04296875
9 0.8234375 0.45263671875 0.009375 0.0126953125
9 0.61484375 0.5009765625 0.0109375 0.03515625
2 0.628125 0.484375 0.0203125 0.025390625
2 0.660546875 0.47021484375 0.01015625 0.0087890625
2 0.738671875 0.47509765625 0.01796875 0.0126953125
2 0.768359375 0.47607421875 0.01953125 0.0185546875
2 0.6390625 0.46923828125 0.0109375 0.0087890625
