7 0.9936111111111111 0.3159375 0.012777777777777779 0.068125
7 0.6488888888888888 0.39 0.016666666666666666 0.02125
7 0.6580555555555555 0.3246875 0.020555555555555556 0.024375
7 0.5308333333333334 0.4215625 0.010555555555555556 0.015625
7 0.07138888888888889 0.4075 0.013888888888888888 0.01875
7 0.07166666666666667 0.3415625 0.022222222222222223 0.025625
9 0.6602777777777777 0.37125 0.03722222222222222 0.01625
9 0.07416666666666667 0.3890625 0.03388888888888889 0.015625
9 0.15777777777777777 0.408125 0.017777777777777778 0.0225
9 0.22 0.414375 0.015555555555555555 0.02
9 0.6522222222222223 0.43125 0.01 0.0175
0 0.8994444444444445 0.4584375 0.024444444444444446 0.083125
0 0.8511111111111112 0.4565625 0.021111111111111112 0.074375
0 0.8694444444444445 0.4575 0.023333333333333334 0.0875
0 0.8788888888888889 0.453125 0.01888888888888889 0.0725
0 0.7647222222222222 0.4490625 0.021666666666666667 0.068125
0 0.7405555555555555 0.4546875 0.024444444444444446 0.074375
0 0.2991666666666667 0.4565625 0.011666666666666667 0.020625
0 0.27666666666666667 0.4621875 0.012222222222222223 0.033125
0 0.26694444444444443 0.4628125 0.010555555555555556 0.033125
0 0.1963888888888889 0.4646875 0.013888888888888888 0.049375
0 0.18444444444444444 0.461875 0.011111111111111112 0.04
0 0.1225 0.4590625 0.015 0.050625
2 0.5102777777777778 0.463125 0.03166666666666667 0.03
2 0.47888888888888886 0.460625 0.035555555555555556 0.03375
