7 0.9693627450980392 0.20947265625 0.051470588235294115 0.1083984375
7 0.9689542483660131 0.359375 0.032679738562091505 0.041015625
7 0.9869281045751634 0.46533203125 0.0196078431372549 0.0537109375
9 0.0959967320261438 0.4619140625 0.015522875816993464 0.01953125
9 0.0959967320261438 0.4755859375 0.010620915032679739 0.005859375
9 0.20383986928104575 0.5146484375 0.012254901960784314 0.0078125
9 0.20588235294117646 0.50146484375 0.014705882352941176 0.0185546875
9 0.23897058823529413 0.46240234375 0.02042483660130719 0.0146484375
0 0.9566993464052288 0.525390625 0.03594771241830065 0.181640625
0 0.9301470588235294 0.46875 0.028594771241830064 0.06640625
0 0.9575163398692811 0.42724609375 0.021241830065359478 0.0302734375
0 0.9154411764705882 0.46923828125 0.02042483660130719 0.1064453125
0 0.883578431372549 0.52880859375 0.051470588235294115 0.1923828125
0 0.8247549019607843 0.53076171875 0.05473856209150327 0.1787109375
0 0.8513071895424836 0.5185546875 0.03104575163398693 0.1484375
0 0.8468137254901961 0.43798828125 0.025326797385620915 0.0361328125
0 0.8014705882352942 0.51220703125 0.07026143790849673 0.1630859375
0 0.6911764705882353 0.4609375 0.008169934640522876 0.017578125
0 0.7152777777777778 0.48583984375 0.01715686274509804 0.0712890625
0 0.7030228758169934 0.46142578125 0.012254901960784314 0.0205078125
0 0.7242647058823529 0.4814453125 0.012254901960784314 0.076171875
0 0.735702614379085 0.48046875 0.015522875816993464 0.078125
0 0.7475490196078431 0.48828125 0.027777777777777776 0.09375
0 0.766748366013072 0.4853515625 0.012254901960784314 0.087890625
0 0.7773692810457516 0.458984375 0.02369281045751634 0.044921875
0 0.7847222222222222 0.4580078125 0.013888888888888888 0.041015625
0 0.7937091503267973 0.455078125 0.015522875816993464 0.04296875
0 0.8933823529411765 0.4404296875 0.022058823529411766 0.025390625
1 0.6258169934640523 0.47216796875 0.0196078431372549 0.0302734375
1 0.6646241830065359 0.48828125 0.04330065359477124 0.0703125
2 0.42769607843137253 0.5166015625 0.09722222222222222 0.072265625
2 0.4632352941176471 0.49755859375 0.03594771241830065 0.0439453125
2 0.551062091503268 0.48828125 0.04330065359477124 0.046875
2 0.5837418300653595 0.4716796875 0.013888888888888888 0.01171875
2 0.573937908496732 0.470703125 0.008986928104575163 0.01171875
2 0.5927287581699346 0.47021484375 0.005718954248366013 0.0087890625
2 0.6017156862745098 0.47021484375 0.007352941176470588 0.0087890625
2 0.6123366013071896 0.4755859375 0.015522875816993464 0.01953125
2 0.6139705882352942 0.458984375 0.013888888888888888 0.009765625
2 0.4252450980392157 0.47509765625 0.04003267973856209 0.0146484375
