7 0.9094444444444445 0.4071875 0.011111111111111112 0.050625
7 0.7488888888888889 0.3334375 0.011111111111111112 0.033125
7 0.6094444444444445 0.318125 0.008888888888888889 0.0425
7 0.12166666666666667 0.418125 0.008888888888888889 0.02875
9 0.8791666666666667 0.45 0.028333333333333332 0.02375
9 0.8791666666666667 0.46625 0.013888888888888888 0.00875
9 0.8786111111111111 0.479375 0.01611111111111111 0.015
9 0.8783333333333333 0.49375 0.013333333333333334 0.01
9 0.7291666666666666 0.475625 0.011666666666666667 0.01625
9 0.16722222222222222 0.468125 0.015555555555555555 0.035
9 0.1125 0.484375 0.015 0.01
9 0.2775 0.4753125 0.011666666666666667 0.013125
2 0.44666666666666666 0.4990625 0.013333333333333334 0.016875
2 0.43166666666666664 0.4959375 0.016666666666666666 0.024375
2 0.4086111111111111 0.4928125 0.035 0.035625
2 0.3705555555555556 0.491875 0.04555555555555556 0.045
2 0.31583333333333335 0.484375 0.07055555555555555 0.065
2 0.5741666666666667 0.4940625 0.24722222222222223 0.105625
