9 0.2313888888888889 0.4334375 0.010555555555555556 0.019375
9 0.23583333333333334 0.476875 0.006111111111111111 0.0125
1 0.7522222222222222 0.5546875 0.07 0.148125
2 0.3055555555555556 0.501875 0.09555555555555556 0.08625
2 0.36444444444444446 0.5015625 0.035555555555555556 0.039375
2 0.3858333333333333 0.4984375 0.02722222222222222 0.034375
2 0.4141666666666667 0.4934375 0.03944444444444444 0.031875
2 0.4325 0.4884375 0.018333333333333333 0.026875
2 0.44277777777777777 0.48625 0.02 0.02625
2 0.4563888888888889 0.4840625 0.019444444444444445 0.020625
2 0.4697222222222222 0.4828125 0.013888888888888888 0.016875
2 0.48694444444444446 0.4765625 0.012777777777777779 0.011875
2 0.4905555555555556 0.474375 0.01 0.0125
2 0.5016666666666667 0.4690625 0.01 0.010625
2 0.5138888888888888 0.465625 0.0077777777777777776 0.0075
2 0.5313888888888889 0.4634375 0.006111111111111111 0.006875
2 0.5708333333333333 0.4840625 0.03722222222222222 0.031875
2 0.5522222222222222 0.48125 0.012222222222222223 0.02125
2 0.5541666666666667 0.47625 0.02277777777777778 0.02125
2 0.5436111111111112 0.4759375 0.009444444444444445 0.019375
0 0.7525 0.4990625 0.07166666666666667 0.195625
