7 0.1417483660130719 0.42041015625 0.010620915032679739 0.0283203125
7 0.15318627450980393 0.4208984375 0.007352941176470588 0.025390625
7 0.3137254901960784 0.46142578125 0.006535947712418301 0.0205078125
7 0.3161764705882353 0.38623046875 0.011437908496732025 0.0361328125
7 0.7189542483660131 0.3798828125 0.008169934640522876 0.025390625
9 0.14950980392156862 0.4560546875 0.013071895424836602 0.01953125
9 0.31576797385620914 0.42529296875 0.02042483660130719 0.0224609375
9 0.7214052287581699 0.40283203125 0.013071895424836602 0.0166015625
9 0.7209967320261438 0.41552734375 0.013888888888888888 0.0068359375
9 0.7218137254901961 0.4248046875 0.005718954248366013 0.01171875
9 0.7222222222222222 0.4345703125 0.004901960784313725 0.005859375
9 0.7050653594771242 0.435546875 0.011437908496732025 0.01171875
9 0.7050653594771242 0.4443359375 0.008169934640522876 0.005859375
0 0.7728758169934641 0.51953125 0.027777777777777776 0.119140625
0 0.12377450980392157 0.49755859375 0.013888888888888888 0.0439453125
0 0.18504901960784315 0.50830078125 0.025326797385620915 0.0634765625
0 0.22834967320261437 0.49755859375 0.008986928104575163 0.0361328125
0 0.2618464052287582 0.48974609375 0.007352941176470588 0.0283203125
0 0.21037581699346405 0.4677734375 0.007352941176470588 0.01953125
0 0.7291666666666666 0.47705078125 0.02369281045751634 0.0791015625
1 0.24019607843137256 0.5048828125 0.0196078431372549 0.021484375
1 0.22426470588235295 0.50537109375 0.022058823529411766 0.0224609375
2 0.5751633986928104 0.5947265625 0.24673202614379086 0.271484375
2 0.04125816993464052 0.75390625 0.08251633986928104 0.236328125
2 0.03839869281045752 0.52001953125 0.07679738562091504 0.0478515625
2 0.07066993464052287 0.51611328125 0.07434640522875817 0.0458984375
2 0.10457516339869281 0.51171875 0.05065359477124183 0.041015625
2 0.12826797385620914 0.50830078125 0.03758169934640523 0.0283203125
2 0.06413398692810457 0.47998046875 0.07598039215686274 0.0361328125
2 0.39052287581699346 0.4931640625 0.05555555555555555 0.01953125
2 0.46486928104575165 0.478515625 0.0392156862745098 0.025390625
0 0.23733660130718953 0.49365234375 0.010620915032679739 0.0283203125
0 0.22589869281045752 0.4921875 0.008986928104575163 0.03125
