4 0.32230392156862747 0.41064453125 0.03022875816993464 0.0302734375
9 0.40441176470588236 0.3916015625 0.011437908496732025 0.01171875
9 0.4910130718954248 0.400390625 0.013071895424836602 0.0234375
0 0.3002450980392157 0.43359375 0.008986928104575163 0.033203125
0 0.28227124183006536 0.4384765625 0.010620915032679739 0.029296875
0 0.2622549019607843 0.4375 0.013071895424836602 0.033203125
0 0.21037581699346405 0.44482421875 0.013888888888888888 0.0517578125
6 0.36437908496732024 0.408203125 0.017973856209150325 0.0234375
2 0.8790849673202614 0.466796875 0.1454248366013072 0.091796875
2 0.6695261437908496 0.4345703125 0.0661764705882353 0.05078125
2 0.5825163398692811 0.42138671875 0.0457516339869281 0.0322265625
2 0.5044934640522876 0.42431640625 0.035130718954248366 0.0322265625
2 0.5183823529411765 0.41650390625 0.03022875816993464 0.0283203125
2 0.4599673202614379 0.416015625 0.027777777777777776 0.01953125
2 0.434640522875817 0.4111328125 0.0196078431372549 0.009765625
2 0.41380718954248363 0.41162109375 0.01715686274509804 0.0087890625
2 0.37254901960784315 0.41357421875 0.017973856209150325 0.0166015625
2 0.34272875816993464 0.41650390625 0.013888888888888888 0.0126953125
