7 0.7411111111111112 0.3290625 0.02 0.051875
7 0.3363888888888889 0.440625 0.006111111111111111 0.01
7 0.5169444444444444 0.3921875 0.009444444444444445 0.019375
7 0.5227777777777778 0.3340625 0.016666666666666666 0.030625
7 0.42055555555555557 0.4384375 0.0044444444444444444 0.008125
7 0.3672222222222222 0.4521875 0.0044444444444444444 0.005625
9 0.7952777777777778 0.3678125 0.03166666666666667 0.011875
9 0.7483333333333333 0.3609375 0.022222222222222223 0.011875
9 0.3397222222222222 0.4325 0.010555555555555556 0.005
9 0.46 0.399375 0.014444444444444444 0.02125
9 0.44472222222222224 0.4240625 0.008333333333333333 0.013125
9 0.5177777777777778 0.4328125 0.01 0.014375
0 0.4475 0.465625 0.03277777777777778 0.08125
0 0.4708333333333333 0.4659375 0.02388888888888889 0.076875
1 0.7486111111111111 0.545625 0.16722222222222222 0.14625
2 0.9080555555555555 0.4828125 0.1827777777777778 0.208125
2 0.6127777777777778 0.463125 0.25333333333333335 0.115
2 0.13583333333333333 0.5103125 0.27166666666666667 0.163125
2 0.1625 0.4665625 0.06388888888888888 0.039375
2 0.4286111111111111 0.4634375 0.03166666666666667 0.038125
2 0.4088888888888889 0.45625 0.008888888888888889 0.01875
0 0.7427777777777778 0.475 0.1111111111111111 0.20375
