9 0.391357421875 0.5198567708333334 0.00634765625 0.022786458333333332
9 0.397705078125 0.5345052083333334 0.00732421875 0.020833333333333332
9 0.439697265625 0.5452473958333334 0.00927734375 0.009765625
0 0.494140625 0.5849609375 0.0146484375 0.072265625
0 0.4775390625 0.5888671875 0.015625 0.06705729166666667
0 0.83349609375 0.6123046875 0.060546875 0.24153645833333334
0 0.693115234375 0.6373697916666666 0.05712890625 0.20703125
2 0.087158203125 0.5930989583333334 0.11083984375 0.09635416666666667
2 0.125244140625 0.5777994791666666 0.10986328125 0.07356770833333333
2 0.40283203125 0.587890625 0.134765625 0.07161458333333333
