9 0.5703125 0.41943359375 0.01875 0.0263671875
9 0.57265625 0.435546875 0.0140625 0.005859375
9 0.068359375 0.4384765625 0.01484375 0.01953125
9 0.090625 0.4384765625 0.015625 0.01953125
0 0.030078125 0.52001953125 0.01328125 0.0830078125
0 0.05234375 0.54052734375 0.0109375 0.0869140625
1 0.714453125 0.47998046875 0.02890625 0.0341796875
1 0.566796875 0.529296875 0.03515625 0.068359375
1 0.60078125 0.51708984375 0.021875 0.0517578125
1 0.64140625 0.5390625 0.0234375 0.06640625
1 0.226953125 0.546875 0.03359375 0.06640625
2 0.440625 0.486328125 0.1046875 0.041015625
2 0.61484375 0.4482421875 0.0109375 0.013671875
2 0.71953125 0.46728515625 0.040625 0.0302734375
2 0.18359375 0.4736328125 0.0328125 0.017578125
0 0.566796875 0.5068359375 0.03984375 0.087890625
0 0.22578125 0.51953125 0.034375 0.0859375
