9 0.3616666666666667 0.436875 0.01 0.0175
9 0.5255555555555556 0.4171875 0.011111111111111112 0.020625
9 0.5697222222222222 0.3959375 0.008333333333333333 0.010625
9 0.705 0.35375 0.042222222222222223 0.01125
9 0.6716666666666666 0.3578125 0.01 0.014375
2 0.3322222222222222 0.4678125 0.06555555555555556 0.058125
2 0.4336111111111111 0.461875 0.03277777777777778 0.0325
2 0.4725 0.4584375 0.012777777777777779 0.009375
2 0.23722222222222222 0.4759375 0.024444444444444446 0.024375
2 0.12611111111111112 0.45875 0.03666666666666667 0.03125
2 0.10722222222222222 0.46125 0.03888888888888889 0.02625
