9 0.3491666666666667 0.4265625 0.010555555555555556 0.013125
9 0.5430555555555555 0.428125 0.005 0.00375
9 0.5433333333333333 0.4225 0.006666666666666667 0.0075
9 0.5738888888888889 0.421875 0.011111111111111112 0.01375
9 0.6988888888888889 0.3984375 0.011111111111111112 0.021875
9 0.7227777777777777 0.3946875 0.006666666666666667 0.024375
9 0.45361111111111113 0.4134375 0.005 0.010625
0 0.8822222222222222 0.49875 0.042222222222222223 0.1225
0 0.8938888888888888 0.4696875 0.014444444444444444 0.058125
0 0.9269444444444445 0.4865625 0.051666666666666666 0.145625
0 0.9619444444444445 0.4875 0.04611111111111111 0.14
2 0.08888888888888889 0.499375 0.14555555555555555 0.09375
2 0.19361111111111112 0.4875 0.10055555555555555 0.07125
2 0.2891666666666667 0.475 0.03722222222222222 0.04375
2 0.3227777777777778 0.4865625 0.09777777777777778 0.068125
2 0.3686111111111111 0.4625 0.04055555555555555 0.0275
2 0.43472222222222223 0.454375 0.03388888888888889 0.0225
2 0.4305555555555556 0.444375 0.022222222222222223 0.01375
2 0.45305555555555554 0.4446875 0.007222222222222222 0.013125
2 0.4452777777777778 0.44 0.009444444444444445 0.0075
2 0.4683333333333333 0.435625 0.017777777777777778 0.01375
2 0.5363888888888889 0.3934375 0.012777777777777779 0.010625
2 0.5430555555555555 0.38875 0.008333333333333333 0.0075
2 0.5480555555555555 0.3840625 0.010555555555555556 0.009375
2 0.5369444444444444 0.4346875 0.018333333333333333 0.016875
2 0.5569444444444445 0.425 0.011666666666666667 0.01125
2 0.5280555555555555 0.4496875 0.021666666666666667 0.019375
2 0.6722222222222223 0.45875 0.13777777777777778 0.06
2 0.8033333333333333 0.4521875 0.10555555555555556 0.048125
2 0.8383333333333334 0.4290625 0.027777777777777776 0.015625
2 0.8583333333333333 0.43625 0.028888888888888888 0.0375
2 0.565 0.41625 0.006666666666666667 0.0125
