0 0.8740234375 0.6256510416666666 0.056640625 0.22786458333333334
0 0.83740234375 0.64453125 0.0537109375 0.21354166666666666
2 0.1455078125 0.5397135416666666 0.10546875 0.07552083333333333
2 0.186767578125 0.5345052083333334 0.09326171875 0.07682291666666667
2 0.241455078125 0.5419921875 0.02392578125 0.052734375
2 0.24658203125 0.5322265625 0.0751953125 0.068359375
2 0.3291015625 0.5390625 0.09765625 0.05859375
2 0.36962890625 0.5296223958333334 0.0576171875 0.051432291666666664
2 0.44287109375 0.5361328125 0.0712890625 0.037109375
2 0.4970703125 0.5338541666666666 0.0361328125 0.028645833333333332
2 0.539306640625 0.533203125 0.01806640625 0.020833333333333332
2 0.550048828125 0.5322265625 0.00830078125 0.017578125
2 0.556396484375 0.5296223958333334 0.00830078125 0.013671875
2 0.562255859375 0.5289713541666666 0.00634765625 0.011067708333333334
2 0.62939453125 0.54296875 0.0126953125 0.033854166666666664
2 0.605224609375 0.5393880208333334 0.02880859375 0.033203125
2 0.642822265625 0.5458984375 0.02197265625 0.046223958333333336
2 0.664306640625 0.5481770833333334 0.04052734375 0.049479166666666664
2 0.673828125 0.5589192708333334 0.0458984375 0.052734375
2 0.701904296875 0.5735677083333334 0.04541015625 0.07161458333333333
2 0.725830078125 0.5823567708333334 0.04931640625 0.08528645833333333
2 0.748046875 0.5875651041666666 0.0458984375 0.10611979166666667
2 0.82373046875 0.5963541666666666 0.1591796875 0.16927083333333334
2 0.91455078125 0.7034505208333334 0.1103515625 0.2506510416666667
