7 0.7494444444444445 0.3240625 0.02 0.045625
7 0.5266666666666666 0.3609375 0.011111111111111112 0.031875
7 0.3386111111111111 0.44 0.006111111111111111 0.00875
7 0.7544444444444445 0.379375 0.01 0.02
7 0.5244444444444445 0.39375 0.01888888888888889 0.0175
9 0.4627777777777778 0.3996875 0.014444444444444444 0.019375
9 0.44722222222222224 0.4234375 0.0077777777777777776 0.011875
9 0.8030555555555555 0.3665625 0.03166666666666667 0.013125
9 0.7533333333333333 0.358125 0.023333333333333334 0.01375
0 0.8594444444444445 0.59375 0.2722222222222222 0.7675
0 0.11944444444444445 0.4659375 0.014444444444444444 0.046875
0 0.5055555555555555 0.4503125 0.016666666666666666 0.054375
2 0.15694444444444444 0.471875 0.06277777777777778 0.04875
2 0.41444444444444445 0.4575 0.011111111111111112 0.01625
2 0.4386111111111111 0.4640625 0.042777777777777776 0.038125
8 0.5102777777777778 0.4715625 0.013888888888888888 0.034375
