4 0.4505718954248366 0.49072265625 0.17401960784313725 0.0908203125
4 0.8137254901960784 0.52978515625 0.37254901960784315 0.9326171875
4 0.670751633986928 0.5283203125 0.04738562091503268 0.09375
7 0.04861111111111111 0.33740234375 0.028594771241830064 0.0810546875
7 0.22875816993464052 0.4521484375 0.006535947712418301 0.017578125
7 0.2512254901960784 0.43115234375 0.008986928104575163 0.0283203125
7 0.31985294117647056 0.45849609375 0.004084967320261438 0.0146484375
7 0.3341503267973856 0.474609375 0.0032679738562091504 0.009765625
7 0.3206699346405229 0.48974609375 0.0024509803921568627 0.0048828125
7 0.35294117647058826 0.47900390625 0.0032679738562091504 0.0048828125
7 0.0661764705882353 0.458984375 0.017973856209150325 0.03515625
7 0.053513071895424834 0.525390625 0.012254901960784314 0.033203125
7 0.1437908496732026 0.4775390625 0.0032679738562091504 0.005859375
7 0.19158496732026145 0.474609375 0.0024509803921568627 0.00390625
7 0.4709967320261438 0.45361328125 0.004084967320261438 0.0048828125
7 0.5690359477124183 0.4443359375 0.010620915032679739 0.025390625
7 0.5477941176470589 0.4765625 0.004084967320261438 0.005859375
7 0.8022875816993464 0.49951171875 0.00980392156862745 0.0224609375
9 0.04534313725490196 0.40771484375 0.03676470588235294 0.0458984375
9 0.06413398692810457 0.4140625 0.013888888888888888 0.048828125
9 0.042483660130718956 0.44677734375 0.029411764705882353 0.0302734375
9 0.19934640522875818 0.43701171875 0.006535947712418301 0.0146484375
9 0.25245098039215685 0.45654296875 0.017973856209150325 0.0205078125
9 0.5743464052287581 0.41748046875 0.017973856209150325 0.0302734375
9 0.5763888888888888 0.46875 0.015522875816993464 0.01953125
9 0.6127450980392157 0.46875 0.00980392156862745 0.015625
0 0.025326797385620915 0.51318359375 0.03104575163398693 0.0595703125
0 0.07393790849673203 0.5107421875 0.015522875816993464 0.0625
0 0.08905228758169935 0.513671875 0.014705882352941176 0.0546875
0 0.10743464052287582 0.52294921875 0.03349673202614379 0.0439453125
0 0.11519607843137254 0.5 0.00980392156862745 0.033203125
0 0.13398692810457516 0.5166015625 0.0196078431372549 0.05078125
0 0.1854575163398693 0.50634765625 0.014705882352941176 0.0458984375
0 0.23366013071895425 0.57373046875 0.04738562091503268 0.1376953125
0 0.5641339869281046 0.50439453125 0.012254901960784314 0.0361328125
0 0.5543300653594772 0.55029296875 0.049836601307189546 0.1025390625
0 0.5841503267973857 0.5576171875 0.042483660130718956 0.10546875
0 0.608251633986928 0.556640625 0.03676470588235294 0.12109375
0 0.6172385620915033 0.50927734375 0.012254901960784314 0.0439453125
0 0.28104575163398693 0.50390625 0.008169934640522876 0.02734375
0 0.2173202614379085 0.4921875 0.013071895424836602 0.021484375
0 0.8014705882352942 0.7451171875 0.07516339869281045 0.23046875
0 0.8954248366013072 0.82568359375 0.10457516339869281 0.3388671875
0 0.3872549019607843 0.48779296875 0.008169934640522876 0.0146484375
0 0.3815359477124183 0.4912109375 0.008169934640522876 0.017578125
3 0.2173202614379085 0.51708984375 0.06862745098039216 0.0498046875
2 0.27655228758169936 0.50439453125 0.02369281045751634 0.0224609375
2 0.1744281045751634 0.50732421875 0.0661764705882353 0.0361328125
2 0.02165032679738562 0.5048828125 0.04330065359477124 0.0234375
2 0.30106209150326796 0.5009765625 0.012254901960784314 0.015625
2 0.31290849673202614 0.5009765625 0.006535947712418301 0.015625
2 0.3464052287581699 0.513671875 0.03431372549019608 0.04296875
2 0.6119281045751634 0.5107421875 0.058823529411764705 0.03125
2 0.1090686274509804 0.6669921875 0.2181372549019608 0.248046875
2 0.36519607843137253 0.6865234375 0.3235294117647059 0.3359375
