9 0.885 0.38375 0.01 0.015
9 0.6047222222222223 0.39375 0.008333333333333333 0.015
9 0.5825 0.4296875 0.011666666666666667 0.015625
9 0.14305555555555555 0.3565625 0.028333333333333332 0.045625
1 0.11 0.4840625 0.07333333333333333 0.071875
1 0.14 0.484375 0.07 0.06875
1 0.22805555555555557 0.4796875 0.050555555555555555 0.061875
1 0.27805555555555556 0.476875 0.04611111111111111 0.04875
1 0.3061111111111111 0.47375 0.03777777777777778 0.05
1 0.3238888888888889 0.47125 0.028888888888888888 0.045
1 0.3383333333333333 0.47375 0.04666666666666667 0.05125
1 0.3586111111111111 0.4690625 0.03611111111111111 0.046875
1 0.39194444444444443 0.46375 0.03611111111111111 0.0475
1 0.39861111111111114 0.463125 0.03722222222222222 0.05125
1 0.43944444444444447 0.4609375 0.027777777777777776 0.040625
1 0.46444444444444444 0.4553125 0.03666666666666667 0.044375
1 0.48638888888888887 0.4553125 0.026111111111111113 0.039375
1 0.5186111111111111 0.4540625 0.025 0.034375
1 0.5475 0.450625 0.026111111111111113 0.04
2 0.8655555555555555 0.4309375 0.056666666666666664 0.059375
2 0.6172222222222222 0.4375 0.042222222222222223 0.02375
2 0.1775 0.4325 0.20166666666666666 0.08
2 0.5930555555555556 0.43375 0.03166666666666667 0.025
0 0.1075 0.44625 0.03944444444444444 0.1025
0 0.13805555555555554 0.4571875 0.050555555555555555 0.090625
0 0.23277777777777778 0.4534375 0.04666666666666667 0.094375
0 0.275 0.4634375 0.024444444444444446 0.076875
0 0.3013888888888889 0.458125 0.03611111111111111 0.07
0 0.32305555555555554 0.448125 0.02388888888888889 0.055
0 0.3363888888888889 0.4503125 0.03388888888888889 0.091875
0 0.36 0.451875 0.03 0.07625
0 0.3925 0.4459375 0.020555555555555556 0.051875
0 0.4022222222222222 0.440625 0.034444444444444444 0.07875
0 0.4411111111111111 0.43375 0.022222222222222223 0.05125
0 0.45611111111111113 0.4296875 0.027777777777777776 0.054375
0 0.4872222222222222 0.44125 0.021111111111111112 0.05375
0 0.5186111111111111 0.4409375 0.026111111111111113 0.051875
0 0.5483333333333333 0.4353125 0.027777777777777776 0.066875
