0 0.6822222222222222 0.475 0.03777777777777778 0.115
2 0.43805555555555553 0.48375 0.013888888888888888 0.01375
2 0.4211111111111111 0.481875 0.015555555555555555 0.0175
2 0.4625 0.4884375 0.050555555555555555 0.034375
2 0.4022222222222222 0.483125 0.016666666666666666 0.01375
2 0.37916666666666665 0.4796875 0.019444444444444445 0.019375
2 0.1663888888888889 0.4878125 0.19722222222222222 0.164375
2 0.04694444444444444 0.4940625 0.05611111111111111 0.046875
2 0.3136111111111111 0.4828125 0.03944444444444444 0.016875
2 0.2786111111111111 0.4825 0.02722222222222222 0.01875
