9 0.60078125 0.42138671875 0.015625 0.0048828125
9 0.60078125 0.4375 0.015625 0.021484375
0 0.385546875 0.5048828125 0.02109375 0.05859375
2 0.9390625 0.71435546875 0.121875 0.2958984375
2 0.88046875 0.66455078125 0.2203125 0.2275390625
2 0.94375 0.51416015625 0.1125 0.0751953125
2 0.921875 0.47607421875 0.059375 0.0263671875
2 0.989453125 0.48681640625 0.02109375 0.0322265625
2 0.76171875 0.4912109375 0.05625 0.052734375
2 0.674609375 0.5361328125 0.10546875 0.099609375
2 0.6546875 0.51513671875 0.0875 0.0830078125
2 0.6046875 0.49755859375 0.053125 0.0615234375
2 0.601171875 0.4912109375 0.05703125 0.056640625
2 0.57578125 0.48876953125 0.0171875 0.0498046875
2 0.568359375 0.48828125 0.01484375 0.044921875
2 0.557421875 0.48046875 0.01171875 0.01953125
2 0.551171875 0.48291015625 0.01328125 0.0185546875
2 0.537109375 0.4833984375 0.02109375 0.021484375
2 0.5203125 0.48583984375 0.0203125 0.0205078125
2 0.49765625 0.48681640625 0.0296875 0.0244140625
2 0.459765625 0.50244140625 0.05859375 0.0537109375
2 0.414453125 0.49609375 0.02421875 0.04296875
2 0.38984375 0.5029296875 0.0453125 0.0546875
2 0.3578125 0.5146484375 0.059375 0.05859375
2 0.332421875 0.53515625 0.04453125 0.072265625
2 0.282421875 0.55078125 0.10546875 0.09765625
2 0.111328125 0.49462890625 0.12890625 0.0537109375
2 0.02890625 0.52197265625 0.0578125 0.0947265625
2 0.0796875 0.52490234375 0.0875 0.0693359375
2 0.975 0.46630859375 0.05 0.0322265625
2 0.1640625 0.5888671875 0.1484375 0.1640625
2 0.075390625 0.6533203125 0.15078125 0.19140625
2 0.023046875 0.7236328125 0.04609375 0.154296875
