7 0.030555555555555555 0.3615625 0.02 0.055625
7 0.06055555555555556 0.4053125 0.016666666666666666 0.019375
7 0.5927777777777777 0.3428125 0.027777777777777776 0.061875
7 0.5855555555555556 0.38875 0.015555555555555555 0.02125
7 0.4177777777777778 0.438125 0.006666666666666667 0.00875
7 0.5025 0.4353125 0.005 0.006875
7 0.8127777777777778 0.3184375 0.023333333333333334 0.051875
7 0.8213888888888888 0.3753125 0.017222222222222222 0.019375
9 0.42083333333333334 0.43125 0.011666666666666667 0.005
9 0.5202777777777777 0.409375 0.006111111111111111 0.00875
9 0.5211111111111111 0.420625 0.0077777777777777776 0.0125
9 0.5344444444444445 0.39625 0.013333333333333334 0.02
9 0.535 0.42 0.006666666666666667 0.01
9 0.8175 0.3534375 0.02388888888888889 0.018125
9 0.8658333333333333 0.3603125 0.03277777777777778 0.011875
9 0.5858333333333333 0.429375 0.009444444444444445 0.01375
0 0.8138888888888889 0.45 0.028888888888888888 0.075
0 0.7516666666666667 0.4503125 0.028888888888888888 0.074375
0 0.7566666666666667 0.448125 0.024444444444444446 0.075
2 0.2247222222222222 0.4715625 0.06722222222222222 0.053125
2 0.29444444444444445 0.4609375 0.07333333333333333 0.055625
2 0.5080555555555556 0.4609375 0.042777777777777776 0.036875
8 0.5752777777777778 0.4678125 0.010555555555555556 0.031875
