9 0.4375 0.408125 0.011666666666666667 0.0175
2 0.04722222222222222 0.483125 0.09444444444444444 0.09375
2 0.13694444444444445 0.473125 0.04833333333333333 0.0425
2 0.18388888888888888 0.4703125 0.03777777777777778 0.029375
2 0.21055555555555555 0.4678125 0.024444444444444446 0.025625
2 0.22527777777777777 0.4675 0.013888888888888888 0.0225
2 0.2336111111111111 0.4675 0.012777777777777779 0.02125
2 0.32916666666666666 0.4696875 0.025 0.020625
2 0.27666666666666667 0.46125 0.011111111111111112 0.01125
2 0.26611111111111113 0.463125 0.012222222222222223 0.01125
2 0.30916666666666665 0.4659375 0.012777777777777779 0.010625
