7 0.5688888888888889 0.396875 0.011111111111111112 0.01375
7 0.2761111111111111 0.4040625 0.016666666666666666 0.020625
9 0.7611111111111111 0.4178125 0.015555555555555555 0.023125
9 0.03638888888888889 0.3603125 0.041666666666666664 0.058125
0 0.0661111111111111 0.4721875 0.012222222222222223 0.060625
0 0.075 0.4703125 0.015555555555555555 0.064375
0 0.09555555555555556 0.4790625 0.02 0.081875
0 0.16583333333333333 0.46375 0.01611111111111111 0.04125
0 0.19027777777777777 0.4590625 0.009444444444444445 0.033125
0 0.19777777777777777 0.46 0.008888888888888889 0.03375
0 0.20583333333333334 0.4590625 0.012777777777777779 0.038125
0 0.13166666666666665 0.4575 0.013333333333333334 0.0375
0 0.11805555555555555 0.46625 0.015 0.05
0 0.14444444444444443 0.4584375 0.01 0.034375
0 0.3125 0.471875 0.020555555555555556 0.0425
0 0.30083333333333334 0.466875 0.008333333333333333 0.0375
0 0.6663888888888889 0.4628125 0.026111111111111113 0.091875
0 0.6327777777777778 0.4403125 0.012222222222222223 0.035625
0 0.6205555555555555 0.4446875 0.013333333333333334 0.033125
0 0.5713888888888888 0.4546875 0.013888888888888888 0.045625
2 0.48833333333333334 0.4653125 0.07111111111111111 0.061875
2 0.5341666666666667 0.4634375 0.03166666666666667 0.038125
2 0.3675 0.4709375 0.028333333333333332 0.025625
2 0.44666666666666666 0.446875 0.02 0.02125
