9 0.39944444444444444 0.4146875 0.014444444444444444 0.016875
0 0.04472222222222222 0.4928125 0.02722222222222222 0.103125
2 0.9827777777777778 0.6128125 0.034444444444444444 0.200625
2 0.8033333333333333 0.5578125 0.3933333333333333 0.274375
2 0.5855555555555556 0.50625 0.19111111111111112 0.15625
2 0.48694444444444446 0.48875 0.11166666666666666 0.11875
2 0.43805555555555553 0.48 0.051666666666666666 0.09
2 0.4111111111111111 0.480625 0.034444444444444444 0.065
2 0.39222222222222225 0.4775 0.01888888888888889 0.05625
2 0.38222222222222224 0.475625 0.022222222222222223 0.0475
2 0.3036111111111111 0.513125 0.155 0.14125
2 0.2222222222222222 0.4784375 0.043333333333333335 0.043125
2 0.14555555555555555 0.4865625 0.06111111111111111 0.045625
2 0.043055555555555555 0.4978125 0.08611111111111111 0.100625
2 0.09277777777777778 0.49375 0.027777777777777776 0.06875
