7 0.030833333333333334 0.44125 0.009444444444444445 0.02375
7 0.1361111111111111 0.4346875 0.01 0.029375
7 0.08833333333333333 0.3 0.016666666666666666 0.04625
7 0.23222222222222222 0.2696875 0.01888888888888889 0.045625
7 0.3511111111111111 0.3446875 0.012222222222222223 0.028125
7 0.44472222222222224 0.3390625 0.011666666666666667 0.028125
7 0.5594444444444444 0.3921875 0.012222222222222223 0.028125
7 0.5630555555555555 0.418125 0.008333333333333333 0.01
7 0.6044444444444445 0.3553125 0.017777777777777778 0.048125
7 0.6238888888888889 0.3784375 0.008888888888888889 0.023125
7 0.6288888888888889 0.4071875 0.006666666666666667 0.009375
7 0.7027777777777777 0.3871875 0.01 0.014375
7 0.6947222222222222 0.3465625 0.011666666666666667 0.028125
7 0.6622222222222223 0.2846875 0.011111111111111112 0.030625
7 0.135 0.460625 0.0077777777777777776 0.00875
7 0.03027777777777778 0.46875 0.006111111111111111 0.01
7 0.615 0.3978125 0.01 0.019375
9 0.025277777777777777 0.3546875 0.050555555555555555 0.020625
9 0.19972222222222222 0.2709375 0.018333333333333333 0.021875
9 0.37083333333333335 0.3415625 0.011666666666666667 0.013125
9 0.4905555555555556 0.3640625 0.034444444444444444 0.011875
9 0.6936111111111111 0.303125 0.01611111111111111 0.0175
9 0.5302777777777777 0.4284375 0.006111111111111111 0.014375
9 0.35055555555555556 0.456875 0.006666666666666667 0.01375
2 0.4711111111111111 0.45625 0.021111111111111112 0.02125
2 0.305 0.4734375 0.04 0.034375
2 0.25805555555555554 0.4828125 0.05611111111111111 0.054375
8 0.8655555555555555 0.510625 0.043333333333333335 0.09375
