7 0.0915032679738562 0.4072265625 0.00980392156862745 0.03515625
7 0.24183006535947713 0.43408203125 0.011437908496732025 0.0283203125
7 0.6147875816993464 0.421875 0.025326797385620915 0.025390625
7 0.6556372549019608 0.44140625 0.015522875816993464 0.015625
7 0.2455065359477124 0.4794921875 0.010620915032679739 0.013671875
7 0.6388888888888888 0.37109375 0.017973856209150325 0.0625
9 0.24101307189542484 0.4599609375 0.016339869281045753 0.021484375
9 0.5171568627450981 0.4619140625 0.014705882352941176 0.01953125
0 0.7777777777777778 0.5791015625 0.0457516339869281 0.16015625
0 0.7254901960784313 0.595703125 0.06862745098039216 0.150390625
0 0.6981209150326797 0.58203125 0.08088235294117647 0.193359375
0 0.676062091503268 0.51416015625 0.015522875816993464 0.0458984375
0 0.5314542483660131 0.52392578125 0.013888888888888888 0.0537109375
6 0.42606209150326796 0.498046875 0.01715686274509804 0.02734375
3 0.01715686274509804 0.5244140625 0.03431372549019608 0.052734375
3 0.049836601307189546 0.52197265625 0.03758169934640523 0.0537109375
3 0.08129084967320262 0.521484375 0.04330065359477124 0.0546875
3 0.16258169934640523 0.55224609375 0.05718954248366013 0.0556640625
3 0.18872549019607843 0.5478515625 0.07026143790849673 0.052734375
3 0.22263071895424835 0.53662109375 0.059640522875817 0.0673828125
3 0.8198529411764706 0.52392578125 0.05310457516339869 0.0439453125
3 0.8476307189542484 0.52734375 0.02042483660130719 0.03125
3 0.9162581699346405 0.5234375 0.02696078431372549 0.029296875
2 0.2949346405228758 0.5224609375 0.05392156862745098 0.05078125
2 0.34191176470588236 0.51416015625 0.022058823529411766 0.0263671875
2 0.3590686274509804 0.5107421875 0.01715686274509804 0.01953125
2 0.6017156862745098 0.52783203125 0.125 0.0556640625
2 0.9391339869281046 0.51025390625 0.061274509803921566 0.0439453125
2 0.9726307189542484 0.509765625 0.022058823529411766 0.03125
2 0.9873366013071896 0.5224609375 0.025326797385620915 0.072265625
2 0.4387254901960784 0.51123046875 0.024509803921568627 0.0263671875
0 0.7745098039215687 0.54736328125 0.03758169934640523 0.0791015625
