9 0.34375 0.4091796875 0.0234375 0.009765625
0 0.65625 0.49560546875 0.0203125 0.0869140625
0 0.684765625 0.49658203125 0.01796875 0.0830078125
0 0.715234375 0.49365234375 0.02265625 0.0830078125
0 0.451171875 0.451171875 0.00859375 0.02734375
1 0.405859375 0.45751953125 0.01328125 0.0185546875
1 0.030859375 0.5673828125 0.02109375 0.068359375
2 0.46953125 0.45263671875 0.0296875 0.0302734375
2 0.216015625 0.4833984375 0.04609375 0.044921875
2 0.043359375 0.46240234375 0.05703125 0.0185546875
2 0.030078125 0.47021484375 0.03046875 0.0185546875
2 0.085546875 0.50146484375 0.13984375 0.0751953125
2 0.11796875 0.4853515625 0.0875 0.05078125
0 0.40546875 0.45068359375 0.0109375 0.0244140625
8 0.350390625 0.46533203125 0.00546875 0.0166015625
8 0.07421875 0.57275390625 0.01875 0.0634765625
