9 0.741796875 0.36865234375 0.04296875 0.0556640625
9 0.743359375 0.40185546875 0.02578125 0.0107421875
0 0.224609375 0.4833984375 0.01484375 0.0390625
0 0.24296875 0.4912109375 0.0203125 0.056640625
0 0.618359375 0.49951171875 0.01640625 0.0419921875
1 0.259765625 0.50439453125 0.01484375 0.0361328125
1 0.316015625 0.513671875 0.01953125 0.04296875
1 0.39453125 0.6103515625 0.059375 0.1328125
2 0.321484375 0.494140625 0.04765625 0.052734375
2 0.434765625 0.48681640625 0.03046875 0.0341796875
2 0.521484375 0.50146484375 0.04609375 0.0478515625
2 0.204296875 0.552734375 0.09765625 0.111328125
2 0.15546875 0.57861328125 0.125 0.1357421875
2 0.08828125 0.62548828125 0.1765625 0.1884765625
2 0.69140625 0.5654296875 0.1546875 0.12890625
2 0.85078125 0.66064453125 0.2984375 0.2216796875
2 0.9125 0.5009765625 0.0953125 0.0625
2 0.9625 0.5078125 0.075 0.08203125
2 0.950390625 0.7646484375 0.09921875 0.21875
0 0.395703125 0.56103515625 0.06328125 0.1865234375
0 0.555078125 0.5712890625 0.05390625 0.18359375
0 0.31796875 0.501953125 0.0234375 0.060546875
0 0.261328125 0.4921875 0.01484375 0.0546875
11 0.553125 0.65625 0.021875 0.01953125
14 0.52890625 0.46533203125 0.0421875 0.0361328125
