7 0.66796875 0.431640625 0.009375 0.013671875
7 0.486328125 0.439453125 0.00859375 0.01171875
9 0.886328125 0.4248046875 0.01640625 0.029296875
9 0.778125 0.4267578125 0.01875 0.017578125
9 0.48515625 0.46142578125 0.0078125 0.0126953125
0 0.02890625 0.53955078125 0.0203125 0.0595703125
0 0.046484375 0.5390625 0.01796875 0.05859375
0 0.257421875 0.51611328125 0.01796875 0.0634765625
0 0.964453125 0.5 0.02265625 0.078125
0 0.893359375 0.49169921875 0.01484375 0.0595703125
2 0.378515625 0.53076171875 0.07890625 0.0615234375
