9 0.18046875 0.4130859375 0.0140625 0.0078125
9 0.18046875 0.38671875 0.03125 0.044921875
0 0.70390625 0.46435546875 0.0078125 0.0322265625
1 0.0859375 0.525390625 0.0265625 0.060546875
1 0.205859375 0.51220703125 0.04921875 0.0419921875
1 0.49609375 0.623046875 0.1421875 0.107421875
1 0.191015625 0.515625 0.02109375 0.037109375
2 0.031640625 0.51025390625 0.06328125 0.0771484375
2 0.043359375 0.4716796875 0.08671875 0.0390625
2 0.120703125 0.5048828125 0.12109375 0.099609375
2 0.784765625 0.46875 0.10859375 0.0625
2 0.76796875 0.4970703125 0.071875 0.0859375
2 0.831640625 0.49609375 0.11171875 0.09765625
2 0.672265625 0.439453125 0.01796875 0.017578125
2 0.6875 0.443359375 0.0203125 0.021484375
2 0.67421875 0.470703125 0.034375 0.04296875
2 0.658203125 0.48486328125 0.05859375 0.0576171875
2 0.3265625 0.46484375 0.0640625 0.025390625
2 0.638671875 0.44140625 0.01171875 0.01171875
2 0.627734375 0.44140625 0.01484375 0.015625
2 0.6234375 0.4443359375 0.0140625 0.013671875
2 0.61875 0.44775390625 0.0109375 0.0146484375
2 0.609765625 0.451171875 0.01484375 0.017578125
2 0.596875 0.45458984375 0.0203125 0.0205078125
2 0.56171875 0.44775390625 0.01875 0.0087890625
2 0.578515625 0.4580078125 0.02578125 0.02734375
2 0.575 0.46337890625 0.01875 0.0244140625
2 0.5640625 0.46435546875 0.01875 0.0283203125
2 0.549609375 0.46533203125 0.02265625 0.0322265625
2 0.48046875 0.4599609375 0.0390625 0.021484375
2 0.524609375 0.466796875 0.03828125 0.04296875
2 0.516015625 0.4716796875 0.02734375 0.0390625
2 0.4921875 0.4765625 0.046875 0.046875
2 0.452734375 0.4853515625 0.04609375 0.046875
2 0.424609375 0.4912109375 0.04140625 0.05078125
2 0.384375 0.4990234375 0.0703125 0.06640625
0 0.64453125 0.4521484375 0.0125 0.01953125
0 0.490625 0.58203125 0.05625 0.158203125
