7 0.4189453125 0.51953125 0.013671875 0.026041666666666668
7 0.4794921875 0.5452473958333334 0.0087890625 0.018880208333333332
7 0.65087890625 0.5146484375 0.015625 0.021484375
9 0.3828125 0.5159505208333334 0.0146484375 0.037109375
0 0.074462890625 0.5797526041666666 0.02783203125 0.051432291666666664
0 0.910400390625 0.5680338541666666 0.02587890625 0.041015625
0 0.88623046875 0.5634765625 0.0244140625 0.051432291666666664
0 0.703369140625 0.5921223958333334 0.01611328125 0.050130208333333336
3 0.616455078125 0.5944010416666666 0.01708984375 0.033854166666666664
2 0.52880859375 0.611328125 0.0986328125 0.08463541666666667
0 0.6162109375 0.580078125 0.01953125 0.044270833333333336
