0 0.11484375 0.57421875 0.0375 0.107421875
1 0.416015625 0.4912109375 0.00703125 0.015625
2 0.9796875 0.9091796875 0.040625 0.181640625
2 0.84609375 0.7451171875 0.3078125 0.3515625
2 0.727734375 0.59521484375 0.20390625 0.1982421875
2 0.595703125 0.5322265625 0.07734375 0.080078125
2 0.57734375 0.5166015625 0.0640625 0.080078125
2 0.53828125 0.5078125 0.0390625 0.0703125
2 0.525 0.490234375 0.03125 0.04296875
2 0.50546875 0.48486328125 0.0125 0.0341796875
2 0.50078125 0.48095703125 0.009375 0.0302734375
2 0.4625 0.47412109375 0.021875 0.0244140625
2 0.42890625 0.4736328125 0.015625 0.015625
2 0.4265625 0.47705078125 0.015625 0.0146484375
2 0.409765625 0.4833984375 0.02421875 0.017578125
2 0.389453125 0.4912109375 0.02734375 0.02734375
2 0.341015625 0.48388671875 0.05390625 0.0263671875
2 0.340234375 0.49169921875 0.03203125 0.0302734375
2 0.305859375 0.4951171875 0.02109375 0.037109375
2 0.261328125 0.5 0.08359375 0.041015625
2 0.23359375 0.51318359375 0.109375 0.0478515625
2 0.1875 0.48486328125 0.0359375 0.0205078125
2 0.10390625 0.5205078125 0.153125 0.07421875
2 0.05390625 0.5439453125 0.1078125 0.076171875
0 0.416015625 0.484375 0.00703125 0.0234375
