6 0.5326797385620915 0.38427734375 0.02287581699346405 0.0283203125
2 0.744281045751634 0.45947265625 0.15849673202614378 0.1494140625
2 0.6924019607843137 0.42724609375 0.12173202614379085 0.1142578125
2 0.6229575163398693 0.42041015625 0.04330065359477124 0.0478515625
2 0.5931372549019608 0.41259765625 0.029411764705882353 0.0322265625
2 0.5796568627450981 0.4091796875 0.015522875816993464 0.025390625
2 0.576797385620915 0.4052734375 0.02287581699346405 0.0234375
2 0.5625 0.39990234375 0.015522875816993464 0.0185546875
2 0.548202614379085 0.3984375 0.021241830065359478 0.01953125
2 0.5265522875816994 0.3994140625 0.02042483660130719 0.017578125
2 0.502859477124183 0.4013671875 0.02042483660130719 0.025390625
2 0.49836601307189543 0.40234375 0.016339869281045753 0.025390625
2 0.4897875816993464 0.40625 0.02369281045751634 0.029296875
2 0.4665032679738562 0.412109375 0.0392156862745098 0.044921875
2 0.43218954248366015 0.4248046875 0.07352941176470588 0.0703125
