7 0.09722222222222222 0.3225 0.006666666666666667 0.02125
7 0.13333333333333333 0.3340625 0.008888888888888889 0.020625
7 0.155 0.2684375 0.014444444444444444 0.053125
7 0.30083333333333334 0.3971875 0.006111111111111111 0.024375
7 0.5233333333333333 0.349375 0.006666666666666667 0.025
7 0.57 0.3775 0.0077777777777777776 0.03125
7 0.5722222222222222 0.40375 0.006666666666666667 0.0075
7 0.7352777777777778 0.4034375 0.0038888888888888888 0.008125
7 0.7305555555555555 0.3853125 0.0044444444444444444 0.019375
7 0.7927777777777778 0.3871875 0.006666666666666667 0.015625
7 0.8041666666666667 0.386875 0.008333333333333333 0.01875
7 0.7952777777777778 0.3446875 0.01611111111111111 0.043125
7 0.7541666666666667 0.29625 0.008333333333333333 0.02375
7 0.7836111111111111 0.291875 0.008333333333333333 0.025
9 0.7711111111111111 0.1478125 0.11 0.126875
7 0.8383333333333334 0.3578125 0.008888888888888889 0.024375
9 0.8111111111111111 0.33 0.034444444444444444 0.0325
9 0.7716666666666666 0.2234375 0.06222222222222222 0.025625
9 0.9436111111111111 0.29125 0.01611111111111111 0.0575
9 0.9530555555555555 0.31375 0.011666666666666667 0.07125
0 0.04611111111111111 0.5025 0.06888888888888889 0.29875
0 0.20305555555555554 0.44375 0.019444444444444445 0.05375
0 0.19555555555555557 0.446875 0.013333333333333334 0.0425
0 0.6777777777777778 0.434375 0.011111111111111112 0.03375
0 0.7236111111111111 0.433125 0.010555555555555556 0.03375
0 0.7311111111111112 0.434375 0.01 0.03125
0 0.7438888888888889 0.43 0.012222222222222223 0.02375
0 0.7927777777777778 0.4340625 0.013333333333333334 0.041875
0 0.93 0.4278125 0.044444444444444446 0.070625
0 0.8247222222222222 0.4346875 0.018333333333333333 0.050625
1 0.7522222222222222 0.4446875 0.02666666666666667 0.016875
2 0.09055555555555556 0.4521875 0.04111111111111111 0.026875
2 0.014166666666666666 0.4528125 0.028333333333333332 0.038125
2 0.6458333333333334 0.455625 0.03277777777777778 0.075
2 0.6013888888888889 0.46375 0.11166666666666666 0.09125
0 0.7572222222222222 0.4328125 0.012222222222222223 0.038125
8 0.8019444444444445 0.4496875 0.011666666666666667 0.021875
1 0.8819444444444444 0.4359375 0.1272222222222222 0.130625
0 0.9011111111111111 0.423125 0.02 0.04625
