7 0.51 0.28125 0.017777777777777778 0.04875
7 0.6472222222222223 0.294375 0.01888888888888889 0.04875
7 0.8455555555555555 0.4009375 0.015555555555555555 0.035625
7 0.8480555555555556 0.439375 0.012777777777777779 0.01375
9 0.4777777777777778 0.4121875 0.021111111111111112 0.029375
9 0.6669444444444445 0.463125 0.006111111111111111 0.01
9 0.6669444444444445 0.44875 0.011666666666666667 0.0175
9 0.5391666666666667 0.2765625 0.020555555555555556 0.023125
9 0.835 0.3396875 0.03777777777777778 0.026875
9 0.8516666666666667 0.42375 0.025555555555555557 0.0075
9 0.47944444444444445 0.5046875 0.01 0.005625
2 0.15 0.4971875 0.07444444444444444 0.049375
2 0.2652777777777778 0.4921875 0.07055555555555555 0.060625
8 0.7416666666666667 0.5046875 0.008888888888888889 0.024375
