7 0.43709150326797386 0.43994140625 0.006535947712418301 0.0224609375
7 0.8149509803921569 0.47216796875 0.005718954248366013 0.0087890625
7 0.44076797385620914 0.494140625 0.004084967320261438 0.01171875
9 0.3043300653594771 0.48828125 0.008986928104575163 0.009765625
9 0.7148692810457516 0.4443359375 0.021241830065359478 0.025390625
9 0.7152777777777778 0.46044921875 0.015522875816993464 0.0068359375
0 0.3415032679738562 0.52734375 0.024509803921568627 0.056640625
0 0.5927287581699346 0.51025390625 0.018790849673202614 0.0419921875
6 0.6895424836601307 0.50048828125 0.026143790849673203 0.0400390625
6 0.3002450980392157 0.51123046875 0.01715686274509804 0.0263671875
3 0.2749183006535948 0.52783203125 0.010620915032679739 0.0185546875
2 0.352124183006536 0.51806640625 0.024509803921568627 0.0126953125
2 0.5351307189542484 0.63232421875 0.24673202614379086 0.2568359375
2 0.18913398692810457 0.52978515625 0.031862745098039214 0.0302734375
2 0.24754901960784315 0.52587890625 0.026143790849673203 0.0224609375
2 0.28921568627450983 0.52099609375 0.011437908496732025 0.0126953125
2 0.28227124183006536 0.5224609375 0.008986928104575163 0.015625
2 0.26552287581699346 0.5234375 0.011437908496732025 0.01953125
2 0.10743464052287582 0.66943359375 0.21486928104575165 0.4541015625
2 0.6511437908496732 0.5068359375 0.016339869281045753 0.017578125
0 0.27532679738562094 0.52001953125 0.011437908496732025 0.0205078125
