4 0.3486111111111111 0.44625 0.10611111111111111 0.1075
4 0.4777777777777778 0.4009375 0.023333333333333334 0.015625
9 0.445 0.23125 0.03111111111111111 0.0125
9 0.4463888888888889 0.2578125 0.03277777777777778 0.044375
9 0.39805555555555555 0.2715625 0.02277777777777778 0.026875
9 0.44722222222222224 0.288125 0.03222222222222222 0.01875
9 0.4922222222222222 0.265625 0.022222222222222223 0.02625
2 0.48777777777777775 0.409375 0.012222222222222223 0.00875
2 0.46111111111111114 0.40875 0.013333333333333334 0.0125
2 0.43333333333333335 0.4153125 0.011111111111111112 0.013125
2 0.48305555555555557 0.43 0.028333333333333332 0.035
2 0.4161111111111111 0.43875 0.023333333333333334 0.02375
2 0.4066666666666667 0.45625 0.01 0.0275
2 0.41944444444444445 0.4271875 0.027777777777777776 0.031875
2 0.4777777777777778 0.4428125 0.03666666666666667 0.016875
2 0.47694444444444445 0.4671875 0.051666666666666666 0.045625
2 0.17833333333333334 0.4584375 0.04 0.031875
2 0.23777777777777778 0.4709375 0.06888888888888889 0.036875
2 0.2775 0.464375 0.051666666666666666 0.02875
2 0.04861111111111111 0.4878125 0.09722222222222222 0.218125
