7 0.13357843137254902 0.3837890625 0.012254901960784314 0.02734375
7 0.125 0.4306640625 0.014705882352941176 0.017578125
7 0.8974673202614379 0.3154296875 0.02696078431372549 0.08984375
7 0.8762254901960784 0.28466796875 0.012254901960784314 0.0224609375
7 0.5633169934640523 0.0234375 0.02696078431372549 0.046875
7 0.8933823529411765 0.458984375 0.008986928104575163 0.01171875
9 0.1527777777777778 0.37548828125 0.021241830065359478 0.0283203125
9 0.15441176470588236 0.40234375 0.021241830065359478 0.025390625
9 0.1556372549019608 0.42626953125 0.025326797385620915 0.0224609375
9 0.21037581699346405 0.41650390625 0.02369281045751634 0.0302734375
9 0.6674836601307189 0.3935546875 0.004901960784313725 0.005859375
9 0.6139705882352942 0.39697265625 0.012254901960784314 0.0068359375
9 0.5102124183006536 0.4404296875 0.007352941176470588 0.015625
9 0.33374183006535946 0.4482421875 0.010620915032679739 0.013671875
9 0.289624183006536 0.421875 0.005718954248366013 0.005859375
9 0.2986111111111111 0.41796875 0.007352941176470588 0.009765625
9 0.255718954248366 0.412109375 0.027777777777777776 0.01953125
0 0.03431372549019608 0.55908203125 0.03431372549019608 0.1455078125
0 0.7156862745098039 0.4677734375 0.026143790849673203 0.076171875
0 0.7418300653594772 0.47900390625 0.029411764705882353 0.0810546875
0 0.7961601307189542 0.509765625 0.025326797385620915 0.09375
0 0.8284313725490197 0.50244140625 0.03594771241830065 0.1220703125
0 0.8145424836601307 0.50537109375 0.0196078431372549 0.1103515625
0 0.22712418300653595 0.44921875 0.006535947712418301 0.017578125
0 0.2651143790849673 0.4384765625 0.005718954248366013 0.009765625
1 0.010212418300653595 0.66552734375 0.02042483660130719 0.1337890625
3 0.8656045751633987 0.7919921875 0.2687908496732026 0.416015625
3 0.7214052287581699 0.4208984375 0.016339869281045753 0.015625
2 0.9044117647058824 0.5849609375 0.19117647058823528 0.236328125
2 0.5874183006535948 0.65283203125 0.315359477124183 0.3193359375
2 0.5249183006535948 0.43603515625 0.012254901960784314 0.0087890625
2 0.545751633986928 0.4287109375 0.024509803921568627 0.0234375
2 0.3174019607843137 0.4765625 0.0857843137254902 0.05859375
2 0.28594771241830064 0.44482421875 0.06209150326797386 0.0361328125
2 0.2005718954248366 0.44775390625 0.04820261437908497 0.0263671875
2 0.5878267973856209 0.42724609375 0.008986928104575163 0.0087890625
0 0.015522875816993464 0.5908203125 0.03104575163398693 0.19140625
0 0.8386437908496732 0.70751953125 0.2687908496732026 0.4892578125
0 0.5392156862745098 0.47607421875 0.042483660130718956 0.0517578125
