7 0.4550653594771242 0.43798828125 0.0016339869281045752 0.0048828125
7 0.4803921568627451 0.435546875 0.0016339869281045752 0.00390625
9 0.6225490196078431 0.4853515625 0.021241830065359478 0.021484375
9 0.6229575163398693 0.46923828125 0.013888888888888888 0.0146484375
9 0.21650326797385622 0.48779296875 0.02287581699346405 0.0263671875
0 0.42116013071895425 0.48046875 0.005718954248366013 0.025390625
6 0.5208333333333334 0.46728515625 0.04820261437908497 0.0576171875
6 0.48366013071895425 0.46337890625 0.00980392156862745 0.0146484375
2 0.5110294117647058 0.560546875 0.13316993464052287 0.134765625
2 0.020833333333333332 0.54541015625 0.041666666666666664 0.0849609375
2 0.14991830065359477 0.51171875 0.1119281045751634 0.08203125
2 0.2920751633986928 0.49658203125 0.04656862745098039 0.0380859375
2 0.375 0.48388671875 0.04084967320261438 0.0458984375
2 0.44689542483660133 0.4794921875 0.017973856209150325 0.01953125
2 0.4550653594771242 0.4716796875 0.014705882352941176 0.0234375
2 0.46405228758169936 0.47021484375 0.006535947712418301 0.0126953125
2 0.4714052287581699 0.46728515625 0.00980392156862745 0.0087890625
14 0.39215686274509803 0.46337890625 0.0392156862745098 0.0732421875
14 0.4869281045751634 0.46533203125 0.00980392156862745 0.0146484375
