4 0.4395424836601307 0.38720703125 0.04084967320261438 0.0634765625
7 0.369281045751634 0.34326171875 0.00980392156862745 0.0341796875
7 0.6458333333333334 0.357421875 0.010620915032679739 0.03515625
7 0.6143790849673203 0.36767578125 0.011437908496732025 0.0361328125
9 0.0727124183006536 0.2490234375 0.04411764705882353 0.044921875
0 0.19281045751633988 0.39892578125 0.029411764705882353 0.0791015625
1 0.14787581699346405 0.44580078125 0.06535947712418301 0.0751953125
1 0.17524509803921567 0.439453125 0.06781045751633986 0.07421875
1 0.25449346405228757 0.43115234375 0.059640522875817 0.0537109375
6 0.5322712418300654 0.38818359375 0.03349673202614379 0.0224609375
2 0.41094771241830064 0.42041015625 0.06862745098039216 0.0751953125
2 0.505718954248366 0.43212890625 0.0718954248366013 0.0751953125
2 0.5575980392156863 0.4189453125 0.035130718954248366 0.03515625
2 0.6180555555555556 0.44775390625 0.1184640522875817 0.0966796875
2 0.8235294117647058 0.51708984375 0.2647058823529412 0.2060546875
2 0.7205882352941176 0.44580078125 0.0457516339869281 0.0576171875
