9 0.51875 0.43408203125 0.009375 0.0146484375
0 0.62109375 0.580078125 0.0484375 0.21484375
1 0.513671875 0.63671875 0.06015625 0.1328125
2 0.742578125 0.60400390625 0.21484375 0.2099609375
2 0.641796875 0.564453125 0.07109375 0.115234375
2 0.671875 0.486328125 0.075 0.05078125
2 0.71328125 0.44873046875 0.0484375 0.0244140625
2 0.623828125 0.462890625 0.04453125 0.02734375
2 0.56171875 0.50732421875 0.0625 0.0595703125
2 0.54375 0.48583984375 0.05 0.0478515625
2 0.51796875 0.4765625 0.0296875 0.03515625
2 0.506640625 0.46630859375 0.02734375 0.0341796875
2 0.485546875 0.46630859375 0.01484375 0.0146484375
2 0.47265625 0.46728515625 0.0109375 0.0146484375
2 0.4640625 0.46826171875 0.0109375 0.0146484375
2 0.453515625 0.4677734375 0.01640625 0.015625
2 0.39921875 0.49951171875 0.0609375 0.0673828125
2 0.36953125 0.4765625 0.01875 0.0234375
2 0.349609375 0.48876953125 0.03671875 0.0419921875
2 0.343359375 0.49560546875 0.03671875 0.0380859375
2 0.334375 0.5009765625 0.0484375 0.04296875
2 0.2984375 0.51708984375 0.040625 0.0595703125
2 0.271484375 0.52880859375 0.06640625 0.0673828125
2 0.221875 0.5537109375 0.08125 0.08984375
2 0.183984375 0.57275390625 0.08828125 0.1083984375
2 0.09296875 0.5927734375 0.1515625 0.1640625
2 0.037890625 0.658203125 0.07578125 0.1875
2 0.208203125 0.49951171875 0.06796875 0.0400390625
2 0.42734375 0.46533203125 0.021875 0.0166015625
0 0.513671875 0.5830078125 0.05546875 0.1953125
