7 0.9575163398692811 0.4248046875 0.0196078431372549 0.05078125
7 0.7818627450980392 0.37890625 0.027777777777777776 0.033203125
7 0.8161764705882353 0.537109375 0.017973856209150325 0.04296875
9 0.9587418300653595 0.47021484375 0.03022875816993464 0.0380859375
9 0.7785947712418301 0.48828125 0.013071895424836602 0.021484375
9 0.7826797385620915 0.47509765625 0.017973856209150325 0.0166015625
9 0.7822712418300654 0.45654296875 0.018790849673202614 0.0166015625
9 0.5870098039215687 0.462890625 0.01715686274509804 0.01953125
9 0.5861928104575164 0.4833984375 0.013888888888888888 0.021484375
9 0.26919934640522875 0.5068359375 0.010620915032679739 0.015625
9 0.15318627450980393 0.48291015625 0.02042483660130719 0.0205078125
9 0.15318627450980393 0.5 0.015522875816993464 0.01171875
9 0.7830882352941176 0.49462890625 0.018790849673202614 0.0205078125
2 0.8280228758169934 0.55078125 0.0857843137254902 0.068359375
2 0.988562091503268 0.55224609375 0.02287581699346405 0.0322265625
2 0.9791666666666666 0.5478515625 0.025326797385620915 0.03515625
2 0.9297385620915033 0.55322265625 0.058823529411764705 0.0380859375
2 0.5049019607843137 0.52978515625 0.027777777777777776 0.0380859375
2 0.4730392156862745 0.52392578125 0.021241830065359478 0.0185546875
2 0.4411764705882353 0.52783203125 0.011437908496732025 0.0146484375
2 0.4236111111111111 0.53076171875 0.010620915032679739 0.0166015625
2 0.4056372549019608 0.53369140625 0.02369281045751634 0.0146484375
2 0.3619281045751634 0.5322265625 0.011437908496732025 0.013671875
2 0.31413398692810457 0.54541015625 0.03676470588235294 0.0380859375
2 0.03799019607843137 0.63037109375 0.07598039215686274 0.1533203125
