9 0.6911764705882353 0.39599609375 0.0196078431372549 0.0302734375
9 0.5580065359477124 0.43994140625 0.00980392156862745 0.0126953125
6 0.18259803921568626 0.388671875 0.36356209150326796 0.77734375
6 0.40318627450980393 0.45654296875 0.06290849673202614 0.0830078125
6 0.5016339869281046 0.45947265625 0.11601307189542484 0.0498046875
2 0.4583333333333333 0.484375 0.03104575163398693 0.029296875
2 0.5073529411764706 0.484375 0.03431372549019608 0.03125
2 0.5155228758169934 0.48095703125 0.024509803921568627 0.0263671875
2 0.5069444444444444 0.46533203125 0.018790849673202614 0.0126953125
2 0.4362745098039216 0.47216796875 0.013071895424836602 0.0205078125
