7 0.5592320261437909 0.49072265625 0.0024509803921568627 0.0068359375
7 0.08374183006535947 0.53271484375 0.018790849673202614 0.0732421875
7 0.3284313725490196 0.38623046875 0.024509803921568627 0.0615234375
7 0.06576797385620915 0.18896484375 0.056372549019607844 0.1552734375
7 0.35049019607843135 0.38720703125 0.10130718954248366 0.0810546875
9 0.39338235294117646 0.4765625 0.008986928104575163 0.015625
9 0.4125816993464052 0.47509765625 0.011437908496732025 0.0126953125
9 0.8647875816993464 0.42138671875 0.05310457516339869 0.0146484375
9 0.8651960784313726 0.43701171875 0.04738562091503268 0.0087890625
9 0.7001633986928104 0.47412109375 0.0196078431372549 0.0107421875
9 0.6997549019607843 0.484375 0.018790849673202614 0.005859375
9 0.6683006535947712 0.4697265625 0.016339869281045753 0.01171875
9 0.6687091503267973 0.48486328125 0.015522875816993464 0.0166015625
9 0.021241830065359478 0.5068359375 0.00980392156862745 0.01171875
9 0.18995098039215685 0.22607421875 0.12336601307189543 0.0458984375
9 0.18995098039215685 0.28076171875 0.125 0.0771484375
9 0.18872549019607843 0.3447265625 0.12581699346405228 0.0546875
9 0.18913398692810457 0.3896484375 0.12663398692810457 0.029296875
9 0.18995098039215685 0.4287109375 0.12826797385620914 0.0390625
9 0.3300653594771242 0.43896484375 0.0392156862745098 0.0400390625
9 0.5665849673202614 0.49365234375 0.008986928104575163 0.0107421875
0 0.37254901960784315 0.5595703125 0.021241830065359478 0.1015625
0 0.3545751633986928 0.556640625 0.0196078431372549 0.0859375
0 0.380718954248366 0.55419921875 0.016339869281045753 0.0888671875
0 0.16544117647058823 0.52490234375 0.008986928104575163 0.0263671875
0 0.12173202614379085 0.52685546875 0.00980392156862745 0.0283203125
6 0.42810457516339867 0.515625 0.026143790849673203 0.037109375
3 0.5285947712418301 0.52880859375 0.017973856209150325 0.0322265625
2 0.8300653594771242 0.71923828125 0.33986928104575165 0.5224609375
2 0.45179738562091504 0.5986328125 0.13562091503267973 0.13671875
2 0.6348039215686274 0.5859375 0.14215686274509803 0.14453125
2 0.49836601307189543 0.54052734375 0.05392156862745098 0.0615234375
2 0.5449346405228758 0.525390625 0.024509803921568627 0.029296875
2 0.579248366013072 0.5556640625 0.05718954248366013 0.080078125
2 0.45874183006535946 0.52001953125 0.04656862745098039 0.0302734375
2 0.6127450980392157 0.51318359375 0.04738562091503268 0.0166015625
2 0.9007352941176471 0.44970703125 0.12336601307189543 0.0302734375
2 0.23733660130718953 0.53759765625 0.06454248366013073 0.0517578125
2 0.5077614379084967 0.50341796875 0.007352941176470588 0.0068359375
2 0.5130718954248366 0.49853515625 0.004901960784313725 0.0048828125
0 0.5290032679738562 0.52001953125 0.01715686274509804 0.0322265625
