0 0.39609375 0.5380859375 0.028125 0.0703125
0 0.44296875 0.49560546875 0.003125 0.0126953125
1 0.485546875 0.51171875 0.00859375 0.017578125
1 0.921875 0.57958984375 0.0875 0.0830078125
3 0.584765625 0.54638671875 0.06328125 0.0556640625
2 0.073828125 0.666015625 0.14765625 0.18359375
2 0.20390625 0.591796875 0.11875 0.109375
2 0.255078125 0.5625 0.08828125 0.1015625
2 0.31015625 0.54736328125 0.046875 0.0654296875
2 0.33515625 0.5419921875 0.025 0.0546875
2 0.3546875 0.53173828125 0.04375 0.0478515625
2 0.36796875 0.51953125 0.040625 0.05078125
2 0.398046875 0.51025390625 0.02265625 0.0302734375
2 0.408984375 0.50634765625 0.02109375 0.0283203125
2 0.42265625 0.50146484375 0.0109375 0.0205078125
2 0.43203125 0.4990234375 0.0109375 0.015625
2 0.439453125 0.4970703125 0.00546875 0.01171875
2 0.461328125 0.494140625 0.01171875 0.01171875
2 0.48828125 0.49609375 0.0171875 0.017578125
2 0.476171875 0.4931640625 0.01015625 0.015625
2 0.96640625 0.51611328125 0.0671875 0.0439453125
2 0.7796875 0.53271484375 0.134375 0.0673828125
2 0.826953125 0.51513671875 0.06953125 0.0380859375
2 0.64375 0.52783203125 0.04375 0.0498046875
2 0.634765625 0.5244140625 0.04296875 0.048828125
2 0.598046875 0.51171875 0.02109375 0.033203125
2 0.559765625 0.5341796875 0.05078125 0.05078125
2 0.53515625 0.5234375 0.0359375 0.04296875
2 0.51875 0.51513671875 0.0234375 0.0302734375
2 0.58203125 0.50537109375 0.034375 0.0244140625
2 0.570703125 0.50048828125 0.02109375 0.0185546875
2 0.554296875 0.4970703125 0.02265625 0.01953125
2 0.553125 0.4873046875 0.0359375 0.021484375
0 0.485546875 0.50244140625 0.00703125 0.0244140625
0 0.922265625 0.5537109375 0.04765625 0.115234375
