7 0.41421568627450983 0.38623046875 0.0032679738562091504 0.0048828125
7 0.5155228758169934 0.38818359375 0.0032679738562091504 0.0068359375
9 0.9681372549019608 0.35791015625 0.00980392156862745 0.0263671875
9 0.3925653594771242 0.36865234375 0.010620915032679739 0.0126953125
9 0.9652777777777778 0.38818359375 0.008986928104575163 0.0205078125
9 0.505718954248366 0.41015625 0.006535947712418301 0.0078125
9 0.7005718954248366 0.37939453125 0.012254901960784314 0.0068359375
0 0.32189542483660133 0.4033203125 0.017973856209150325 0.0546875
0 0.38112745098039214 0.40966796875 0.008986928104575163 0.0400390625
0 0.33578431372549017 0.39208984375 0.006535947712418301 0.0244140625
1 0.7181372549019608 0.43603515625 0.016339869281045753 0.0341796875
1 0.7340686274509803 0.4384765625 0.02369281045751634 0.033203125
1 0.7242647058823529 0.4384765625 0.025326797385620915 0.033203125
2 0.6017156862745098 0.41259765625 0.051470588235294115 0.0634765625
2 0.5661764705882353 0.40185546875 0.03758169934640523 0.0556640625
2 0.5400326797385621 0.41162109375 0.016339869281045753 0.0205078125
2 0.5269607843137255 0.40869140625 0.016339869281045753 0.0166015625
2 0.4877450980392157 0.41064453125 0.02287581699346405 0.0205078125
2 0.45179738562091504 0.400390625 0.029411764705882353 0.04296875
2 0.4178921568627451 0.3974609375 0.005718954248366013 0.01171875
