7 0.075 0.3390625 0.01888888888888889 0.056875
7 0.06972222222222223 0.4078125 0.02277777777777778 0.025625
7 0.7752777777777777 0.3134375 0.019444444444444445 0.056875
7 0.7855555555555556 0.3853125 0.022222222222222223 0.024375
9 0.07555555555555556 0.3778125 0.042222222222222223 0.018125
9 0.7772222222222223 0.3525 0.043333333333333335 0.0175
2 0.7547222222222222 0.46375 0.1738888888888889 0.06625
2 0.6319444444444444 0.4696875 0.095 0.050625
2 0.5711111111111111 0.468125 0.056666666666666664 0.04
2 0.5408333333333334 0.465625 0.025 0.0325
2 0.5238888888888888 0.4640625 0.016666666666666666 0.019375
2 0.5077777777777778 0.466875 0.02 0.01625
2 0.4886111111111111 0.46375 0.009444444444444445 0.00875
2 0.47555555555555556 0.46375 0.011111111111111112 0.01125
2 0.4652777777777778 0.4671875 0.015 0.010625
2 0.4488888888888889 0.4675 0.015555555555555555 0.0125
2 0.435 0.466875 0.013333333333333334 0.01625
2 0.42027777777777775 0.46625 0.019444444444444445 0.015
2 0.40305555555555556 0.4684375 0.030555555555555555 0.021875
2 0.36944444444444446 0.4715625 0.05333333333333334 0.034375
2 0.28583333333333333 0.4815625 0.09055555555555556 0.049375
2 0.22194444444444444 0.491875 0.07277777777777777 0.055
2 0.14583333333333334 0.4915625 0.18611111111111112 0.083125
2 0.058055555555555555 0.489375 0.04388888888888889 0.05
2 0.020555555555555556 0.498125 0.04111111111111111 0.07125
2 0.29333333333333333 0.4775 0.10555555555555556 0.04
