9 0.5580555555555555 0.451875 0.007222222222222222 0.01
9 0.355 0.455 0.005555555555555556 0.01125
9 0.26305555555555554 0.435625 0.019444444444444445 0.02375
9 0.2625 0.454375 0.009444444444444445 0.015
0 0.31722222222222224 0.485625 0.043333333333333335 0.08
0 0.5694444444444444 0.470625 0.006666666666666667 0.025
1 0.5083333333333333 0.478125 0.005555555555555556 0.01
2 0.5088888888888888 0.47375 0.013333333333333334 0.01375
2 0.4797222222222222 0.475625 0.012777777777777779 0.01125
2 0.4636111111111111 0.4746875 0.01611111111111111 0.013125
2 0.44666666666666666 0.4759375 0.013333333333333334 0.010625
2 0.4288888888888889 0.4740625 0.03111111111111111 0.016875
2 0.4013888888888889 0.47625 0.030555555555555555 0.0275
2 0.2838888888888889 0.4784375 0.04111111111111111 0.021875
2 0.25583333333333336 0.4775 0.051666666666666666 0.025
2 0.2336111111111111 0.4853125 0.03166666666666667 0.023125
2 0.12833333333333333 0.4759375 0.03666666666666667 0.030625
2 0.041666666666666664 0.4746875 0.08333333333333333 0.019375
2 0.09444444444444444 0.4740625 0.08222222222222222 0.040625
0 0.5088888888888888 0.4696875 0.005555555555555556 0.014375
