9 0.8427287581699346 0.44677734375 0.04656862745098039 0.0576171875
9 0.8390522875816994 0.3818359375 0.06045751633986928 0.072265625
9 0.8386437908496732 0.30908203125 0.059640522875817 0.0732421875
9 0.5253267973856209 0.49951171875 0.00980392156862745 0.0126953125
9 0.5183823529411765 0.49365234375 0.007352941176470588 0.0087890625
9 0.5191993464052288 0.50390625 0.007352941176470588 0.009765625
9 0.3684640522875817 0.48095703125 0.017973856209150325 0.0107421875
9 0.369281045751634 0.46533203125 0.017973856209150325 0.0205078125
9 0.40808823529411764 0.48583984375 0.007352941176470588 0.0166015625
9 0.40727124183006536 0.4697265625 0.010620915032679739 0.015625
9 0.4076797385620915 0.45361328125 0.008169934640522876 0.0166015625
9 0.380718954248366 0.490234375 0.021241830065359478 0.0078125
9 0.38480392156862747 0.48046875 0.014705882352941176 0.0078125
9 0.8366013071895425 0.23974609375 0.049019607843137254 0.0673828125
9 0.7830882352941176 0.31103515625 0.08415032679738563 0.0302734375
0 0.4579248366013072 0.52783203125 0.008986928104575163 0.0322265625
0 0.4632352941176471 0.52587890625 0.004901960784313725 0.0205078125
0 0.5392156862745098 0.5166015625 0.008169934640522876 0.0078125
1 0.3598856209150327 0.55908203125 0.035130718954248366 0.0458984375
3 0.41625816993464054 0.53564453125 0.03839869281045752 0.0244140625
3 0.42483660130718953 0.53173828125 0.029411764705882353 0.0224609375
2 0.8500816993464052 0.7939453125 0.29983660130718953 0.412109375
2 0.5310457516339869 0.54736328125 0.05718954248366013 0.0537109375
2 0.5065359477124183 0.5302734375 0.03104575163398693 0.0390625
2 0.49060457516339867 0.5302734375 0.013888888888888888 0.0234375
