4 0.016748366013071895 0.5009765625 0.03349673202614379 0.044921875
4 0.11887254901960784 0.474609375 0.11356209150326797 0.09765625
4 0.2079248366013072 0.4794921875 0.06454248366013073 0.025390625
9 0.0915032679738562 0.30224609375 0.0784313725490196 0.0908203125
9 0.09477124183006536 0.36572265625 0.06045751633986928 0.0322265625
0 0.04044117647058824 0.5068359375 0.022058823529411766 0.060546875
0 0.05310457516339869 0.50830078125 0.011437908496732025 0.0556640625
0 0.05759803921568627 0.515625 0.012254901960784314 0.05078125
0 0.07312091503267974 0.51416015625 0.022058823529411766 0.0654296875
0 0.07393790849673203 0.49169921875 0.02042483660130719 0.0537109375
0 0.1352124183006536 0.451171875 0.018790849673202614 0.04296875
0 0.7679738562091504 0.44287109375 0.011437908496732025 0.0322265625
0 0.738562091503268 0.45751953125 0.014705882352941176 0.0439453125
0 0.7275326797385621 0.45556640625 0.012254901960784314 0.0458984375
0 0.5988562091503268 0.46826171875 0.014705882352941176 0.0400390625
0 0.8231209150326797 0.44091796875 0.008986928104575163 0.0283203125
0 0.5772058823529411 0.47705078125 0.01715686274509804 0.0498046875
0 0.5016339869281046 0.4736328125 0.011437908496732025 0.0390625
0 0.48733660130718953 0.4814453125 0.012254901960784314 0.04296875
0 0.5412581699346405 0.46728515625 0.013888888888888888 0.0322265625
0 0.46405228758169936 0.47607421875 0.00980392156862745 0.0302734375
0 0.45669934640522875 0.47900390625 0.011437908496732025 0.0341796875
0 0.4493464052287582 0.47998046875 0.00980392156862745 0.0361328125
0 0.44076797385620914 0.47900390625 0.012254901960784314 0.0419921875
0 0.4272875816993464 0.48486328125 0.011437908496732025 0.0361328125
0 0.4158496732026144 0.4833984375 0.00980392156862745 0.03515625
0 0.3647875816993464 0.48583984375 0.008986928104575163 0.0322265625
0 0.3590686274509804 0.48779296875 0.010620915032679739 0.0341796875
0 0.3145424836601307 0.4931640625 0.011437908496732025 0.03125
0 0.25857843137254904 0.4951171875 0.010620915032679739 0.03125
0 0.24836601307189543 0.4931640625 0.013071895424836602 0.03515625
0 0.7046568627450981 0.4521484375 0.010620915032679739 0.0234375
3 0.5355392156862745 0.48681640625 0.03676470588235294 0.0380859375
2 0.9125816993464052 0.45849609375 0.17483660130718953 0.1630859375
2 0.19281045751633988 0.5 0.024509803921568627 0.01953125
14 0.33905228758169936 0.49072265625 0.03594771241830065 0.0419921875
14 0.576797385620915 0.48291015625 0.026143790849673203 0.0400390625
