9 0.055908203125 0.4918619791666667 0.01513671875 0.051432291666666664
9 0.05029296875 0.5436197916666666 0.0185546875 0.014322916666666666
0 0.239501953125 0.6735026041666666 0.05419921875 0.19205729166666666
0 0.941650390625 0.7522786458333334 0.05322265625 0.2545572916666667
0 0.88916015625 0.7578125 0.0654296875 0.2669270833333333
2 0.514892578125 0.6276041666666666 0.01904296875 0.029947916666666668
2 0.48779296875 0.6253255208333334 0.041015625 0.039713541666666664
2 0.531494140625 0.6223958333333334 0.01611328125 0.01953125
2 0.47216796875 0.6350911458333334 0.0283203125 0.044921875
2 0.436767578125 0.642578125 0.05224609375 0.0546875
2 0.400390625 0.6494140625 0.0517578125 0.06966145833333333
2 0.36767578125 0.65625 0.044921875 0.08854166666666667
2 0.317626953125 0.6598307291666666 0.10498046875 0.09309895833333333
2 0.13330078125 0.6865234375 0.2041015625 0.16861979166666666
2 0.60791015625 0.6217447916666666 0.0234375 0.020833333333333332
2 0.624755859375 0.6227213541666666 0.02001953125 0.021484375
2 0.654052734375 0.6201171875 0.04638671875 0.033203125
2 0.687744140625 0.6259765625 0.03955078125 0.034505208333333336
2 0.759033203125 0.6793619791666666 0.13720703125 0.158203125
2 0.640625 0.7594401041666666 0.3564453125 0.259765625
