9 0.233984375 0.44384765625 0.01484375 0.0068359375
9 0.233984375 0.427734375 0.02109375 0.02734375
9 0.7859375 0.38916015625 0.0296875 0.0126953125
9 0.784765625 0.349609375 0.05078125 0.06640625
9 0.74921875 0.38427734375 0.028125 0.0048828125
9 0.75234375 0.40869140625 0.009375 0.0224609375
0 0.205078125 0.50048828125 0.01796875 0.0654296875
0 0.186328125 0.50244140625 0.01796875 0.0615234375
1 0.38515625 0.63330078125 0.04375 0.1318359375
1 0.27265625 0.53564453125 0.0125 0.0439453125
1 0.219921875 0.5185546875 0.01328125 0.037109375
2 0.0265625 0.6787109375 0.053125 0.19921875
2 0.06796875 0.62646484375 0.1359375 0.1884765625
2 0.13203125 0.58349609375 0.1234375 0.1376953125
2 0.3015625 0.50146484375 0.0453125 0.0556640625
2 0.326953125 0.5029296875 0.01640625 0.04296875
2 0.332421875 0.49072265625 0.03046875 0.0458984375
2 0.35546875 0.4873046875 0.015625 0.025390625
2 0.362890625 0.4794921875 0.01640625 0.01953125
2 0.396484375 0.47412109375 0.01640625 0.0146484375
2 0.41953125 0.48876953125 0.0296875 0.0322265625
2 0.43828125 0.48486328125 0.0109375 0.0244140625
2 0.453515625 0.4833984375 0.02578125 0.02734375
2 0.45234375 0.48779296875 0.015625 0.0224609375
2 0.461328125 0.4892578125 0.01953125 0.033203125
2 0.46875 0.4912109375 0.0203125 0.037109375
2 0.483203125 0.49365234375 0.03046875 0.0537109375
2 0.516015625 0.50732421875 0.05390625 0.0498046875
2 0.730859375 0.59716796875 0.19921875 0.1630859375
2 0.946875 0.50341796875 0.10625 0.0732421875
2 0.8921875 0.77490234375 0.215625 0.3525390625
2 0.25 0.48486328125 0.0375 0.0302734375
0 0.566015625 0.59521484375 0.05859375 0.1845703125
0 0.380859375 0.564453125 0.06953125 0.19921875
0 0.27265625 0.5146484375 0.01875 0.07421875
0 0.22109375 0.5 0.0171875 0.060546875
11 0.561328125 0.67041015625 0.01953125 0.0224609375
14 0.518359375 0.47021484375 0.05078125 0.0439453125
