7 0.4691666666666667 0.4334375 0.0038888888888888888 0.010625
7 0.3869444444444444 0.4596875 0.0038888888888888888 0.010625
9 0.21472222222222223 0.38125 0.042777777777777776 0.06125
7 0.27944444444444444 0.38375 0.035555555555555556 0.08125
9 0.8427777777777777 0.3825 0.025555555555555557 0.04375
9 0.8333333333333334 0.3225 0.03222222222222222 0.06125
9 0.5188888888888888 0.434375 0.008888888888888889 0.01375
0 0.17222222222222222 0.4934375 0.011111111111111112 0.044375
0 0.15527777777777776 0.4946875 0.013888888888888888 0.043125
0 0.5627777777777778 0.4903125 0.012222222222222223 0.034375
0 0.5752777777777778 0.48625 0.007222222222222222 0.02375
0 0.6794444444444444 0.49375 0.017777777777777778 0.02
0 0.7183333333333334 0.51375 0.024444444444444446 0.11
0 0.7486111111111111 0.52625 0.018333333333333333 0.08375
0 0.7661111111111111 0.5165625 0.022222222222222223 0.083125
0 0.7994444444444444 0.5146875 0.035555555555555556 0.104375
0 0.8419444444444445 0.4971875 0.03722222222222222 0.084375
0 0.8716666666666667 0.5109375 0.01888888888888889 0.086875
0 0.8905555555555555 0.51 0.01888888888888889 0.0925
0 0.9052777777777777 0.5446875 0.021666666666666667 0.041875
0 0.92 0.5159375 0.03777777777777778 0.134375
0 0.9561111111111111 0.5403125 0.024444444444444446 0.049375
0 0.9497222222222222 0.528125 0.011666666666666667 0.03
0 0.9513888888888888 0.480625 0.025 0.035
2 0.21972222222222224 0.49375 0.08611111111111111 0.065
2 0.2936111111111111 0.495625 0.06944444444444445 0.04875
2 0.4147222222222222 0.48625 0.01611111111111111 0.015
2 0.43472222222222223 0.48125 0.028333333333333332 0.0325
0 0.9897222222222222 0.4821875 0.02388888888888889 0.048125
