9 0.8921568627450981 0.4765625 0.014705882352941176 0.017578125
9 0.8921568627450981 0.494140625 0.016339869281045753 0.017578125
9 0.6691176470588235 0.46826171875 0.00980392156862745 0.0146484375
9 0.670751633986928 0.48046875 0.011437908496732025 0.0078125
9 0.6695261437908496 0.4931640625 0.013888888888888888 0.017578125
9 0.7062908496732027 0.4775390625 0.025326797385620915 0.009765625
9 0.30637254901960786 0.46044921875 0.026143790849673203 0.0087890625
9 0.3059640522875817 0.47412109375 0.02696078431372549 0.0126953125
9 0.3055555555555556 0.490234375 0.029411764705882353 0.01171875
0 0.19321895424836602 0.53759765625 0.008986928104575163 0.0361328125
2 0.18178104575163398 0.54443359375 0.028594771241830064 0.0263671875
2 0.3006535947712418 0.52880859375 0.014705882352941176 0.0185546875
2 0.32393790849673204 0.5244140625 0.018790849673202614 0.01953125
2 0.44281045751633985 0.5419921875 0.12418300653594772 0.173828125
