9 0.4027777777777778 0.4423828125 0.027777777777777776 0.03125
9 0.40318627450980393 0.46337890625 0.028594771241830064 0.0126953125
9 0.514297385620915 0.43603515625 0.02042483660130719 0.0224609375
9 0.5151143790849673 0.451171875 0.010620915032679739 0.0078125
1 0.676062091503268 0.63720703125 0.06781045751633986 0.1865234375
1 0.4424019607843137 0.5068359375 0.012254901960784314 0.017578125
2 0.5616830065359477 0.49365234375 0.04003267973856209 0.0361328125
2 0.5788398692810458 0.48681640625 0.03349673202614379 0.0322265625
2 0.5951797385620915 0.48291015625 0.025326797385620915 0.0283203125
2 0.6070261437908496 0.48193359375 0.011437908496732025 0.0244140625
2 0.6343954248366013 0.4755859375 0.015522875816993464 0.017578125
2 0.6756535947712419 0.4658203125 0.00980392156862745 0.009765625
2 0.6875 0.46240234375 0.013888888888888888 0.0087890625
2 0.7181372549019608 0.46142578125 0.021241830065359478 0.0087890625
0 0.6895424836601307 0.57958984375 0.08496732026143791 0.2294921875
0 0.44199346405228757 0.49755859375 0.011437908496732025 0.0244140625
