7 0.4436111111111111 0.394375 0.0038888888888888888 0.01125
7 0.4716666666666667 0.3915625 0.0044444444444444444 0.011875
7 0.5166666666666667 0.39875 0.0033333333333333335 0.0075
7 0.49166666666666664 0.3990625 0.0033333333333333335 0.006875
7 0.43555555555555553 0.425625 0.0022222222222222222 0.00625
7 0.5697222222222222 0.4171875 0.0016666666666666668 0.005625
7 0.5661111111111111 0.4225 0.0022222222222222222 0.0075
9 0.6580555555555555 0.3896875 0.017222222222222222 0.024375
9 0.6588888888888889 0.4103125 0.012222222222222223 0.018125
9 0.6580555555555555 0.4240625 0.009444444444444445 0.009375
9 0.5586111111111111 0.4071875 0.012777777777777779 0.005625
9 0.46555555555555556 0.3921875 0.0077777777777777776 0.006875
9 0.4986111111111111 0.3996875 0.007222222222222222 0.006875
2 0.4666666666666667 0.441875 0.017777777777777778 0.02
2 0.5008333333333334 0.4403125 0.030555555555555555 0.018125
