4 0.47888888888888886 0.44625 0.006666666666666667 0.01
7 0.057777777777777775 0.26125 0.022222222222222223 0.0625
7 0.2525 0.2890625 0.01611111111111111 0.058125
7 0.2461111111111111 0.358125 0.017777777777777778 0.02125
7 0.245 0.358125 0.017777777777777778 0.02125
7 0.87 0.3065625 0.017777777777777778 0.056875
7 0.04888888888888889 0.3390625 0.016666666666666666 0.028125
7 0.8741666666666666 0.374375 0.018333333333333333 0.02
9 0.029444444444444443 0.310625 0.022222222222222223 0.02375
9 0.8913888888888889 0.355 0.05722222222222222 0.01625
9 0.7302777777777778 0.40875 0.010555555555555556 0.0175
9 0.83 0.421875 0.011111111111111112 0.0175
9 0.5247222222222222 0.4478125 0.005 0.004375
9 0.5247222222222222 0.441875 0.006111111111111111 0.0075
9 0.2602777777777778 0.339375 0.018333333333333333 0.01875
0 0.05416666666666667 0.4453125 0.028333333333333332 0.108125
0 0.08555555555555555 0.443125 0.03333333333333333 0.12125
0 0.11277777777777778 0.44125 0.017777777777777778 0.085
0 0.14833333333333334 0.4484375 0.04777777777777778 0.091875
0 0.335 0.4578125 0.014444444444444444 0.049375
0 0.6155555555555555 0.4596875 0.05555555555555555 0.120625
0 0.6066666666666667 0.463125 0.04777777777777778 0.10125
0 0.3213888888888889 0.451875 0.011666666666666667 0.025
0 0.2863888888888889 0.449375 0.007222222222222222 0.03
1 0.2263888888888889 0.4571875 0.028333333333333332 0.035625
1 0.18 0.4521875 0.024444444444444446 0.028125
1 0.2088888888888889 0.4590625 0.027777777777777776 0.024375
2 0.9416666666666667 0.4928125 0.11666666666666667 0.101875
2 0.37833333333333335 0.4634375 0.06333333333333334 0.051875
2 0.39444444444444443 0.45625 0.05 0.05625
2 0.42027777777777775 0.4578125 0.02277777777777778 0.046875
2 0.4336111111111111 0.45875 0.020555555555555556 0.035
2 0.44583333333333336 0.4559375 0.020555555555555556 0.026875
2 0.45944444444444443 0.4534375 0.012222222222222223 0.015625
2 0.4727777777777778 0.4525 0.006666666666666667 0.00625
2 0.4847222222222222 0.451875 0.007222222222222222 0.0075
2 0.49083333333333334 0.4596875 0.007222222222222222 0.015625
2 0.5063888888888889 0.459375 0.02722222222222222 0.02375
2 0.5325 0.45625 0.015 0.03125
2 0.5627777777777778 0.4578125 0.057777777777777775 0.056875
2 0.5961111111111111 0.4575 0.023333333333333334 0.05625
2 0.6416666666666667 0.47 0.034444444444444444 0.045
2 0.6977777777777778 0.465625 0.09333333333333334 0.08375
8 0.27555555555555555 0.46625 0.014444444444444444 0.04375
