4 0.6147875816993464 0.37548828125 0.09395424836601307 0.1142578125
9 0.7185457516339869 0.380859375 0.012254901960784314 0.009765625
0 0.8651960784313726 0.37744140625 0.006535947712418301 0.0185546875
6 0.696078431372549 0.3955078125 0.021241830065359478 0.02734375
6 0.676062091503268 0.39306640625 0.01715686274509804 0.0146484375
2 0.9587418300653595 0.45849609375 0.08251633986928104 0.1025390625
2 0.9754901960784313 0.40087890625 0.049019607843137254 0.0205078125
2 0.8459967320261438 0.431640625 0.07598039215686274 0.05859375
2 0.8656045751633987 0.41015625 0.04820261437908497 0.046875
2 0.7908496732026143 0.41796875 0.05228758169934641 0.048828125
2 0.8071895424836601 0.4013671875 0.032679738562091505 0.01953125
2 0.7598039215686274 0.40869140625 0.04084967320261438 0.0498046875
2 0.7393790849673203 0.39990234375 0.014705882352941176 0.0302734375
2 0.7258986928104575 0.3994140625 0.01715686274509804 0.01953125
2 0.6785130718954249 0.4169921875 0.035130718954248366 0.03515625
2 0.6650326797385621 0.40234375 0.013071895424836602 0.013671875
2 0.2863562091503268 0.47314453125 0.2622549019607843 0.2392578125
2 0.5878267973856209 0.45703125 0.15604575163398693 0.1640625
2 0.4485294117647059 0.41552734375 0.15522875816993464 0.1787109375
