7 0.029296875 0.34228515625 0.02890625 0.0791015625
7 0.0234375 0.4248046875 0.0109375 0.021484375
7 0.653125 0.31591796875 0.0234375 0.0751953125
7 0.65546875 0.396484375 0.0125 0.025390625
7 0.4171875 0.15869140625 0.021875 0.0771484375
9 0.5921875 0.39208984375 0.01875 0.0283203125
9 0.591015625 0.4169921875 0.00859375 0.017578125
9 0.799609375 0.3642578125 0.05234375 0.01953125
9 0.357421875 0.41796875 0.00546875 0.009765625
0 0.763671875 0.51123046875 0.03828125 0.1318359375
0 0.14375 0.48291015625 0.0140625 0.0498046875
0 0.01015625 0.55908203125 0.0203125 0.0986328125
0 0.953515625 0.48974609375 0.01953125 0.0947265625
0 0.98125 0.4951171875 0.025 0.107421875
0 0.91875 0.45654296875 0.0234375 0.0380859375
0 0.894921875 0.45703125 0.01953125 0.033203125
0 0.2671875 0.47216796875 0.0171875 0.0400390625
0 0.87734375 0.4580078125 0.01875 0.03125
1 0.058984375 0.7265625 0.11796875 0.208984375
1 0.0609375 0.521484375 0.0203125 0.052734375
1 0.08046875 0.517578125 0.0171875 0.04296875
1 0.09453125 0.51220703125 0.015625 0.0478515625
1 0.107421875 0.51318359375 0.01640625 0.0458984375
1 0.6859375 0.5068359375 0.0328125 0.064453125
1 0.736328125 0.5107421875 0.02578125 0.052734375
1 0.702734375 0.5078125 0.02421875 0.064453125
1 0.5859375 0.49072265625 0.01875 0.0400390625
1 0.6015625 0.4912109375 0.0125 0.0390625
2 0.54609375 0.49755859375 0.0734375 0.0693359375
2 0.512890625 0.48095703125 0.05078125 0.0576171875
2 0.48671875 0.47265625 0.025 0.041015625
2 0.466796875 0.4580078125 0.02734375 0.025390625
2 0.4546875 0.4560546875 0.0140625 0.02734375
2 0.378515625 0.45361328125 0.02421875 0.0185546875
2 0.446875 0.4541015625 0.009375 0.01953125
2 0.443359375 0.45068359375 0.00859375 0.0166015625
0 0.046484375 0.6767578125 0.08828125 0.3125
