1 0.416015625 0.47998046875 0.00859375 0.0185546875
2 0.81171875 0.6220703125 0.253125 0.234375
2 0.023046875 0.556640625 0.04609375 0.103515625
2 0.0828125 0.5283203125 0.1234375 0.087890625
2 0.108203125 0.60693359375 0.17265625 0.1533203125
2 0.18515625 0.560546875 0.115625 0.12890625
2 0.26875 0.53662109375 0.075 0.0693359375
2 0.68359375 0.5869140625 0.096875 0.142578125
2 0.64921875 0.5615234375 0.1015625 0.111328125
2 0.340625 0.50048828125 0.0484375 0.0498046875
2 0.358203125 0.49169921875 0.03671875 0.0458984375
2 0.30625 0.4873046875 0.0328125 0.037109375
2 0.39609375 0.4609375 0.0109375 0.01171875
2 0.37109375 0.46875 0.0328125 0.01953125
2 0.425390625 0.46826171875 0.01484375 0.0205078125
2 0.43203125 0.4599609375 0.0109375 0.01171875
2 0.438671875 0.45654296875 0.01015625 0.0107421875
2 0.465625 0.4580078125 0.015625 0.017578125
2 0.592578125 0.51904296875 0.07578125 0.0751953125
2 0.559765625 0.5107421875 0.03203125 0.064453125
2 0.544921875 0.498046875 0.04453125 0.052734375
2 0.528515625 0.4921875 0.02265625 0.044921875
2 0.5328125 0.484375 0.04375 0.044921875
2 0.515234375 0.47802734375 0.01796875 0.0322265625
2 0.511328125 0.4736328125 0.02890625 0.037109375
2 0.5 0.46728515625 0.0109375 0.0263671875
2 0.492578125 0.4658203125 0.00703125 0.025390625
2 0.444921875 0.453125 0.01015625 0.01171875
2 0.03359375 0.4990234375 0.0671875 0.044921875
0 0.416015625 0.4697265625 0.00859375 0.025390625
