7 0.42265625 0.4404296875 0.0046875 0.009765625
7 0.489453125 0.40625 0.00703125 0.017578125
7 0.536328125 0.435546875 0.00390625 0.01171875
7 0.5296875 0.43603515625 0.003125 0.0087890625
7 0.389453125 0.4111328125 0.00546875 0.01171875
0 0.04375 0.53955078125 0.0390625 0.1123046875
0 0.01796875 0.54248046875 0.028125 0.0947265625
0 0.205078125 0.494140625 0.01328125 0.0546875
0 0.23671875 0.49462890625 0.0140625 0.0537109375
0 0.751953125 0.48681640625 0.01953125 0.0498046875
0 0.93125 0.4560546875 0.0125 0.029296875
1 0.236328125 0.51806640625 0.01484375 0.0439453125
1 0.69609375 0.51513671875 0.01875 0.0634765625
1 0.716796875 0.51171875 0.04140625 0.0625
2 0.46015625 0.46484375 0.021875 0.02734375
2 0.479296875 0.46142578125 0.01015625 0.0087890625
2 0.539453125 0.4697265625 0.03046875 0.03515625
2 0.64609375 0.45654296875 0.034375 0.0244140625
2 0.606640625 0.51171875 0.03671875 0.060546875
2 0.651171875 0.5205078125 0.08515625 0.095703125
1 0.82421875 0.541015625 0.046875 0.076171875
1 0.741796875 0.533203125 0.03359375 0.060546875
1 0.780859375 0.53759765625 0.03984375 0.0732421875
