9 0.27305555555555555 0.4340625 0.013888888888888888 0.019375
9 0.3622222222222222 0.435 0.005555555555555556 0.01
9 0.3611111111111111 0.44375 0.0044444444444444444 0.0075
9 0.4088888888888889 0.44125 0.011111111111111112 0.0125
9 0.6511111111111111 0.429375 0.008888888888888889 0.01
9 0.5833333333333334 0.42 0.015555555555555555 0.0175
9 0.6144444444444445 0.4025 0.011111111111111112 0.0175
9 0.6147222222222222 0.4153125 0.009444444444444445 0.008125
9 0.5377777777777778 0.436875 0.006666666666666667 0.0075
9 0.5544444444444444 0.4340625 0.006666666666666667 0.008125
9 0.5433333333333333 0.433125 0.0044444444444444444 0.00875
0 0.8494444444444444 0.4584375 0.025555555555555557 0.079375
0 0.7261111111111112 0.4603125 0.015555555555555555 0.045625
0 0.7005555555555556 0.4615625 0.016666666666666666 0.048125
0 0.6663888888888889 0.460625 0.015 0.04625
0 0.6236111111111111 0.459375 0.009444444444444445 0.03125
0 0.6108333333333333 0.458125 0.006111111111111111 0.02875
0 0.5577777777777778 0.45875 0.006666666666666667 0.025
0 0.5655555555555556 0.4596875 0.006666666666666667 0.021875
0 0.2313888888888889 0.4653125 0.007222222222222222 0.024375
0 0.26916666666666667 0.4625 0.006111111111111111 0.02
1 0.5291666666666667 0.465 0.006111111111111111 0.01375
2 0.6116666666666667 0.45875 0.06111111111111111 0.0275
2 0.46166666666666667 0.4521875 0.008888888888888889 0.009375
2 0.4936111111111111 0.4703125 0.058333333333333334 0.049375
0 0.53 0.4575 0.006666666666666667 0.01875
