1 0.563232421875 0.6393229166666666 0.02197265625 0.07942708333333333
1 0.639404296875 0.646484375 0.02392578125 0.078125
3 0.748046875 0.6422526041666666 0.0771484375 0.11783854166666667
2 0.089111328125 0.6845703125 0.11474609375 0.24544270833333334
2 0.262451171875 0.6181640625 0.16357421875 0.13736979166666666
2 0.36083984375 0.5934244791666666 0.078125 0.09049479166666667
2 0.4189453125 0.5869140625 0.0537109375 0.061848958333333336
2 0.43994140625 0.5777994791666666 0.046875 0.057942708333333336
2 0.46728515625 0.5729166666666666 0.0244140625 0.046875
2 0.482421875 0.5699869791666666 0.0283203125 0.046223958333333336
2 0.511962890625 0.5680338541666666 0.01806640625 0.018880208333333332
2 0.536865234375 0.5660807291666666 0.01025390625 0.011067708333333334
2 0.526611328125 0.568359375 0.01025390625 0.014322916666666666
2 0.853759765625 0.6832682291666666 0.22216796875 0.19075520833333334
2 0.72509765625 0.6236979166666666 0.0927734375 0.12109375
2 0.68701171875 0.6087239583333334 0.076171875 0.11979166666666667
2 0.605224609375 0.5755208333333334 0.02880859375 0.036458333333333336
2 0.589599609375 0.564453125 0.01708984375 0.026041666666666668
0 0.5615234375 0.6038411458333334 0.0361328125 0.11783854166666667
0 0.638916015625 0.6070963541666666 0.04248046875 0.130859375
