4 0.4483333333333333 0.4315625 0.03666666666666667 0.044375
7 0.7858333333333334 0.371875 0.021666666666666667 0.0225
7 0.7838888888888889 0.3021875 0.02 0.059375
7 0.9944444444444445 0.275625 0.011111111111111112 0.06375
7 0.06194444444444445 0.370625 0.021666666666666667 0.02
7 0.0661111111111111 0.3015625 0.022222222222222223 0.059375
9 0.9663888888888889 0.3890625 0.011666666666666667 0.019375
9 0.7775 0.3484375 0.042777777777777776 0.015625
9 0.6997222222222222 0.3821875 0.010555555555555556 0.018125
9 0.59 0.4121875 0.013333333333333334 0.021875
9 0.6183333333333333 0.4109375 0.0077777777777777776 0.014375
9 0.5183333333333333 0.43875 0.005555555555555556 0.0075
9 0.27055555555555555 0.4059375 0.008888888888888889 0.011875
9 0.07277777777777777 0.3471875 0.03888888888888889 0.015625
0 0.31972222222222224 0.4725 0.04833333333333333 0.1075
0 0.2361111111111111 0.4453125 0.005555555555555556 0.016875
1 0.32861111111111113 0.4909375 0.10055555555555555 0.064375
2 0.6336111111111111 0.4575 0.07388888888888889 0.0675
2 0.5966666666666667 0.4484375 0.05 0.053125
2 0.5711111111111111 0.44875 0.017777777777777778 0.0425
2 0.56 0.4475 0.024444444444444446 0.03125
2 0.5463888888888889 0.4465625 0.015 0.025625
2 0.5372222222222223 0.445 0.01 0.0175
2 0.5313888888888889 0.443125 0.012777777777777779 0.0175
2 0.4938888888888889 0.4475 0.028888888888888888 0.0275
2 0.5211111111111111 0.44375 0.01 0.00875
2 0.38861111111111113 0.4575 0.050555555555555555 0.05375
2 0.3338888888888889 0.4640625 0.08888888888888889 0.064375
