9 0.5813888888888888 0.4075 0.026111111111111113 0.0075
9 0.9925 0.1934375 0.015 0.099375
1 0.8622222222222222 0.49875 0.12555555555555556 0.0775
3 0.9177777777777778 0.4728125 0.07 0.056875
2 0.7777777777777778 0.460625 0.03777777777777778 0.04375
2 0.7305555555555555 0.4665625 0.04 0.031875
2 0.7033333333333334 0.4609375 0.03 0.028125
2 0.6811111111111111 0.4634375 0.02666666666666667 0.021875
2 0.6519444444444444 0.4640625 0.019444444444444445 0.020625
2 0.6188888888888889 0.4653125 0.043333333333333335 0.023125
2 0.4572222222222222 0.48875 0.06222222222222222 0.05375
2 0.42916666666666664 0.47625 0.009444444444444445 0.01125
2 0.41055555555555556 0.4803125 0.02 0.011875
2 0.37416666666666665 0.48 0.021666666666666667 0.0225
2 0.36777777777777776 0.484375 0.014444444444444444 0.0175
2 0.36 0.4853125 0.012222222222222223 0.016875
2 0.35083333333333333 0.4871875 0.018333333333333333 0.023125
2 0.32611111111111113 0.485625 0.03666666666666667 0.03375
2 0.2 0.4984375 0.08222222222222222 0.069375
2 0.055 0.524375 0.11 0.16125
8 0.5872222222222222 0.4921875 0.011111111111111112 0.028125
