9 0.6188888888888889 0.4115625 0.015555555555555555 0.014375
9 0.5402777777777777 0.4428125 0.008333333333333333 0.009375
9 0.42277777777777775 0.4478125 0.0077777777777777776 0.009375
1 0.5616666666666666 0.5084375 0.025555555555555557 0.084375
2 0.09444444444444444 0.5146875 0.18888888888888888 0.123125
2 0.21083333333333334 0.4959375 0.10055555555555555 0.093125
2 0.3025 0.48375 0.07611111111111112 0.05875
2 0.3383333333333333 0.47625 0.04777777777777778 0.05375
2 0.3725 0.4734375 0.02722222222222222 0.033125
2 0.385 0.4703125 0.025555555555555557 0.029375
2 0.39805555555555555 0.46875 0.020555555555555556 0.02875
2 0.4072222222222222 0.4678125 0.011111111111111112 0.026875
2 0.41305555555555556 0.465625 0.011666666666666667 0.025
2 0.41944444444444445 0.465625 0.008888888888888889 0.0225
2 0.42444444444444446 0.466875 0.0044444444444444444 0.0175
2 0.42833333333333334 0.4646875 0.011111111111111112 0.016875
2 0.43777777777777777 0.4653125 0.0077777777777777776 0.013125
2 0.44222222222222224 0.46375 0.0077777777777777776 0.01375
2 0.5144444444444445 0.465625 0.035555555555555556 0.01625
2 0.49527777777777776 0.46375 0.009444444444444445 0.0125
2 0.5886111111111111 0.470625 0.030555555555555555 0.03875
2 0.5955555555555555 0.4753125 0.03222222222222222 0.043125
2 0.6277777777777778 0.4775 0.06111111111111111 0.0525
2 0.6772222222222222 0.4828125 0.07222222222222222 0.079375
2 0.7344444444444445 0.4890625 0.11444444444444445 0.099375
2 0.8258333333333333 0.5084375 0.18722222222222223 0.128125
0 0.5586111111111111 0.4790625 0.05277777777777778 0.114375
