9 0.8608333333333333 0.2290625 0.17166666666666666 0.085625
2 0.21222222222222223 0.4840625 0.06555555555555556 0.050625
2 0.11166666666666666 0.5134375 0.22333333333333333 0.246875
2 0.9797222222222223 0.6171875 0.04055555555555555 0.171875
2 0.8144444444444444 0.4925 0.13333333333333333 0.1125
2 0.7069444444444445 0.475 0.07388888888888889 0.07375
2 0.6522222222222223 0.479375 0.042222222222222223 0.0325
2 0.3575 0.4778125 0.04722222222222222 0.036875
2 0.5475 0.49375 0.1527777777777778 0.1525
1 0.5286111111111111 0.485 0.0661111111111111 0.1125
