7 0.5812908496732027 0.490234375 0.004084967320261438 0.009765625
9 0.6915849673202614 0.48388671875 0.012254901960784314 0.0146484375
9 0.6511437908496732 0.48828125 0.008169934640522876 0.01171875
9 0.6188725490196079 0.48388671875 0.007352941176470588 0.0107421875
9 0.6188725490196079 0.4912109375 0.007352941176470588 0.00390625
0 0.7622549019607843 0.54345703125 0.03758169934640523 0.0927734375
0 0.7312091503267973 0.54345703125 0.021241830065359478 0.0771484375
1 0.1830065359477124 0.53662109375 0.05228758169934641 0.0615234375
3 0.01184640522875817 0.5546875 0.02369281045751634 0.048828125
3 0.7066993464052288 0.54931640625 0.026143790849673203 0.0615234375
3 0.27369281045751637 0.67236328125 0.13398692810457516 0.2177734375
2 0.891748366013072 0.70751953125 0.21650326797385622 0.4794921875
2 0.33169934640522875 0.5869140625 0.09313725490196079 0.123046875
2 0.09191176470588236 0.541015625 0.08905228758169935 0.060546875
2 0.14869281045751634 0.53759765625 0.017973856209150325 0.0400390625
2 0.2455065359477124 0.52880859375 0.01715686274509804 0.0263671875
2 0.3088235294117647 0.52001953125 0.03594771241830065 0.0107421875
2 0.33986928104575165 0.5205078125 0.026143790849673203 0.01953125
2 0.37173202614379086 0.52001953125 0.027777777777777776 0.0283203125
2 0.39215686274509803 0.5166015625 0.017973856209150325 0.01953125
2 0.4227941176470588 0.52685546875 0.041666666666666664 0.0419921875
2 0.48284313725490197 0.54150390625 0.06699346405228758 0.0849609375
2 0.5506535947712419 0.53125 0.0392156862745098 0.037109375
2 0.5273692810457516 0.52294921875 0.02369281045751634 0.0244140625
2 0.5661764705882353 0.52099609375 0.024509803921568627 0.0302734375
2 0.44485294117647056 0.521484375 0.01715686274509804 0.02734375
0 0.272875816993464 0.615234375 0.10294117647058823 0.193359375
