9 0.3022875816993464 0.53466796875 0.011437908496732025 0.0146484375
9 0.4730392156862745 0.53125 0.013071895424836602 0.015625
0 0.9660947712418301 0.58984375 0.035130718954248366 0.12890625
0 0.8705065359477124 0.5712890625 0.022058823529411766 0.09375
0 0.7908496732026143 0.58642578125 0.021241830065359478 0.0869140625
0 0.8075980392156863 0.58447265625 0.02696078431372549 0.1025390625
0 0.6568627450980392 0.5498046875 0.008169934640522876 0.037109375
0 0.6503267973856209 0.55419921875 0.013071895424836602 0.0419921875
0 0.6245915032679739 0.55615234375 0.012254901960784314 0.0439453125
0 0.6086601307189542 0.55712890625 0.00980392156862745 0.0419921875
0 0.5657679738562091 0.552734375 0.008986928104575163 0.03515625
0 0.5759803921568627 0.552734375 0.008169934640522876 0.029296875
0 0.5580065359477124 0.55517578125 0.00980392156862745 0.0361328125
0 0.5473856209150327 0.55517578125 0.011437908496732025 0.0361328125
0 0.5285947712418301 0.56201171875 0.017973856209150325 0.0419921875
3 0.5281862745098039 0.5693359375 0.015522875816993464 0.029296875
