0 0.2594444444444444 0.46875 0.013333333333333334 0.0475
0 0.30416666666666664 0.4696875 0.010555555555555556 0.053125
0 0.6738888888888889 0.5225 0.05 0.08375
0 0.6941666666666667 0.4953125 0.049444444444444444 0.116875
6 0.8116666666666666 0.4575 0.2644444444444444 0.23625
6 0.4013888888888889 0.4296875 0.18055555555555555 0.248125
2 0.5311111111111111 0.4734375 0.03111111111111111 0.028125
2 0.5147222222222222 0.469375 0.019444444444444445 0.025
14 0.6102777777777778 0.4484375 0.15611111111111112 0.160625
14 0.5630555555555555 0.4553125 0.050555555555555555 0.081875
