7 0.85859375 0.353515625 0.009375 0.033203125
7 0.848828125 0.35595703125 0.01015625 0.0283203125
7 0.753515625 0.42626953125 0.01171875 0.0263671875
7 0.6546875 0.38134765625 0.0078125 0.0185546875
7 0.73828125 0.4130859375 0.009375 0.021484375
7 0.239453125 0.37255859375 0.00859375 0.0263671875
7 0.246875 0.38525390625 0.009375 0.0263671875
7 0.259765625 0.4541015625 0.01015625 0.025390625
7 0.334375 0.4482421875 0.009375 0.021484375
9 0.90390625 0.36865234375 0.0421875 0.0556640625
9 0.90546875 0.4111328125 0.0140625 0.02734375
9 0.6203125 0.462890625 0.0078125 0.01171875
9 0.4765625 0.4658203125 0.0078125 0.01171875
