9 0.6211111111111111 0.395 0.025555555555555557 0.02875
9 0.6219444444444444 0.4128125 0.01611111111111111 0.005625
9 0.5780555555555555 0.429375 0.015 0.0075
9 0.5841666666666666 0.440625 0.006111111111111111 0.01
9 0.07222222222222222 0.4996875 0.013333333333333334 0.030625
0 0.37083333333333335 0.5046875 0.055 0.183125
2 0.2436111111111111 0.5003125 0.125 0.093125
2 0.405 0.4803125 0.023333333333333334 0.033125
2 0.5494444444444444 0.47375 0.042222222222222223 0.03375
2 0.6447222222222222 0.4803125 0.095 0.120625
2 0.7722222222222223 0.4940625 0.24666666666666667 0.173125
2 0.4772222222222222 0.47375 0.03888888888888889 0.03375
2 0.41944444444444445 0.476875 0.016666666666666666 0.0225
