4 0.48333333333333334 0.4484375 0.01 0.013125
7 0.058611111111111114 0.2603125 0.021666666666666667 0.061875
7 0.04861111111111111 0.3390625 0.019444444444444445 0.029375
7 0.24555555555555555 0.3584375 0.024444444444444446 0.024375
7 0.25277777777777777 0.2884375 0.02 0.058125
7 0.8697222222222222 0.305625 0.01611111111111111 0.055
7 0.8733333333333333 0.3734375 0.022222222222222223 0.024375
9 0.8902777777777777 0.3553125 0.058333333333333334 0.018125
9 0.73 0.4084375 0.011111111111111112 0.019375
9 0.028055555555555556 0.310625 0.021666666666666667 0.02375
9 0.83 0.4221875 0.013333333333333334 0.018125
0 0.010555555555555556 0.4384375 0.015555555555555555 0.061875
0 0.014722222222222222 0.440625 0.011666666666666667 0.05875
0 0.029722222222222223 0.4328125 0.010555555555555556 0.040625
0 0.05305555555555556 0.42 0.02722222222222222 0.05875
0 0.06444444444444444 0.4121875 0.022222222222222223 0.065625
0 0.09055555555555556 0.413125 0.03333333333333333 0.0625
0 0.6988888888888889 0.46875 0.035555555555555556 0.0975
0 0.7108333333333333 0.4634375 0.028333333333333332 0.114375
0 0.5222222222222223 0.4575 0.04 0.12
0 0.5011111111111111 0.460625 0.052222222222222225 0.1025
2 0.18861111111111112 0.4759375 0.36833333333333335 0.173125
2 0.3894444444444444 0.4628125 0.044444444444444446 0.053125
2 0.39444444444444443 0.4559375 0.05444444444444444 0.055625
2 0.42138888888888887 0.458125 0.02388888888888889 0.0475
2 0.43333333333333335 0.45875 0.022222222222222223 0.035
2 0.4425 0.4575 0.015 0.02875
2 0.4477777777777778 0.456875 0.017777777777777778 0.0275
2 0.45861111111111114 0.4559375 0.010555555555555556 0.010625
2 0.4627777777777778 0.4515625 0.005555555555555556 0.009375
2 0.47305555555555556 0.4590625 0.012777777777777779 0.011875
2 0.47555555555555556 0.455625 0.011111111111111112 0.0125
2 0.47305555555555556 0.4465625 0.005 0.006875
2 0.46944444444444444 0.4478125 0.006666666666666667 0.006875
2 0.5572222222222222 0.463125 0.014444444444444444 0.0275
2 0.5480555555555555 0.4640625 0.013888888888888888 0.023125
2 0.545 0.4615625 0.015555555555555555 0.023125
2 0.5858333333333333 0.4546875 0.05277777777777778 0.051875
2 0.6158333333333333 0.46375 0.051666666666666666 0.04625
2 0.6355555555555555 0.4696875 0.04777777777777778 0.044375
2 0.6977777777777778 0.4653125 0.09444444444444444 0.083125
