7 0.6763888888888889 0.3340625 0.019444444444444445 0.053125
7 0.6652777777777777 0.3825 0.025 0.025
0 0.7544444444444445 0.4575 0.03 0.13
0 0.8736111111111111 0.445625 0.02722222222222222 0.0775
0 0.03333333333333333 0.455 0.014444444444444444 0.02375
0 0.05 0.461875 0.013333333333333334 0.0275
1 0.9177777777777778 0.4609375 0.02 0.040625
2 0.04388888888888889 0.5184375 0.08777777777777777 0.133125
2 0.23833333333333334 0.4871875 0.12444444444444444 0.091875
2 0.45916666666666667 0.4984375 0.23722222222222222 0.238125
2 0.5838888888888889 0.4690625 0.043333333333333335 0.058125
8 0.7113888888888888 0.4928125 0.02388888888888889 0.064375
13 0.8183333333333334 0.484375 0.0811111111111111 0.10125
