2 0.85107421875 0.5686848958333334 0.2333984375 0.13216145833333334
2 0.553466796875 0.5436197916666666 0.09521484375 0.10546875
2 0.499267578125 0.529296875 0.04052734375 0.0625
2 0.493896484375 0.5068359375 0.04345703125 0.060546875
2 0.471923828125 0.509765625 0.01806640625 0.0390625
2 0.461669921875 0.5104166666666666 0.01708984375 0.028645833333333332
2 0.422119140625 0.5087890625 0.02587890625 0.027994791666666668
2 0.31640625 0.5035807291666666 0.0439453125 0.047526041666666664
2 0.34765625 0.5042317708333334 0.021484375 0.035807291666666664
2 0.198974609375 0.5589192708333334 0.19970703125 0.16471354166666666
2 0.3671875 0.5048828125 0.01953125 0.027994791666666668
