7 0.9252777777777778 0.4109375 0.013888888888888888 0.024375
7 0.9166666666666666 0.351875 0.01888888888888889 0.06375
7 0.7944444444444444 0.31625 0.03222222222222222 0.0775
7 0.7852777777777777 0.32375 0.030555555555555555 0.0775
7 0.7897222222222222 0.2596875 0.015 0.035625
7 0.745 0.28375 0.013333333333333334 0.0425
7 0.7952777777777778 0.395 0.025 0.025
7 0.6647222222222222 0.414375 0.010555555555555556 0.03
7 0.5816666666666667 0.4153125 0.01 0.025625
7 0.5827777777777777 0.441875 0.0077777777777777776 0.00875
7 0.26611111111111113 0.4171875 0.008888888888888889 0.025625
7 0.2627777777777778 0.44375 0.0077777777777777776 0.01
7 0.175 0.3315625 0.011111111111111112 0.036875
7 0.13527777777777777 0.3003125 0.012777777777777779 0.040625
7 0.027777777777777776 0.31875 0.024444444444444446 0.07375
7 0.020555555555555556 0.38875 0.025555555555555557 0.02625
7 0.21222222222222223 0.4165625 0.008888888888888889 0.025625
7 0.20916666666666667 0.4446875 0.008333333333333333 0.013125
9 0.8658333333333333 0.3065625 0.03722222222222222 0.031875
9 0.7805555555555556 0.466875 0.006666666666666667 0.025
9 0.7811111111111111 0.4878125 0.022222222222222223 0.009375
9 0.5241666666666667 0.444375 0.010555555555555556 0.01125
9 0.1802777777777778 0.3753125 0.01611111111111111 0.015625
9 0.06388888888888888 0.460625 0.008888888888888889 0.025
9 0.04833333333333333 0.4365625 0.006666666666666667 0.016875
9 0.0725 0.4428125 0.005 0.013125
1 0.8961111111111111 0.588125 0.20777777777777778 0.2025
2 0.5077777777777778 0.474375 0.024444444444444446 0.02375
2 0.5002777777777778 0.47125 0.017222222222222222 0.0225
2 0.4963888888888889 0.4678125 0.01611111111111111 0.020625
2 0.4891666666666667 0.4665625 0.011666666666666667 0.018125
2 0.4725 0.46375 0.009444444444444445 0.01375
2 0.4633333333333333 0.4671875 0.01888888888888889 0.016875
2 0.45 0.465 0.0077777777777777776 0.01125
2 0.44055555555555553 0.4659375 0.015555555555555555 0.013125
2 0.42833333333333334 0.4653125 0.006666666666666667 0.010625
2 0.42055555555555557 0.4659375 0.012222222222222223 0.013125
2 0.4025 0.479375 0.03833333333333333 0.0325
2 0.3238888888888889 0.479375 0.05555555555555555 0.04125
2 0.022222222222222223 0.475 0.044444444444444446 0.035
0 0.9080555555555555 0.529375 0.1272222222222222 0.2625
8 0.7483333333333333 0.4890625 0.005555555555555556 0.011875
