9 0.38722222222222225 0.4140625 0.006666666666666667 0.009375
0 0.23166666666666666 0.439375 0.015555555555555555 0.0175
0 0.13722222222222222 0.4759375 0.027777777777777776 0.053125
2 0.41638888888888886 0.435625 0.04833333333333333 0.02
2 0.4675 0.411875 0.009444444444444445 0.01
2 0.4752777777777778 0.418125 0.009444444444444445 0.0075
2 0.4575 0.4284375 0.019444444444444445 0.018125
2 0.4625 0.4475 0.03611111111111111 0.0325
2 0.5188888888888888 0.4409375 0.04 0.038125
2 0.5622222222222222 0.4590625 0.057777777777777775 0.045625
2 0.31416666666666665 0.4459375 0.08277777777777778 0.036875
2 0.24833333333333332 0.4746875 0.058888888888888886 0.059375
2 0.19 0.4884375 0.1111111111111111 0.080625
