9 0.3763888888888889 0.4071875 0.012777777777777779 0.019375
9 0.11444444444444445 0.41 0.0077777777777777776 0.02375
0 0.5477777777777778 0.4625 0.015555555555555555 0.0475
0 0.05472222222222222 0.511875 0.051666666666666666 0.17875
2 0.8652777777777778 0.4828125 0.26944444444444443 0.151875
2 0.6975 0.4734375 0.13277777777777777 0.094375
2 0.6327777777777778 0.474375 0.03222222222222222 0.0725
2 0.535 0.455625 0.043333333333333335 0.03875
2 0.3086111111111111 0.4515625 0.11166666666666666 0.066875
2 0.29138888888888886 0.46125 0.11277777777777778 0.065
2 0.175 0.515625 0.35 0.1875
6 0.6927777777777778 0.423125 0.10444444444444445 0.02625
