7 0.051666666666666666 0.3728125 0.011111111111111112 0.040625
7 0.3258333333333333 0.2390625 0.010555555555555556 0.028125
7 0.5025 0.3303125 0.012777777777777779 0.016875
7 0.6241666666666666 0.4246875 0.007222222222222222 0.011875
9 0.30027777777777775 0.245625 0.03166666666666667 0.035
9 0.6208333333333333 0.414375 0.012777777777777779 0.00625
9 0.5863888888888888 0.4034375 0.008333333333333333 0.011875
0 0.9133333333333333 0.4553125 0.043333333333333335 0.135625
0 0.9663888888888889 0.4584375 0.03722222222222222 0.184375
0 0.6994444444444444 0.4509375 0.03 0.071875
2 0.11444444444444445 0.5209375 0.2288888888888889 0.206875
