0 0.07138888888888889 0.5353125 0.14277777777777778 0.310625
0 0.5058333333333334 0.475 0.01611111111111111 0.04625
2 0.5858333333333333 0.476875 0.06277777777777778 0.05875
2 0.48944444444444446 0.466875 0.023333333333333334 0.0275
2 0.4563888888888889 0.46875 0.02388888888888889 0.02375
2 0.4411111111111111 0.469375 0.0077777777777777776 0.01125
2 0.4166666666666667 0.47375 0.043333333333333335 0.0275
2 0.3933333333333333 0.464375 0.021111111111111112 0.01875
2 0.06055555555555556 0.4959375 0.12111111111111111 0.079375
2 0.25527777777777777 0.479375 0.042777777777777776 0.03375
2 0.25472222222222224 0.465 0.02722222222222222 0.0175
2 0.2708333333333333 0.463125 0.015 0.01625
2 0.24166666666666667 0.4565625 0.015555555555555555 0.015625
2 0.3672222222222222 0.4596875 0.013333333333333334 0.014375
2 0.47333333333333333 0.469375 0.013333333333333334 0.015
2 0.10138888888888889 0.45375 0.045 0.02125
