9 0.5941666666666666 0.4253125 0.01611111111111111 0.020625
9 0.5944444444444444 0.44125 0.0077777777777777776 0.01125
9 0.4127777777777778 0.440625 0.0077777777777777776 0.01375
9 0.3047222222222222 0.4371875 0.012777777777777779 0.024375
9 0.3225 0.440625 0.006111111111111111 0.01125
9 0.47555555555555556 0.4375 0.0044444444444444444 0.005
0 0.34305555555555556 0.471875 0.011666666666666667 0.03625
2 0.7927777777777778 0.4471875 0.07888888888888888 0.071875
2 0.8502777777777778 0.4496875 0.08166666666666667 0.064375
2 0.5683333333333334 0.47125 0.044444444444444446 0.04375
2 0.4711111111111111 0.4553125 0.01888888888888889 0.014375
2 0.45555555555555555 0.453125 0.013333333333333334 0.015
2 0.4425 0.456875 0.020555555555555556 0.02
2 0.42916666666666664 0.4603125 0.009444444444444445 0.015625
2 0.4063888888888889 0.47125 0.049444444444444444 0.04625
2 0.30944444444444447 0.48 0.06333333333333334 0.055
2 0.17277777777777778 0.516875 0.24555555555555555 0.2025
2 0.043333333333333335 0.5271875 0.08666666666666667 0.123125
2 0.5061111111111111 0.4459375 0.024444444444444446 0.011875
2 0.9238888888888889 0.543125 0.15222222222222223 0.33875
