7 0.7663888888888889 0.23625 0.028333333333333332 0.075
7 0.3713888888888889 0.0696875 0.03166666666666667 0.088125
7 0.4897222222222222 0.3865625 0.009444444444444445 0.023125
7 0.3308333333333333 0.42375 0.007222222222222222 0.0175
7 0.7688888888888888 0.3471875 0.021111111111111112 0.035625
9 0.4013888888888889 0.36375 0.013888888888888888 0.0175
0 0.8883333333333333 0.46875 0.03111111111111111 0.12
0 0.6286111111111111 0.459375 0.019444444444444445 0.0525
0 0.6622222222222223 0.4553125 0.021111111111111112 0.068125
0 0.8480555555555556 0.4959375 0.02722222222222222 0.074375
