0 0.478125 0.47119140625 0.00625 0.0263671875
1 0.26484375 0.79638671875 0.0703125 0.2392578125
1 0.509375 0.474609375 0.00625 0.017578125
2 0.662890625 0.54443359375 0.12578125 0.1494140625
2 0.95546875 0.50048828125 0.0890625 0.0966796875
2 0.730859375 0.599609375 0.17890625 0.158203125
2 0.81328125 0.517578125 0.184375 0.08984375
2 0.8046875 0.46337890625 0.0609375 0.0263671875
2 0.589453125 0.51171875 0.07578125 0.091796875
2 0.554296875 0.4990234375 0.02421875 0.048828125
2 0.540234375 0.49169921875 0.01796875 0.0380859375
2 0.54453125 0.47314453125 0.0265625 0.0263671875
2 0.55703125 0.46044921875 0.021875 0.0185546875
2 0.2015625 0.5732421875 0.13125 0.115234375
2 0.301171875 0.52978515625 0.07890625 0.0771484375
2 0.32734375 0.51806640625 0.059375 0.0615234375
2 0.36171875 0.50146484375 0.046875 0.0537109375
2 0.373828125 0.49658203125 0.03671875 0.0537109375
2 0.391015625 0.4931640625 0.01796875 0.046875
2 0.391796875 0.48779296875 0.03984375 0.0478515625
2 0.44453125 0.49072265625 0.0453125 0.0400390625
2 0.145703125 0.544921875 0.15703125 0.0859375
2 0.440625 0.46630859375 0.0234375 0.0087890625
2 0.46953125 0.46728515625 0.0234375 0.0263671875
2 0.491796875 0.4658203125 0.01640625 0.017578125
2 0.50625 0.46435546875 0.01875 0.0166015625
2 0.52890625 0.4609375 0.01875 0.015625
2 0.415234375 0.48876953125 0.01328125 0.0263671875
2 0.516015625 0.462890625 0.01171875 0.015625
0 0.249609375 0.7041015625 0.11796875 0.33203125
0 0.7390625 0.65625 0.1 0.34375
0 0.509375 0.4638671875 0.00625 0.021484375
11 0.741015625 0.828125 0.04296875 0.04296875
