1 0.12916666666666668 0.525 0.055 0.08625
1 0.18944444444444444 0.5234375 0.05 0.084375
1 0.21138888888888888 0.5059375 0.04833333333333333 0.075625
1 0.1622222222222222 0.5203125 0.03111111111111111 0.061875
1 0.2861111111111111 0.50625 0.034444444444444444 0.06125
1 0.275 0.501875 0.021111111111111112 0.0475
1 0.33444444444444443 0.498125 0.017777777777777778 0.03875
1 0.34944444444444445 0.494375 0.016666666666666666 0.0375
1 0.4061111111111111 0.47875 0.014444444444444444 0.02375
1 0.3811111111111111 0.484375 0.014444444444444444 0.03
1 0.39916666666666667 0.4753125 0.013888888888888888 0.025625
2 0.0661111111111111 0.49875 0.1322222222222222 0.09875
2 0.2536111111111111 0.4715625 0.049444444444444444 0.065625
2 0.3647222222222222 0.4728125 0.021666666666666667 0.025625
2 0.44305555555555554 0.4690625 0.025 0.020625
2 0.48055555555555557 0.470625 0.01 0.00875
2 0.4961111111111111 0.4715625 0.008888888888888889 0.006875
2 0.5713888888888888 0.473125 0.07055555555555555 0.065
2 0.5363888888888889 0.47375 0.02388888888888889 0.04125
2 0.5269444444444444 0.4709375 0.017222222222222222 0.034375
2 0.5186111111111111 0.4709375 0.015 0.031875
0 0.4033333333333333 0.46625 0.016666666666666666 0.03875
0 0.37972222222222224 0.4715625 0.01611111111111111 0.049375
0 0.3511111111111111 0.48 0.01888888888888889 0.0525
0 0.33305555555555555 0.4815625 0.021666666666666667 0.049375
0 0.28555555555555556 0.4734375 0.034444444444444444 0.080625
0 0.22277777777777777 0.488125 0.05 0.1075
0 0.18611111111111112 0.4890625 0.04666666666666667 0.126875
0 0.16277777777777777 0.49375 0.034444444444444444 0.1175
0 0.13027777777777777 0.4990625 0.05611111111111111 0.131875
