4 0.5383333333333333 0.436875 0.16444444444444445 0.1625
9 0.3322222222222222 0.4271875 0.013333333333333334 0.028125
9 0.4313888888888889 0.4384375 0.008333333333333333 0.006875
9 0.43166666666666664 0.4475 0.0044444444444444444 0.0075
9 0.43583333333333335 0.4528125 0.0038888888888888888 0.005625
9 0.6905555555555556 0.4409375 0.005555555555555556 0.009375
0 0.6619444444444444 0.468125 0.008333333333333333 0.0275
0 0.6527777777777778 0.4675 0.008888888888888889 0.02875
0 0.6433333333333333 0.465 0.005555555555555556 0.0225
0 0.6391666666666667 0.4703125 0.006111111111111111 0.019375
2 0.31222222222222223 0.47875 0.057777777777777775 0.045
2 0.45805555555555555 0.463125 0.009444444444444445 0.01
2 0.7508333333333334 0.4375 0.02388888888888889 0.0175
2 0.7619444444444444 0.43625 0.025 0.01875
2 0.7858333333333334 0.434375 0.04055555555555555 0.0225
2 0.8152777777777778 0.4309375 0.05388888888888889 0.025625
2 0.8352777777777778 0.43 0.050555555555555555 0.0225
2 0.8816666666666667 0.4246875 0.05 0.030625
2 0.9269444444444445 0.42375 0.09055555555555556 0.03
2 0.9858333333333333 0.4225 0.028333333333333332 0.0225
2 0.6580555555555555 0.4571875 0.04611111111111111 0.018125
