0 0.5647222222222222 0.459375 0.04722222222222222 0.155
0 0.38472222222222224 0.4509375 0.010555555555555556 0.033125
1 0.7222222222222222 0.55875 0.1 0.19
1 0.5627777777777778 0.501875 0.057777777777777775 0.10625
1 0.4905555555555556 0.50375 0.04666666666666667 0.10125
1 0.44583333333333336 0.5484375 0.08388888888888889 0.159375
1 0.8241666666666667 0.496875 0.06277777777777778 0.135
1 0.6141666666666666 0.478125 0.01611111111111111 0.055
1 0.21555555555555556 0.4775 0.016666666666666666 0.0475
1 0.16083333333333333 0.480625 0.026111111111111113 0.06125
1 0.29777777777777775 0.4628125 0.01888888888888889 0.028125
1 0.5886111111111111 0.4740625 0.017222222222222222 0.038125
2 0.28805555555555556 0.453125 0.055 0.0275
2 0.3338888888888889 0.4584375 0.04777777777777778 0.041875
2 0.3827777777777778 0.4540625 0.028888888888888888 0.021875
2 0.39694444444444443 0.453125 0.007222222222222222 0.01875
0 0.7247222222222223 0.4884375 0.09944444444444445 0.275625
0 0.4888888888888889 0.46625 0.044444444444444446 0.14375
0 0.44472222222222224 0.49 0.07722222222222222 0.225
