9 0.7836111111111111 0.344375 0.026111111111111113 0.05
9 0.5647222222222222 0.4153125 0.008333333333333333 0.014375
9 0.5322222222222223 0.424375 0.0077777777777777776 0.01125
2 0.9227777777777778 0.5546875 0.15444444444444444 0.361875
2 0.7788888888888889 0.514375 0.21 0.16625
2 0.6733333333333333 0.48 0.13 0.12875
2 0.5980555555555556 0.469375 0.065 0.06875
2 0.56 0.458125 0.06 0.05875
2 0.5327777777777778 0.4590625 0.014444444444444444 0.035625
2 0.4727777777777778 0.4465625 0.0077777777777777776 0.008125
2 0.46194444444444444 0.450625 0.011666666666666667 0.01
2 0.44972222222222225 0.449375 0.010555555555555556 0.01125
2 0.44027777777777777 0.4509375 0.008333333333333333 0.013125
2 0.42777777777777776 0.4525 0.01888888888888889 0.0175
2 0.39305555555555555 0.455 0.035 0.03875
2 0.38416666666666666 0.461875 0.019444444444444445 0.02875
2 0.35638888888888887 0.4634375 0.03944444444444444 0.044375
2 0.3258333333333333 0.469375 0.051666666666666666 0.05125
2 0.2986111111111111 0.4790625 0.06277777777777778 0.054375
2 0.2338888888888889 0.4865625 0.07888888888888888 0.091875
2 0.14 0.5028125 0.14777777777777779 0.128125
