7 0.308203125 0.43505859375 0.00390625 0.0126953125
7 0.307421875 0.447265625 0.00390625 0.005859375
7 0.3390625 0.39306640625 0.0078125 0.0205078125
7 0.38671875 0.3857421875 0.0046875 0.015625
7 0.427734375 0.39599609375 0.00390625 0.0126953125
7 0.461328125 0.396484375 0.00390625 0.01171875
7 0.520703125 0.41845703125 0.00390625 0.0107421875
7 0.519921875 0.4296875 0.00234375 0.00390625
9 0.149609375 0.4697265625 0.00546875 0.013671875
9 0.2609375 0.48291015625 0.015625 0.0205078125
9 0.285546875 0.4189453125 0.01796875 0.0078125
9 0.380078125 0.38427734375 0.00703125 0.0087890625
9 0.427734375 0.44677734375 0.00546875 0.0068359375
9 0.490234375 0.408203125 0.01484375 0.005859375
9 0.498828125 0.4326171875 0.00234375 0.00390625
9 0.498828125 0.42724609375 0.00546875 0.0068359375
9 0.58359375 0.43212890625 0.0078125 0.0126953125
9 0.5875 0.412109375 0.025 0.02734375
9 0.734375 0.40576171875 0.071875 0.0615234375
9 0.287890625 0.4765625 0.01171875 0.017578125
0 0.8640625 0.45068359375 0.0328125 0.1123046875
2 0.195703125 0.50341796875 0.05703125 0.0556640625
2 0.3546875 0.46533203125 0.021875 0.0205078125
2 0.452734375 0.43994140625 0.01015625 0.0107421875
2 0.460546875 0.42333984375 0.00859375 0.0087890625
8 0.54296875 0.45751953125 0.0046875 0.0107421875
9 0.60625 0.42578125 0.0171875 0.025390625
