9 0.13555555555555557 0.3003125 0.05444444444444444 0.081875
9 0.13305555555555557 0.34875 0.03277777777777778 0.015
9 0.21333333333333335 0.4725 0.028888888888888888 0.02375
0 0.09944444444444445 0.5146875 0.06333333333333334 0.183125
0 0.7436111111111111 0.5290625 0.06833333333333333 0.238125
0 0.8355555555555556 0.5490625 0.08444444444444445 0.250625
0 0.9925 0.486875 0.015 0.06875
0 0.9855555555555555 0.4921875 0.01 0.051875
0 0.9544444444444444 0.48 0.01 0.0325
0 0.9455555555555556 0.4896875 0.016666666666666666 0.049375
0 0.9361111111111111 0.4784375 0.01 0.031875
0 0.9202777777777778 0.47875 0.011666666666666667 0.04
0 0.9263888888888889 0.478125 0.006111111111111111 0.03125
0 0.9077777777777778 0.4759375 0.013333333333333334 0.034375
2 0.8822222222222222 0.51125 0.06444444444444444 0.105
