0 0.8738888888888889 0.4965625 0.12111111111111111 0.268125
0 0.8597222222222223 0.5115625 0.08944444444444444 0.259375
0 0.5772222222222222 0.48875 0.034444444444444444 0.1525
0 0.49083333333333334 0.4959375 0.04833333333333333 0.164375
0 0.3372222222222222 0.5071875 0.07222222222222222 0.161875
6 0.44 0.4665625 0.06 0.051875
2 0.2538888888888889 0.480625 0.04777777777777778 0.05625
2 0.17444444444444446 0.4653125 0.12333333333333334 0.054375
2 0.16694444444444445 0.4825 0.1338888888888889 0.0775
2 0.09027777777777778 0.4875 0.10833333333333334 0.095
2 0.04694444444444444 0.49125 0.09388888888888888 0.10875
