4 0.8149509803921569 0.44921875 0.2949346405228758 0.224609375
4 0.6303104575163399 0.44140625 0.03349673202614379 0.02734375
7 0.4056372549019608 0.45556640625 0.005718954248366013 0.0146484375
7 0.40155228758169936 0.43359375 0.007352941176470588 0.021484375
7 0.4011437908496732 0.392578125 0.008169934640522876 0.009765625
7 0.4652777777777778 0.41796875 0.007352941176470588 0.017578125
7 0.5098039215686274 0.3740234375 0.013071895424836602 0.033203125
7 0.5130718954248366 0.44677734375 0.008169934640522876 0.0205078125
7 0.5584150326797386 0.42822265625 0.005718954248366013 0.0185546875
7 0.6421568627450981 0.419921875 0.004901960784313725 0.009765625
7 0.6266339869281046 0.41943359375 0.0032679738562091504 0.0048828125
7 0.6008986928104575 0.41650390625 0.004084967320261438 0.0048828125
7 0.5637254901960784 0.42578125 0.0032679738562091504 0.01171875
7 0.5445261437908496 0.42333984375 0.004084967320261438 0.0068359375
7 0.46772875816993464 0.43994140625 0.005718954248366013 0.0068359375
7 0.505718954248366 0.43017578125 0.008169934640522876 0.0107421875
7 0.42687908496732024 0.439453125 0.005718954248366013 0.0078125
9 0.025735294117647058 0.41455078125 0.018790849673202614 0.0283203125
9 0.026143790849673203 0.44091796875 0.014705882352941176 0.0205078125
9 0.4477124183006536 0.4248046875 0.006535947712418301 0.0078125
9 0.5371732026143791 0.41748046875 0.010620915032679739 0.0126953125
9 0.5371732026143791 0.4326171875 0.010620915032679739 0.013671875
0 0.15808823529411764 0.4853515625 0.013888888888888888 0.04296875
0 0.16625816993464052 0.48095703125 0.008986928104575163 0.0458984375
0 0.22303921568627452 0.47900390625 0.008169934640522876 0.0400390625
0 0.2397875816993464 0.47900390625 0.010620915032679739 0.0380859375
0 0.28799019607843135 0.47607421875 0.008986928104575163 0.0419921875
0 0.4571078431372549 0.48291015625 0.013888888888888888 0.0537109375
0 0.4714052287581699 0.48046875 0.016339869281045753 0.052734375
0 0.49264705882352944 0.4765625 0.013071895424836602 0.05859375
0 0.8819444444444444 0.4775390625 0.02042483660130719 0.037109375
0 0.4325980392156863 0.4560546875 0.005718954248366013 0.01953125
1 0.37050653594771243 0.5185546875 0.022058823529411766 0.046875
2 0.6021241830065359 0.5009765625 0.09477124183006536 0.09765625
2 0.5281862745098039 0.46240234375 0.012254901960784314 0.0244140625
2 0.5845588235294118 0.4462890625 0.015522875816993464 0.017578125
2 0.5996732026143791 0.4443359375 0.013071895424836602 0.015625
2 0.6086601307189542 0.4453125 0.004901960784313725 0.0078125
0 0.37173202614379086 0.494140625 0.02287581699346405 0.076171875
