9 0.2586111111111111 0.4109375 0.012777777777777779 0.021875
9 0.25833333333333336 0.4328125 0.012222222222222223 0.021875
9 0.5319444444444444 0.394375 0.006111111111111111 0.0175
9 0.49805555555555553 0.39125 0.002777777777777778 0.0075
2 0.9375 0.5096875 0.125 0.094375
2 0.5588888888888889 0.48375 0.07555555555555556 0.06875
2 0.5036111111111111 0.4246875 0.030555555555555555 0.030625
2 0.49583333333333335 0.414375 0.02388888888888889 0.02125
2 0.45805555555555555 0.406875 0.018333333333333333 0.02125
2 0.4336111111111111 0.40875 0.013888888888888888 0.015
2 0.4222222222222222 0.409375 0.015555555555555555 0.0175
2 0.4025 0.4184375 0.03388888888888889 0.035625
2 0.3277777777777778 0.49 0.07 0.06
2 0.4888888888888889 0.40875 0.02 0.02
2 0.4761111111111111 0.4096875 0.0077777777777777776 0.014375
