7 0.9691666666666666 0.3296875 0.020555555555555556 0.051875
7 0.6413888888888889 0.4028125 0.01611111111111111 0.016875
7 0.6466666666666666 0.354375 0.016666666666666666 0.0475
7 0.08666666666666667 0.416875 0.013333333333333334 0.01375
7 0.08416666666666667 0.3703125 0.013888888888888888 0.046875
9 0.6475 0.3834375 0.03611111111111111 0.013125
9 0.08638888888888889 0.399375 0.03277777777777778 0.01125
0 0.9772222222222222 0.4590625 0.025555555555555557 0.088125
0 0.725 0.459375 0.02 0.065
0 0.6977777777777778 0.4471875 0.014444444444444444 0.023125
0 0.6769444444444445 0.4496875 0.018333333333333333 0.035625
2 0.4336111111111111 0.4671875 0.017222222222222222 0.016875
2 0.4111111111111111 0.4690625 0.023333333333333334 0.020625
2 0.3252777777777778 0.473125 0.042777777777777776 0.0375
2 0.5236111111111111 0.483125 0.175 0.1825
