0 0.287353515625 0.5875651041666666 0.03662109375 0.142578125
0 0.309814453125 0.5735677083333334 0.03857421875 0.15755208333333334
0 0.3388671875 0.58203125 0.0400390625 0.14973958333333334
0 0.689453125 0.5807291666666666 0.046875 0.1953125
2 0.3369140625 0.5791015625 0.0908203125 0.11263020833333333
2 0.38232421875 0.5680338541666666 0.0576171875 0.08919270833333333
2 0.412841796875 0.5279947916666666 0.06103515625 0.037760416666666664
2 0.469482421875 0.521484375 0.05126953125 0.028645833333333332
2 0.489990234375 0.5205078125 0.02587890625 0.025390625
2 0.5205078125 0.5227864583333334 0.029296875 0.024739583333333332
2 0.5517578125 0.5201822916666666 0.01953125 0.01953125
2 0.5966796875 0.5240885416666666 0.025390625 0.028645833333333332
2 0.627197265625 0.5240885416666666 0.01513671875 0.03125
2 0.6396484375 0.529296875 0.0244140625 0.040364583333333336
2 0.664306640625 0.5413411458333334 0.03662109375 0.07356770833333333
2 0.7138671875 0.5693359375 0.025390625 0.119140625
2 0.775146484375 0.5758463541666666 0.14111328125 0.166015625
2 0.843994140625 0.6103515625 0.20263671875 0.193359375
2 0.94140625 0.7545572916666666 0.0576171875 0.21614583333333334
