7 0.5232843137254902 0.44873046875 0.0024509803921568627 0.0068359375
6 0.3202614379084967 0.4697265625 0.049019607843137254 0.02734375
3 0.5396241830065359 0.55810546875 0.06454248366013073 0.1220703125
2 0.10784313725490197 0.54833984375 0.07516339869281045 0.0361328125
2 0.04411764705882353 0.54150390625 0.0718954248366013 0.0380859375
2 0.11683006535947713 0.5107421875 0.06372549019607843 0.0390625
2 0.021241830065359478 0.49951171875 0.042483660130718956 0.0244140625
2 0.2512254901960784 0.4853515625 0.04003267973856209 0.01953125
2 0.5935457516339869 0.505859375 0.07598039215686274 0.091796875
2 0.5886437908496732 0.4580078125 0.028594771241830064 0.009765625
2 0.4256535947712418 0.4716796875 0.021241830065359478 0.015625
2 0.49019607843137253 0.466796875 0.0196078431372549 0.017578125
2 0.4987745098039216 0.46240234375 0.013888888888888888 0.0126953125
2 0.5065359477124183 0.46142578125 0.00980392156862745 0.0107421875
0 0.5408496732026143 0.53076171875 0.06209150326797386 0.1416015625
14 0.1111111111111111 0.47265625 0.06862745098039216 0.046875
