7 0.556884765625 0.4020182291666667 0.01220703125 0.024088541666666668
7 0.47216796875 0.458984375 0.0126953125 0.024739583333333332
7 0.6337890625 0.4632161458333333 0.0126953125 0.024088541666666668
7 0.657958984375 0.4378255208333333 0.01416015625 0.027994791666666668
9 0.614501953125 0.5052083333333334 0.00537109375 0.010416666666666666
9 0.725341796875 0.4573567708333333 0.01416015625 0.025390625
0 0.07958984375 0.5325520833333334 0.0166015625 0.08203125
0 0.064208984375 0.5592447916666666 0.03271484375 0.15494791666666666
0 0.32080078125 0.5302734375 0.0146484375 0.054036458333333336
0 0.55517578125 0.5413411458333334 0.021484375 0.08138020833333333
0 0.523193359375 0.5309244791666666 0.00830078125 0.037109375
0 0.537353515625 0.5462239583333334 0.01416015625 0.06770833333333333
0 0.846923828125 0.5234375 0.02294921875 0.033854166666666664
0 0.869140625 0.529296875 0.0205078125 0.036458333333333336
0 0.75830078125 0.5302734375 0.009765625 0.027994791666666668
0 0.772705078125 0.5244140625 0.01123046875 0.016276041666666668
1 0.11865234375 0.607421875 0.056640625 0.12239583333333333
1 0.231201171875 0.5673828125 0.03564453125 0.09700520833333333
1 0.26806640625 0.5634765625 0.03125 0.07486979166666667
1 0.315673828125 0.5716145833333334 0.06689453125 0.06901041666666667
1 0.3662109375 0.5849609375 0.0302734375 0.09309895833333333
2 0.473388671875 0.5358072916666666 0.08447265625 0.048177083333333336
2 0.59912109375 0.5325520833333334 0.013671875 0.018229166666666668
2 0.80419921875 0.6285807291666666 0.1748046875 0.193359375
2 0.889404296875 0.732421875 0.15576171875 0.4427083333333333
0 0.3671875 0.5595703125 0.0302734375 0.11002604166666667
