7 0.4052777777777778 0.369375 0.007222222222222222 0.0225
7 0.4608333333333333 0.3965625 0.006111111111111111 0.016875
7 0.5561111111111111 0.413125 0.0077777777777777776 0.02125
7 0.5738888888888889 0.3759375 0.005555555555555556 0.014375
7 0.5844444444444444 0.3753125 0.005555555555555556 0.014375
7 0.5988888888888889 0.4165625 0.006666666666666667 0.015625
9 0.019166666666666665 0.5021875 0.010555555555555556 0.028125
9 0.3763888888888889 0.3875 0.015 0.00875
9 0.39222222222222225 0.36625 0.008888888888888889 0.01
9 0.485 0.408125 0.01888888888888889 0.005
9 0.5902777777777778 0.415 0.007222222222222222 0.01625
9 0.5911111111111111 0.4303125 0.006666666666666667 0.011875
2 0.06833333333333333 0.4671875 0.07 0.038125
2 0.25833333333333336 0.484375 0.07555555555555556 0.055
2 0.29888888888888887 0.4746875 0.04888888888888889 0.050625
2 0.6311111111111111 0.47125 0.10777777777777778 0.10125
2 0.5713888888888888 0.466875 0.04388888888888889 0.06375
2 0.475 0.4740625 0.11333333333333333 0.110625
2 0.33305555555555555 0.459375 0.01611111111111111 0.01375
