7 0.39222222222222225 0.389375 0.006666666666666667 0.01875
7 0.4502777777777778 0.3915625 0.006111111111111111 0.018125
7 0.5580555555555555 0.4328125 0.006111111111111111 0.016875
7 0.5572222222222222 0.44875 0.0044444444444444444 0.005
9 0.5044444444444445 0.413125 0.028888888888888888 0.00625
9 0.8297222222222222 0.3221875 0.03166666666666667 0.038125
9 0.8305555555555556 0.3503125 0.021111111111111112 0.016875
1 0.8561111111111112 0.4834375 0.06111111111111111 0.063125
2 0.36444444444444446 0.47125 0.03333333333333333 0.035
2 0.3347222222222222 0.4715625 0.04388888888888889 0.038125
2 0.40305555555555556 0.475 0.04611111111111111 0.04
2 0.47888888888888886 0.4746875 0.06666666666666667 0.065625
2 0.25222222222222224 0.4928125 0.14444444444444443 0.106875
2 0.005555555555555556 0.485 0.011111111111111112 0.04125
0 0.8572222222222222 0.46 0.043333333333333335 0.08875
