4 0.5784313725490197 0.4775390625 0.05392156862745098 0.0625
7 0.375 0.38525390625 0.017973856209150325 0.0439453125
7 0.7606209150326797 0.39794921875 0.016339869281045753 0.0458984375
7 0.7749183006535948 0.48583984375 0.007352941176470588 0.0185546875
7 0.4456699346405229 0.45361328125 0.005718954248366013 0.0185546875
7 0.4497549019607843 0.46826171875 0.005718954248366013 0.0087890625
7 0.4424019607843137 0.4677734375 0.005718954248366013 0.0078125
7 0.3901143790849673 0.4775390625 0.005718954248366013 0.021484375
9 0.7998366013071896 0.4560546875 0.00980392156862745 0.009765625
9 0.7994281045751634 0.4658203125 0.008986928104575163 0.005859375
9 0.7691993464052288 0.44482421875 0.007352941176470588 0.0146484375
9 0.7397875816993464 0.45849609375 0.018790849673202614 0.0087890625
9 0.7406045751633987 0.447265625 0.02042483660130719 0.013671875
9 0.7397875816993464 0.43115234375 0.01715686274509804 0.0185546875
9 0.863562091503268 0.5087890625 0.017973856209150325 0.0234375
9 0.6315359477124183 0.44677734375 0.024509803921568627 0.0400390625
9 0.6450163398692811 0.45361328125 0.010620915032679739 0.0126953125
9 0.6454248366013072 0.4638671875 0.008169934640522876 0.0078125
9 0.5608660130718954 0.44287109375 0.013888888888888888 0.0068359375
9 0.5584150326797386 0.44970703125 0.008986928104575163 0.0068359375
9 0.5571895424836601 0.45556640625 0.006535947712418301 0.0048828125
9 0.5228758169934641 0.4560546875 0.006535947712418301 0.00390625
9 0.5228758169934641 0.45947265625 0.006535947712418301 0.0029296875
0 0.920751633986928 0.5068359375 0.0196078431372549 0.044921875
0 0.7026143790849673 0.48779296875 0.008169934640522876 0.0322265625
0 0.696078431372549 0.49169921875 0.00980392156862745 0.0322265625
0 0.2099673202614379 0.5107421875 0.006535947712418301 0.02734375
1 0.9554738562091504 0.533203125 0.04493464052287582 0.056640625
1 0.9203431372549019 0.53857421875 0.051470588235294115 0.0322265625
2 0.7287581699346405 0.50048828125 0.0392156862745098 0.0341796875
2 0.6776960784313726 0.49267578125 0.03022875816993464 0.0302734375
2 0.6646241830065359 0.4931640625 0.013888888888888888 0.0234375
2 0.5347222222222222 0.482421875 0.013888888888888888 0.013671875
2 0.5465686274509803 0.486328125 0.016339869281045753 0.017578125
2 0.5718954248366013 0.52099609375 0.07352941176470588 0.0693359375
2 0.5175653594771242 0.48388671875 0.015522875816993464 0.0224609375
2 0.5008169934640523 0.490234375 0.03594771241830065 0.03125
2 0.45179738562091504 0.478515625 0.00980392156862745 0.009765625
2 0.4963235294117647 0.517578125 0.05310457516339869 0.05078125
2 0.3366013071895425 0.49755859375 0.03594771241830065 0.0224609375
2 0.3991013071895425 0.48291015625 0.012254901960784314 0.0126953125
2 0.49060457516339867 0.47900390625 0.012254901960784314 0.0126953125
