7 0.7626633986928104 0.39990234375 0.007352941176470588 0.0185546875
7 0.7647058823529411 0.4423828125 0.004901960784313725 0.015625
9 0.6944444444444444 0.4013671875 0.021241830065359478 0.009765625
9 0.7071078431372549 0.419921875 0.008986928104575163 0.009765625
9 0.7066993464052288 0.4267578125 0.008169934640522876 0.00390625
9 0.7075163398692811 0.43359375 0.008169934640522876 0.009765625
9 0.8043300653594772 0.42529296875 0.015522875816993464 0.0205078125
9 0.8035130718954249 0.40966796875 0.008986928104575163 0.0107421875
9 0.8374183006535948 0.44482421875 0.006535947712418301 0.0087890625
9 0.8819444444444444 0.38818359375 0.07107843137254902 0.0224609375
9 0.5077614379084967 0.4189453125 0.015522875816993464 0.0078125
9 0.508578431372549 0.42529296875 0.015522875816993464 0.0048828125
9 0.508578431372549 0.43115234375 0.015522875816993464 0.0048828125
9 0.508578431372549 0.4375 0.015522875816993464 0.005859375
9 0.49264705882352944 0.42626953125 0.008169934640522876 0.0087890625
9 0.49387254901960786 0.4384765625 0.007352941176470588 0.01171875
9 0.6482843137254902 0.435546875 0.007352941176470588 0.009765625
0 0.41911764705882354 0.466796875 0.00980392156862745 0.03125
3 0.2659313725490196 0.64208984375 0.15441176470588236 0.2314453125
2 0.5375816993464052 0.45947265625 0.017973856209150325 0.0185546875
2 0.5837418300653595 0.50732421875 0.10375816993464053 0.1103515625
2 0.6384803921568627 0.4755859375 0.05310457516339869 0.0546875
2 0.7062908496732027 0.46630859375 0.041666666666666664 0.0341796875
2 0.7377450980392157 0.46240234375 0.03431372549019608 0.0322265625
2 0.5706699346405228 0.44482421875 0.012254901960784314 0.0126953125
0 0.2647058823529412 0.5673828125 0.1111111111111111 0.228515625
14 0.47467320261437906 0.46337890625 0.04084967320261438 0.0400390625
14 0.4125816993464052 0.416015625 0.05228758169934641 0.12109375
