7 0.05908203125 0.4241536458333333 0.02734375 0.031901041666666664
7 0.748291015625 0.4182942708333333 0.02978515625 0.042317708333333336
7 0.609375 0.5400390625 0.015625 0.020182291666666668
7 0.572265625 0.5511067708333334 0.005859375 0.008463541666666666
7 0.431884765625 0.5384114583333334 0.01025390625 0.013020833333333334
7 0.51025390625 0.5517578125 0.0068359375 0.008463541666666666
7 0.526123046875 0.5475260416666666 0.00634765625 0.0078125
9 0.070556640625 0.5084635416666666 0.02880859375 0.06380208333333333
9 0.745849609375 0.5071614583333334 0.03369140625 0.06510416666666667
0 0.87939453125 0.6012369791666666 0.025390625 0.10481770833333333
0 0.926513671875 0.5966796875 0.02490234375 0.091796875
2 0.549560546875 0.5849609375 0.02392578125 0.030598958333333332
