7 0.7455555555555555 0.26625 0.03222222222222222 0.05875
7 0.46055555555555555 0.3259375 0.025555555555555557 0.028125
7 0.2872222222222222 0.4284375 0.006666666666666667 0.006875
7 0.7513888888888889 0.349375 0.01611111111111111 0.02875
9 0.7505555555555555 0.32125 0.03111111111111111 0.02375
9 0.8116666666666666 0.3334375 0.04111111111111111 0.016875
9 0.2902777777777778 0.421875 0.011666666666666667 0.005
9 0.7905555555555556 0.269375 0.011111111111111112 0.01125
9 0.45472222222222225 0.41625 0.011666666666666667 0.02
9 0.40194444444444444 0.38125 0.015 0.02125
9 0.4025 0.408125 0.008333333333333333 0.0125
9 0.3877777777777778 0.396875 0.006666666666666667 0.01
9 0.3877777777777778 0.4096875 0.008888888888888889 0.014375
0 0.7375 0.465 0.03944444444444444 0.155
0 0.6880555555555555 0.4634375 0.050555555555555555 0.164375
0 0.7711111111111111 0.4365625 0.023333333333333334 0.108125
0 0.4330555555555556 0.438125 0.01611111111111111 0.05375
2 0.04694444444444444 0.459375 0.08388888888888889 0.055
2 0.37083333333333335 0.454375 0.045 0.04375
