7 0.050833333333333335 0.4103125 0.009444444444444445 0.025625
7 0.0225 0.4396875 0.013888888888888888 0.016875
7 0.8827777777777778 0.351875 0.021111111111111112 0.02875
7 0.9672222222222222 0.338125 0.016666666666666666 0.03875
7 0.8286111111111111 0.41125 0.01611111111111111 0.015
7 0.8111111111111111 0.380625 0.008888888888888889 0.02375
7 0.6244444444444445 0.3975 0.012222222222222223 0.03125
7 0.24861111111111112 0.409375 0.012777777777777779 0.02875
9 0.8869444444444444 0.3103125 0.02722222222222222 0.029375
9 0.9769444444444444 0.3865625 0.013888888888888888 0.043125
9 0.25277777777777777 0.43625 0.013333333333333334 0.025
9 0.6205555555555555 0.426875 0.014444444444444444 0.02625
9 0.8333333333333334 0.3903125 0.022222222222222223 0.009375
9 0.04083333333333333 0.4396875 0.008333333333333333 0.031875
9 0.815 0.415625 0.006666666666666667 0.03375
0 0.015833333333333335 0.4953125 0.02722222222222222 0.124375
0 0.010833333333333334 0.500625 0.021666666666666667 0.1175
0 0.29138888888888886 0.48125 0.019444444444444445 0.0525
1 0.8308333333333333 0.488125 0.045 0.055
2 0.5066666666666667 0.4946875 0.2311111111111111 0.233125
2 0.36916666666666664 0.4784375 0.03944444444444444 0.038125
0 0.8338888888888889 0.466875 0.035555555555555556 0.07875
