4 0.5490196078431373 0.48583984375 0.026143790849673203 0.0380859375
7 0.190359477124183 0.478515625 0.0032679738562091504 0.015625
7 0.18586601307189543 0.4775390625 0.004084967320261438 0.015625
7 0.7508169934640523 0.447265625 0.008169934640522876 0.03125
7 0.5866013071895425 0.48388671875 0.0032679738562091504 0.0107421875
9 0.20179738562091504 0.48779296875 0.00980392156862745 0.0126953125
9 0.24632352941176472 0.4736328125 0.008986928104575163 0.009765625
9 0.24632352941176472 0.4833984375 0.008986928104575163 0.009765625
9 0.24632352941176472 0.4921875 0.007352941176470588 0.0078125
9 0.6388888888888888 0.474609375 0.006535947712418301 0.0078125
0 0.5494281045751634 0.4853515625 0.01715686274509804 0.03515625
0 0.06454248366013073 0.5205078125 0.011437908496732025 0.03515625
0 0.07475490196078431 0.53955078125 0.025326797385620915 0.0478515625
0 0.1474673202614379 0.52099609375 0.008986928104575163 0.0283203125
0 0.15727124183006536 0.52197265625 0.008986928104575163 0.0322265625
0 0.19934640522875818 0.5205078125 0.00980392156862745 0.033203125
0 0.10661764705882353 0.517578125 0.005718954248366013 0.017578125
0 0.12009803921568628 0.5166015625 0.006535947712418301 0.0234375
0 0.22589869281045752 0.515625 0.008986928104575163 0.015625
0 0.29901960784313725 0.51416015625 0.008169934640522876 0.0185546875
0 0.27001633986928103 0.51611328125 0.007352941176470588 0.0224609375
0 0.3227124183006536 0.51318359375 0.004901960784313725 0.0185546875
0 0.8529411764705882 0.50244140625 0.006535947712418301 0.0126953125
0 0.7369281045751634 0.5146484375 0.013071895424836602 0.052734375
0 0.7279411764705882 0.5166015625 0.011437908496732025 0.048828125
0 0.7185457516339869 0.51904296875 0.010620915032679739 0.0478515625
2 0.3991013071895425 0.54638671875 0.07598039215686274 0.0771484375
2 0.4383169934640523 0.52294921875 0.04820261437908497 0.0556640625
2 0.460375816993464 0.51708984375 0.013888888888888888 0.0400390625
2 0.5089869281045751 0.546875 0.10457516339869281 0.126953125
2 0.5735294117647058 0.52392578125 0.03758169934640523 0.0400390625
2 0.6768790849673203 0.52685546875 0.07434640522875817 0.0693359375
