7 0.273828125 0.4306640625 0.00703125 0.0078125
7 0.272265625 0.44921875 0.00546875 0.005859375
7 0.30390625 0.3818359375 0.0109375 0.021484375
7 0.35859375 0.37451171875 0.0078125 0.0205078125
7 0.4109375 0.3896484375 0.00625 0.015625
7 0.449609375 0.390625 0.00703125 0.015625
7 0.51796875 0.4189453125 0.00625 0.0078125
7 0.5171875 0.4296875 0.0046875 0.0078125
7 0.555859375 0.41748046875 0.00546875 0.0087890625
9 0.078125 0.51318359375 0.03125 0.0361328125
9 0.13515625 0.52001953125 0.0125 0.0556640625
9 0.18125 0.4912109375 0.01875 0.0234375
9 0.1515625 0.47216796875 0.0078125 0.0087890625
9 0.23671875 0.4150390625 0.0234375 0.009765625
9 0.35078125 0.37255859375 0.009375 0.0126953125
9 0.4828125 0.40380859375 0.0171875 0.0087890625
9 0.615234375 0.42333984375 0.01171875 0.0244140625
9 0.715234375 0.3671875 0.05546875 0.056640625
9 0.350390625 0.46533203125 0.01015625 0.0126953125
9 0.4109375 0.4482421875 0.00625 0.009765625
9 0.492578125 0.4267578125 0.00546875 0.0078125
9 0.4921875 0.4326171875 0.003125 0.00390625
9 0.351953125 0.42919921875 0.00546875 0.0068359375
2 0.27734375 0.4794921875 0.034375 0.025390625
2 0.444921875 0.42333984375 0.00859375 0.0087890625
2 0.44453125 0.43603515625 0.0109375 0.0107421875
8 0.54765625 0.4638671875 0.0046875 0.01171875
9 0.669921875 0.4150390625 0.02734375 0.037109375
8 0.680859375 0.51025390625 0.01484375 0.0185546875
