7 0.32083333333333336 0.4321875 0.006111111111111111 0.015625
7 0.3202777777777778 0.4484375 0.006111111111111111 0.005625
7 0.2822222222222222 0.4275 0.0077777777777777776 0.01875
7 0.28194444444444444 0.4484375 0.006111111111111111 0.006875
7 0.41944444444444445 0.4421875 0.0022222222222222222 0.005625
7 0.49805555555555553 0.39375 0.005 0.015
7 0.5536111111111112 0.42625 0.005 0.015
7 0.5541666666666667 0.439375 0.006111111111111111 0.00625
9 0.5508333333333333 0.4053125 0.007222222222222222 0.005625
9 0.7986111111111112 0.365 0.01611111111111111 0.02625
2 0.08611111111111111 0.4984375 0.09444444444444444 0.060625
2 0.15527777777777776 0.4925 0.059444444444444446 0.04625
2 0.24555555555555555 0.47875 0.057777777777777775 0.04375
2 0.2847222222222222 0.4784375 0.028333333333333332 0.028125
2 0.31333333333333335 0.47125 0.05 0.02875
2 0.3636111111111111 0.4678125 0.018333333333333333 0.015625
2 0.41083333333333333 0.458125 0.011666666666666667 0.01
2 0.48694444444444446 0.4790625 0.10944444444444444 0.116875
2 0.5758333333333333 0.4715625 0.04388888888888889 0.036875
2 0.5436111111111112 0.4653125 0.021666666666666667 0.023125
2 0.9016666666666666 0.5278125 0.19666666666666666 0.183125
