7 0.463134765625 0.4541015625 0.01416015625 0.024088541666666668
7 0.553955078125 0.392578125 0.01220703125 0.0234375
7 0.63818359375 0.458984375 0.013671875 0.02734375
7 0.6669921875 0.4270833333333333 0.015625 0.02734375
9 0.61572265625 0.5042317708333334 0.0068359375 0.012369791666666666
0 0.248291015625 0.5188802083333334 0.01416015625 0.044270833333333336
0 0.484130859375 0.5442708333333334 0.01806640625 0.059895833333333336
0 0.435791015625 0.5257161458333334 0.00634765625 0.022786458333333332
0 0.777099609375 0.5445963541666666 0.01416015625 0.060546875
0 0.81396484375 0.5423177083333334 0.021484375 0.05078125
0 0.896240234375 0.5341796875 0.03271484375 0.059244791666666664
0 0.92529296875 0.5279947916666666 0.025390625 0.0390625
1 0.099365234375 0.5738932291666666 0.04443359375 0.12174479166666667
1 0.1728515625 0.5764973958333334 0.037109375 0.087890625
1 0.2685546875 0.5768229166666666 0.0517578125 0.06901041666666667
1 0.21728515625 0.6334635416666666 0.0517578125 0.12890625
1 0.7763671875 0.611328125 0.029296875 0.0859375
1 0.738037109375 0.5843098958333334 0.04052734375 0.06966145833333333
1 0.818603515625 0.5963541666666666 0.04541015625 0.09244791666666667
2 0.8876953125 0.7197265625 0.1640625 0.357421875
0 0.21826171875 0.5885416666666666 0.05078125 0.18880208333333334
8 0.619873046875 0.5442708333333334 0.00830078125 0.018229166666666668
