4 0.5343137254901961 0.5029296875 0.03104575163398693 0.041015625
4 0.48937908496732024 0.498046875 0.016339869281045753 0.017578125
7 0.46977124183006536 0.48974609375 0.0032679738562091504 0.0048828125
7 0.5690359477124183 0.48486328125 0.004084967320261438 0.0048828125
9 0.30637254901960786 0.48193359375 0.013071895424836602 0.0146484375
9 0.30637254901960786 0.4677734375 0.013071895424836602 0.013671875
9 0.5849673202614379 0.47607421875 0.008169934640522876 0.0107421875
9 0.7246732026143791 0.41845703125 0.029411764705882353 0.0361328125
9 0.7242647058823529 0.44189453125 0.02696078431372549 0.0126953125
0 0.6262254901960784 0.51953125 0.012254901960784314 0.046875
0 0.75 0.509765625 0.029411764705882353 0.052734375
0 0.7896241830065359 0.53564453125 0.02696078431372549 0.0986328125
0 0.8186274509803921 0.53857421875 0.027777777777777776 0.0966796875
0 0.9121732026143791 0.572265625 0.04820261437908497 0.154296875
0 0.9616013071895425 0.58056640625 0.05065359477124183 0.1572265625
3 0.026143790849673203 0.609375 0.05228758169934641 0.142578125
3 0.054330065359477125 0.59326171875 0.07761437908496732 0.1162109375
3 0.08496732026143791 0.57421875 0.1323529411764706 0.126953125
3 0.14787581699346405 0.57568359375 0.08823529411764706 0.0849609375
3 0.18259803921568626 0.57177734375 0.05310457516339869 0.0810546875
3 0.2062908496732026 0.56787109375 0.04003267973856209 0.0751953125
3 0.22549019607843138 0.56103515625 0.032679738562091505 0.0732421875
3 0.2397875816993464 0.5576171875 0.03022875816993464 0.072265625
3 0.25735294117647056 0.5537109375 0.04084967320261438 0.0703125
2 0.2867647058823529 0.54345703125 0.05065359477124183 0.0615234375
2 0.3966503267973856 0.5703125 0.18709150326797386 0.19921875
2 0.5004084967320261 0.5224609375 0.03022875816993464 0.033203125
2 0.5134803921568627 0.5068359375 0.013888888888888888 0.01171875
2 0.4840686274509804 0.51513671875 0.013888888888888888 0.0185546875
2 0.5498366013071896 0.5166015625 0.032679738562091505 0.037109375
0 0.6621732026143791 0.5361328125 0.03349673202614379 0.1015625
0 0.5980392156862745 0.525390625 0.02287581699346405 0.0703125
14 0.6638071895424836 0.59130859375 0.015522875816993464 0.0185546875
14 0.6004901960784313 0.5634765625 0.013071895424836602 0.01171875
