9 0.8708333333333333 0.3803125 0.009444444444444445 0.026875
9 0.8313888888888888 0.33125 0.02388888888888889 0.03
9 0.8277777777777777 0.354375 0.03111111111111111 0.0175
9 0.34194444444444444 0.4159375 0.015 0.008125
9 0.3416666666666667 0.400625 0.01888888888888889 0.02125
9 0.6536111111111111 0.3115625 0.03944444444444444 0.023125
9 0.6538888888888889 0.2690625 0.051111111111111114 0.056875
0 0.8275 0.4759375 0.02388888888888889 0.090625
1 0.48055555555555557 0.465625 0.017777777777777778 0.0225
2 0.2525 0.4575 0.058333333333333334 0.04625
2 0.1063888888888889 0.47375 0.2127777777777778 0.0875
2 0.42944444444444446 0.4625 0.057777777777777775 0.03875
2 0.605 0.4584375 0.12444444444444444 0.074375
2 0.7152777777777778 0.4678125 0.2061111111111111 0.083125
2 0.9269444444444445 0.4615625 0.03611111111111111 0.031875
0 0.4791666666666667 0.45625 0.015 0.0325
