7 0.9117647058823529 0.46826171875 0.00980392156862745 0.0283203125
7 0.9305555555555556 0.44287109375 0.016339869281045753 0.0361328125
7 0.8978758169934641 0.498046875 0.00980392156862745 0.015625
7 0.926062091503268 0.51318359375 0.005718954248366013 0.0126953125
7 0.10253267973856209 0.46142578125 0.012254901960784314 0.0146484375
9 0.681781045751634 0.46875 0.02369281045751634 0.029296875
9 0.6821895424836601 0.48779296875 0.0196078431372549 0.0107421875
9 0.6834150326797386 0.50048828125 0.018790849673202614 0.0126953125
9 0.5547385620915033 0.5068359375 0.008169934640522876 0.009765625
9 0.5551470588235294 0.51416015625 0.007352941176470588 0.0048828125
9 0.5555555555555556 0.5185546875 0.006535947712418301 0.00390625
0 0.0661764705882353 0.55908203125 0.017973856209150325 0.0576171875
0 0.11723856209150327 0.56103515625 0.013888888888888888 0.0517578125
0 0.26715686274509803 0.54931640625 0.008169934640522876 0.0361328125
0 0.25857843137254904 0.55078125 0.007352941176470588 0.029296875
0 0.3145424836601307 0.5498046875 0.008169934640522876 0.01953125
0 0.3206699346405229 0.54833984375 0.007352941176470588 0.0224609375
0 0.3459967320261438 0.548828125 0.008986928104575163 0.029296875
0 0.3602941176470588 0.5478515625 0.013071895424836602 0.03515625
0 0.6401143790849673 0.54736328125 0.012254901960784314 0.0478515625
0 0.9783496732026143 0.5830078125 0.031862745098039214 0.1015625
0 0.6719771241830066 0.54443359375 0.010620915032679739 0.0341796875
0 0.5183823529411765 0.5302734375 0.004084967320261438 0.017578125
0 0.10825163398692811 0.5595703125 0.010620915032679739 0.041015625
2 0.20955882352941177 0.58203125 0.09558823529411764 0.068359375
2 0.47058823529411764 0.53759765625 0.0196078431372549 0.0224609375
2 0.738562091503268 0.6484375 0.24836601307189543 0.1796875
0 0.13480392156862744 0.564453125 0.016339869281045753 0.05859375
