9 0.20222222222222222 0.370625 0.022222222222222223 0.03
0 0.9766666666666667 0.56375 0.04666666666666667 0.29625
6 0.3025 0.4278125 0.095 0.099375
2 0.9533333333333334 0.5228125 0.09333333333333334 0.133125
2 0.7383333333333333 0.49625 0.2722222222222222 0.10625
2 0.61 0.4928125 0.13 0.090625
2 0.24222222222222223 0.444375 0.03111111111111111 0.02375
2 0.22305555555555556 0.443125 0.03277777777777778 0.03
2 0.11 0.4459375 0.01888888888888889 0.026875
2 0.09388888888888888 0.4440625 0.024444444444444446 0.026875
2 0.07444444444444444 0.445625 0.034444444444444444 0.0275
2 0.03972222222222222 0.4415625 0.03277777777777778 0.040625
2 0.018333333333333333 0.4415625 0.03666666666666667 0.044375
