9 0.29527777777777775 0.4384375 0.008333333333333333 0.018125
0 0.015833333333333335 0.5090625 0.025 0.056875
0 0.04666666666666667 0.49875 0.035555555555555556 0.0775
0 0.0425 0.4996875 0.02722222222222222 0.071875
0 0.125 0.4971875 0.016666666666666666 0.055625
0 0.21555555555555556 0.4909375 0.015555555555555555 0.068125
2 0.7325 0.4928125 0.22166666666666668 0.161875
2 0.29888888888888887 0.488125 0.09222222222222222 0.0825
2 0.36444444444444446 0.4878125 0.05444444444444444 0.051875
2 0.4036111111111111 0.4909375 0.030555555555555555 0.031875
2 0.41694444444444445 0.48875 0.03166666666666667 0.035
2 0.43833333333333335 0.49 0.021111111111111112 0.03
2 0.4533333333333333 0.49375 0.013333333333333334 0.02125
2 0.4658333333333333 0.49375 0.013888888888888888 0.01875
2 0.59 0.4821875 0.04777777777777778 0.045625
2 0.5641666666666667 0.4915625 0.011666666666666667 0.020625
2 0.5566666666666666 0.4925 0.013333333333333334 0.01875
2 0.5286111111111111 0.4928125 0.017222222222222222 0.016875
2 0.495 0.4875 0.03 0.02875
