7 0.34833333333333333 0.4440625 0.0033333333333333335 0.006875
7 0.31527777777777777 0.4278125 0.002777777777777778 0.005625
7 0.2925 0.4265625 0.002777777777777778 0.006875
7 0.2902777777777778 0.4221875 0.002777777777777778 0.008125
7 0.25972222222222224 0.4246875 0.0038888888888888888 0.009375
7 0.24138888888888888 0.45125 0.0038888888888888888 0.01125
9 0.020277777777777777 0.43625 0.015 0.0075
9 0.02 0.4096875 0.025555555555555557 0.030625
9 0.26722222222222225 0.473125 0.008888888888888889 0.03125
9 0.42583333333333334 0.4284375 0.013888888888888888 0.016875
9 0.4875 0.4165625 0.017222222222222222 0.010625
9 0.48694444444444446 0.3890625 0.026111111111111113 0.031875
9 0.6458333333333334 0.3271875 0.030555555555555555 0.040625
9 0.47638888888888886 0.433125 0.007222222222222222 0.0075
9 0.29777777777777775 0.4265625 0.0044444444444444444 0.005625
0 0.8397222222222223 0.4471875 0.02277777777777778 0.065625
0 0.7555555555555555 0.4534375 0.024444444444444446 0.061875
0 0.6402777777777777 0.4559375 0.009444444444444445 0.039375
0 0.4386111111111111 0.4628125 0.008333333333333333 0.021875
0 0.43222222222222223 0.4628125 0.0077777777777777776 0.023125
2 0.7966666666666666 0.43625 0.017777777777777778 0.0075
2 0.7 0.44125 0.013333333333333334 0.0075
2 0.3641666666666667 0.46625 0.019444444444444445 0.0225
2 0.38305555555555554 0.4675 0.029444444444444443 0.02875
2 0.4063888888888889 0.4734375 0.041666666666666664 0.036875
2 0.34305555555555556 0.470625 0.03166666666666667 0.04375
2 0.30833333333333335 0.4871875 0.09 0.076875
2 0.24416666666666667 0.469375 0.018333333333333333 0.01875
2 0.20916666666666667 0.4721875 0.010555555555555556 0.018125
2 0.2038888888888889 0.474375 0.013333333333333334 0.02
2 0.195 0.47625 0.011111111111111112 0.02
2 0.1852777777777778 0.4759375 0.015 0.026875
2 0.1575 0.4834375 0.055 0.041875
