4 0.867919921875 0.4661458333333333 0.20361328125 0.18229166666666666
4 0.691162109375 0.5065104166666666 0.15087890625 0.10026041666666667
4 0.56103515625 0.513671875 0.080078125 0.109375
4 0.460205078125 0.5260416666666666 0.12158203125 0.05859375
0 0.765380859375 0.533203125 0.02587890625 0.11458333333333333
0 0.747802734375 0.541015625 0.02783203125 0.12109375
0 0.722412109375 0.5393880208333334 0.02685546875 0.111328125
0 0.105712890625 0.5745442708333334 0.01025390625 0.046223958333333336
0 0.111328125 0.58984375 0.013671875 0.06510416666666667
0 0.090087890625 0.5882161458333334 0.01904296875 0.068359375
2 0.916259765625 0.5146484375 0.10595703125 0.13606770833333334
2 0.468017578125 0.546875 0.04833984375 0.046875
2 0.380859375 0.5432942708333334 0.0322265625 0.024088541666666668
