9 0.7530555555555556 0.3353125 0.03944444444444444 0.036875
9 0.7538888888888889 0.363125 0.021111111111111112 0.01875
9 0.03777777777777778 0.4175 0.0077777777777777776 0.01375
9 0.38 0.45875 0.008888888888888889 0.01375
0 0.11555555555555555 0.454375 0.013333333333333334 0.0225
0 0.25472222222222224 0.4559375 0.007222222222222222 0.016875
2 0.6097222222222223 0.525625 0.31166666666666665 0.2125
2 0.48777777777777775 0.4615625 0.021111111111111112 0.025625
2 0.3238888888888889 0.48875 0.10444444444444445 0.0825
2 0.07444444444444444 0.501875 0.14888888888888888 0.095
2 0.45444444444444443 0.48 0.008888888888888889 0.00875
