1 0.9877777777777778 0.5571875 0.024444444444444446 0.069375
1 0.7016666666666667 0.5315625 0.18444444444444444 0.141875
1 0.41583333333333333 0.533125 0.12055555555555555 0.105
1 0.37805555555555553 0.523125 0.07944444444444444 0.085
1 0.2852777777777778 0.514375 0.04055555555555555 0.0675
1 0.20027777777777778 0.509375 0.03388888888888889 0.065
2 0.5713888888888888 0.4734375 0.07055555555555555 0.064375
2 0.5363888888888889 0.4734375 0.02277777777777778 0.041875
2 0.5269444444444444 0.47125 0.01611111111111111 0.035
2 0.52 0.470625 0.015555555555555555 0.03125
2 0.4961111111111111 0.471875 0.008888888888888889 0.0075
2 0.3458333333333333 0.4803125 0.03388888888888889 0.050625
2 0.24861111111111112 0.4746875 0.06944444444444445 0.070625
2 0.08277777777777778 0.4990625 0.16555555555555557 0.098125
0 0.6858333333333333 0.4878125 0.09055555555555556 0.204375
0 0.41055555555555556 0.4909375 0.07555555555555556 0.156875
0 0.37083333333333335 0.4703125 0.04611111111111111 0.139375
0 0.20305555555555554 0.4846875 0.03722222222222222 0.095625
0 0.285 0.4865625 0.04111111111111111 0.094375
