9 0.4550653594771242 0.4658203125 0.017973856209150325 0.021484375
9 0.5245098039215687 0.45654296875 0.00980392156862745 0.0126953125
9 0.5249183006535948 0.46484375 0.005718954248366013 0.005859375
9 0.5257352941176471 0.470703125 0.005718954248366013 0.005859375
9 0.5379901960784313 0.4794921875 0.008986928104575163 0.00390625
9 0.6568627450980392 0.42822265625 0.014705882352941176 0.0380859375
9 0.704248366013072 0.3955078125 0.016339869281045753 0.029296875
9 0.7062908496732027 0.41357421875 0.013888888888888888 0.0107421875
9 0.7450980392156863 0.4248046875 0.011437908496732025 0.013671875
9 0.7455065359477124 0.4375 0.005718954248366013 0.01171875
9 0.6299019607843137 0.46728515625 0.008169934640522876 0.0107421875
9 0.6029411764705882 0.4296875 0.008169934640522876 0.021484375
9 0.9538398692810458 0.3994140625 0.012254901960784314 0.015625
0 0.5134803921568627 0.50537109375 0.010620915032679739 0.0263671875
0 0.5216503267973857 0.50390625 0.008986928104575163 0.025390625
0 0.5310457516339869 0.50439453125 0.006535947712418301 0.0244140625
0 0.6437908496732027 0.49560546875 0.011437908496732025 0.0478515625
0 0.7177287581699346 0.474609375 0.018790849673202614 0.04296875
0 0.7426470588235294 0.47119140625 0.016339869281045753 0.0556640625
0 0.886437908496732 0.45361328125 0.0196078431372549 0.0556640625
0 0.9011437908496732 0.45263671875 0.017973856209150325 0.0478515625
0 0.9223856209150327 0.44970703125 0.02287581699346405 0.0439453125
0 0.9697712418300654 0.45703125 0.024509803921568627 0.080078125
0 0.9881535947712419 0.458984375 0.022058823529411766 0.095703125
3 0.3341503267973856 0.53173828125 0.006535947712418301 0.0126953125
2 0.021241830065359478 0.55029296875 0.042483660130718956 0.1083984375
2 0.056372549019607844 0.55712890625 0.0457516339869281 0.0654296875
2 0.17238562091503268 0.5732421875 0.15196078431372548 0.15234375
2 0.10825163398692811 0.556640625 0.04493464052287582 0.09375
2 0.24428104575163398 0.52685546875 0.042483660130718956 0.0439453125
2 0.2785947712418301 0.52685546875 0.03758169934640523 0.0322265625
2 0.43014705882352944 0.52880859375 0.11356209150326797 0.1220703125
2 0.4820261437908497 0.501953125 0.026143790849673203 0.037109375
2 0.5878267973856209 0.50732421875 0.1053921568627451 0.0888671875
0 0.3341503267973856 0.52587890625 0.006535947712418301 0.0107421875
