9 0.7158203125 0.490234375 0.013671875 0.029947916666666668
0 0.47802734375 0.5511067708333334 0.0244140625 0.068359375
0 0.700439453125 0.5804036458333334 0.03759765625 0.14388020833333334
0 0.741455078125 0.5787760416666666 0.05126953125 0.125
2 0.115966796875 0.6650390625 0.17138671875 0.22330729166666666
2 0.26318359375 0.5865885416666666 0.150390625 0.16145833333333334
2 0.3798828125 0.5755208333333334 0.0947265625 0.08854166666666667
2 0.426513671875 0.5572916666666666 0.06103515625 0.078125
2 0.4677734375 0.5598958333333334 0.0244140625 0.057291666666666664
2 0.51904296875 0.537109375 0.029296875 0.03515625
2 0.540283203125 0.5338541666666666 0.02099609375 0.028645833333333332
2 0.552734375 0.5338541666666666 0.0126953125 0.020833333333333332
2 0.8837890625 0.689453125 0.1708984375 0.2643229166666667
2 0.850830078125 0.62109375 0.14892578125 0.15364583333333334
2 0.77392578125 0.6087239583333334 0.099609375 0.1328125
2 0.67822265625 0.5660807291666666 0.0205078125 0.06705729166666667
2 0.676025390625 0.5504557291666666 0.03271484375 0.054036458333333336
2 0.65234375 0.5413411458333334 0.03125 0.037109375
2 0.630615234375 0.53125 0.01416015625 0.016927083333333332
2 0.916748046875 0.5244140625 0.05322265625 0.06705729166666667
