9 0.9452777777777778 0.3925 0.015 0.0375
9 0.6563888888888889 0.4721875 0.011666666666666667 0.009375
9 0.6525 0.4059375 0.021666666666666667 0.016875
9 0.6044444444444445 0.4096875 0.01 0.019375
9 0.5713888888888888 0.4371875 0.0038888888888888888 0.006875
9 0.5511111111111111 0.44 0.008888888888888889 0.01375
9 0.25305555555555553 0.44875 0.008333333333333333 0.01125
9 0.2536111111111111 0.433125 0.017222222222222222 0.01875
9 0.36444444444444446 0.4478125 0.014444444444444444 0.016875
0 0.6269444444444444 0.46125 0.017222222222222222 0.0425
0 0.0525 0.4865625 0.015 0.043125
0 0.37805555555555553 0.4609375 0.006111111111111111 0.015625
1 0.5386111111111112 0.47125 0.010555555555555556 0.01875
2 0.9027777777777778 0.4821875 0.19444444444444445 0.106875
2 0.5036111111111111 0.4790625 0.06722222222222222 0.056875
2 0.4002777777777778 0.4675 0.021666666666666667 0.0225
2 0.43083333333333335 0.464375 0.01611111111111111 0.02
2 0.445 0.466875 0.012222222222222223 0.01125
2 0.4558333333333333 0.4665625 0.012777777777777779 0.011875
0 0.5386111111111112 0.4634375 0.009444444444444445 0.031875
13 0.9869444444444444 0.5478125 0.026111111111111113 0.079375
