4 0.7859477124183006 0.36572265625 0.25163398692810457 0.2900390625
4 0.6013071895424836 0.3798828125 0.0915032679738562 0.1328125
0 0.39052287581699346 0.419921875 0.017973856209150325 0.068359375
0 0.3161764705882353 0.3916015625 0.017973856209150325 0.05078125
0 0.20915032679738563 0.44921875 0.058823529411764705 0.171875
0 0.1053921568627451 0.45654296875 0.04411764705882353 0.2412109375
0 0.0821078431372549 0.4716796875 0.051470588235294115 0.251953125
0 0.034722222222222224 0.48095703125 0.06944444444444445 0.2294921875
0 0.016748366013071895 0.37939453125 0.03349673202614379 0.0849609375
1 0.43709150326797386 0.42431640625 0.011437908496732025 0.0244140625
1 0.190359477124183 0.517578125 0.0915032679738562 0.16796875
3 0.5118464052287581 0.4287109375 0.02042483660130719 0.04296875
2 0.883578431372549 0.501953125 0.23284313725490197 0.16015625
2 0.6151960784313726 0.43408203125 0.08006535947712418 0.0751953125
2 0.5371732026143791 0.40771484375 0.015522875816993464 0.0166015625
2 0.49673202614379086 0.40185546875 0.008169934640522876 0.0107421875
0 0.8500816993464052 0.28857421875 0.015522875816993464 0.0166015625
0 0.5118464052287581 0.41943359375 0.02042483660130719 0.0341796875
