4 0.2741013071895425 0.47998046875 0.03676470588235294 0.0361328125
7 0.08292483660130719 0.42724609375 0.005718954248366013 0.0185546875
7 0.08088235294117647 0.47216796875 0.004901960784313725 0.0068359375
7 0.21323529411764705 0.4013671875 0.013071895424836602 0.041015625
7 0.24387254901960784 0.45751953125 0.004084967320261438 0.0087890625
7 0.18586601307189543 0.45947265625 0.0024509803921568627 0.0087890625
7 0.29248366013071897 0.4619140625 0.0032679738562091504 0.009765625
7 0.35049019607843135 0.4541015625 0.0032679738562091504 0.009765625
7 0.8513071895424836 0.4208984375 0.013071895424836602 0.04296875
7 0.7859477124183006 0.4521484375 0.008169934640522876 0.021484375
7 0.6041666666666666 0.39404296875 0.013888888888888888 0.0419921875
7 0.6008986928104575 0.49658203125 0.005718954248366013 0.0205078125
7 0.6589052287581699 0.45166015625 0.005718954248366013 0.0166015625
9 0.14297385620915032 0.44970703125 0.006535947712418301 0.0087890625
9 0.14256535947712418 0.4580078125 0.008986928104575163 0.005859375
9 0.2193627450980392 0.45361328125 0.02042483660130719 0.0302734375
9 0.306781045751634 0.4560546875 0.007352941176470588 0.0078125
9 0.30800653594771243 0.4638671875 0.006535947712418301 0.0078125
9 0.3084150326797386 0.470703125 0.005718954248366013 0.005859375
9 0.32189542483660133 0.4609375 0.006535947712418301 0.0078125
9 0.32230392156862747 0.466796875 0.005718954248366013 0.00390625
9 0.34681372549019607 0.46533203125 0.004084967320261438 0.0068359375
9 0.880718954248366 0.42529296875 0.017973856209150325 0.0244140625
9 0.8831699346405228 0.44921875 0.016339869281045753 0.0234375
9 0.8823529411764706 0.47265625 0.016339869281045753 0.0234375
9 0.8602941176470589 0.4560546875 0.026143790849673203 0.03125
9 0.8035130718954249 0.47607421875 0.008986928104575163 0.0146484375
9 0.7875816993464052 0.47119140625 0.006535947712418301 0.0166015625
9 0.7696078431372549 0.453125 0.02287581699346405 0.037109375
9 0.6834150326797386 0.44384765625 0.010620915032679739 0.0107421875
9 0.6821895424836601 0.45654296875 0.00980392156862745 0.0107421875
9 0.6821895424836601 0.46875 0.011437908496732025 0.013671875
9 0.6666666666666666 0.41455078125 0.00980392156862745 0.0126953125
9 0.6025326797385621 0.43896484375 0.02696078431372549 0.0322265625
9 0.5678104575163399 0.4794921875 0.006535947712418301 0.0078125
9 0.985702614379085 0.60498046875 0.028594771241830064 0.0673828125
0 0.23488562091503268 0.51220703125 0.02369281045751634 0.0751953125
0 0.027777777777777776 0.46630859375 0.008169934640522876 0.0380859375
0 0.14991830065359477 0.484375 0.007352941176470588 0.02734375
0 0.15359477124183007 0.48486328125 0.006535947712418301 0.0283203125
0 0.17116013071895425 0.48291015625 0.005718954248366013 0.0224609375
0 0.6744281045751634 0.4990234375 0.005718954248366013 0.01953125
0 0.6348039215686274 0.5 0.004901960784313725 0.017578125
0 0.6233660130718954 0.49951171875 0.004901960784313725 0.0185546875
0 0.5678104575163399 0.49853515625 0.004901960784313725 0.0166015625
0 0.6879084967320261 0.50048828125 0.004901960784313725 0.0166015625
0 0.18055555555555555 0.484375 0.004901960784313725 0.017578125
1 0.8214869281045751 0.52392578125 0.02696078431372549 0.0244140625
6 0.4624183006535948 0.46435546875 0.11601307189542484 0.1318359375
3 0.12173202614379085 0.63134765625 0.11601307189542484 0.1650390625
3 0.24836601307189543 0.5244140625 0.05718954248366013 0.048828125
3 0.25 0.51708984375 0.05718954248366013 0.0478515625
3 0.2295751633986928 0.5107421875 0.049019607843137254 0.05078125
3 0.058823529411764705 0.4990234375 0.042483660130718956 0.03515625
3 0.11070261437908496 0.50146484375 0.02369281045751634 0.0341796875
3 0.5351307189542484 0.50244140625 0.008169934640522876 0.0126953125
3 0.5232843137254902 0.498046875 0.007352941176470588 0.01171875
2 0.4338235294117647 0.6533203125 0.2761437908496732 0.255859375
2 0.5829248366013072 0.5859375 0.12990196078431374 0.126953125
2 0.37050653594771243 0.546875 0.14624183006535948 0.14453125
0 0.13480392156862744 0.587890625 0.08823529411764706 0.16796875
0 0.5355392156862745 0.49853515625 0.005718954248366013 0.0146484375
0 0.5232843137254902 0.4951171875 0.005718954248366013 0.013671875
0 0.8206699346405228 0.515625 0.01715686274509804 0.029296875
