7 0.4930555555555556 0.494140625 0.007352941176470588 0.013671875
7 0.1294934640522876 0.48486328125 0.005718954248366013 0.0166015625
7 0.15196078431372548 0.44580078125 0.014705882352941176 0.0419921875
7 0.1294934640522876 0.4453125 0.012254901960784314 0.04296875
7 0.1940359477124183 0.45361328125 0.008986928104575163 0.0107421875
9 0.0428921568627451 0.48974609375 0.013888888888888888 0.0166015625
9 0.255718954248366 0.49365234375 0.00980392156862745 0.0126953125
9 0.29248366013071897 0.47509765625 0.00980392156862745 0.0126953125
9 0.29248366013071897 0.48681640625 0.00980392156862745 0.0107421875
9 0.4526143790849673 0.48779296875 0.021241830065359478 0.0185546875
9 0.4709967320261438 0.4716796875 0.03676470588235294 0.015625
9 0.9697712418300654 0.46044921875 0.021241830065359478 0.0087890625
9 0.9697712418300654 0.451171875 0.021241830065359478 0.009765625
9 0.928921568627451 0.47802734375 0.011437908496732025 0.0126953125
9 0.9272875816993464 0.458984375 0.008169934640522876 0.015625
9 0.9023692810457516 0.47216796875 0.007352941176470588 0.0068359375
9 0.9023692810457516 0.47802734375 0.007352941176470588 0.0048828125
9 0.9023692810457516 0.482421875 0.007352941176470588 0.00390625
9 0.8018790849673203 0.48828125 0.007352941176470588 0.0078125
9 0.8018790849673203 0.49462890625 0.005718954248366013 0.0048828125
9 0.6875 0.47314453125 0.007352941176470588 0.0107421875
9 0.6879084967320261 0.48193359375 0.008169934640522876 0.0048828125
9 0.19158496732026145 0.4873046875 0.007352941176470588 0.021484375
0 0.39705882352941174 0.54296875 0.014705882352941176 0.0546875
0 0.4117647058823529 0.5341796875 0.017973856209150325 0.0625
0 0.17769607843137256 0.5283203125 0.008986928104575163 0.033203125
0 0.8872549019607843 0.50537109375 0.004901960784313725 0.0166015625
2 0.016748366013071895 0.55712890625 0.03349673202614379 0.0556640625
2 0.12867647058823528 0.54248046875 0.07761437908496732 0.0439453125
2 0.09068627450980392 0.5390625 0.027777777777777776 0.029296875
2 0.17279411764705882 0.533203125 0.012254901960784314 0.0234375
2 0.19281045751633988 0.529296875 0.024509803921568627 0.01953125
2 0.2099673202614379 0.5283203125 0.0196078431372549 0.017578125
2 0.23366013071895425 0.5302734375 0.029411764705882353 0.025390625
2 0.32189542483660133 0.521484375 0.07026143790849673 0.05078125
2 0.43504901960784315 0.51904296875 0.059640522875817 0.0380859375
2 0.6446078431372549 0.5341796875 0.10457516339869281 0.05078125
2 0.6915849673202614 0.533203125 0.041666666666666664 0.03515625
2 0.6940359477124183 0.5234375 0.09722222222222222 0.0390625
2 0.7418300653594772 0.51904296875 0.0718954248366013 0.0341796875
2 0.7675653594771242 0.5126953125 0.07598039215686274 0.037109375
2 0.8014705882352942 0.51171875 0.0392156862745098 0.02734375
2 0.9473039215686274 0.52685546875 0.0988562091503268 0.0595703125
