4 0.34 0.4603125 0.057777777777777775 0.059375
9 0.6263888888888889 0.3865625 0.018333333333333333 0.005625
9 0.6275 0.393125 0.0038888888888888888 0.005
2 0.04527777777777778 0.5225 0.09055555555555556 0.1275
2 0.18555555555555556 0.4971875 0.1111111111111111 0.088125
2 0.25194444444444447 0.4859375 0.059444444444444446 0.059375
2 0.3863888888888889 0.46625 0.021666666666666667 0.0175
2 0.4002777777777778 0.4621875 0.017222222222222222 0.014375
2 0.47055555555555556 0.4740625 0.10111111111111111 0.104375
2 0.42833333333333334 0.4503125 0.01 0.010625
