9 0.4986111111111111 0.45625 0.006111111111111111 0.0075
2 0.0961111111111111 0.5759375 0.1922222222222222 0.214375
2 0.64 0.5240625 0.14222222222222222 0.104375
2 0.5155555555555555 0.4865625 0.035555555555555556 0.034375
2 0.5075 0.480625 0.03611111111111111 0.0375
2 0.49166666666666664 0.4784375 0.011111111111111112 0.025625
2 0.485 0.4765625 0.0077777777777777776 0.018125
2 0.48194444444444445 0.47 0.011666666666666667 0.0125
2 0.47638888888888886 0.4653125 0.008333333333333333 0.008125
2 0.44555555555555554 0.47375 0.013333333333333334 0.0125
2 0.45666666666666667 0.4625 0.005555555555555556 0.005
2 0.4519444444444444 0.4625 0.0038888888888888888 0.005
2 0.44722222222222224 0.4625 0.005555555555555556 0.005
2 0.44222222222222224 0.4634375 0.0044444444444444444 0.005625
2 0.43444444444444447 0.4690625 0.013333333333333334 0.011875
2 0.41944444444444445 0.4753125 0.01 0.016875
2 0.3875 0.4803125 0.055 0.058125
2 0.37805555555555553 0.4940625 0.04388888888888889 0.048125
2 0.3325 0.4684375 0.041666666666666664 0.015625
2 0.3458333333333333 0.50375 0.0661111111111111 0.0625
2 0.2086111111111111 0.5128125 0.03833333333333333 0.071875
2 0.2697222222222222 0.5134375 0.11722222222222223 0.098125
2 0.1413888888888889 0.5059375 0.11944444444444445 0.100625
