9 0.5763888888888888 0.4865625 0.013888888888888888 0.024375
9 0.5961111111111111 0.4846875 0.013333333333333334 0.023125
9 0.11583333333333333 0.4028125 0.007222222222222222 0.026875
2 0.9566666666666667 0.6103125 0.08666666666666667 0.268125
2 0.8611111111111112 0.5365625 0.2777777777777778 0.234375
2 0.6938888888888889 0.493125 0.1622222222222222 0.16375
2 0.6155555555555555 0.5 0.04111111111111111 0.08
2 0.5469444444444445 0.4828125 0.028333333333333332 0.028125
2 0.5247222222222222 0.4809375 0.028333333333333332 0.026875
2 0.49805555555555553 0.4734375 0.021666666666666667 0.015625
2 0.4747222222222222 0.475625 0.017222222222222222 0.0125
2 0.45861111111111114 0.4790625 0.011666666666666667 0.010625
2 0.43805555555555553 0.473125 0.02388888888888889 0.025
2 0.425 0.48375 0.04777777777777778 0.03625
2 0.3925 0.48125 0.019444444444444445 0.02125
2 0.37333333333333335 0.4859375 0.03222222222222222 0.028125
2 0.21166666666666667 0.513125 0.0811111111111111 0.0825
2 0.11583333333333333 0.5221875 0.1438888888888889 0.128125
2 0.03333333333333333 0.5178125 0.06666666666666667 0.185625
