4 0.23937908496732027 0.4990234375 0.13071895424836602 0.076171875
4 0.33578431372549017 0.49755859375 0.06862745098039216 0.0576171875
7 0.6352124183006536 0.44287109375 0.005718954248366013 0.0087890625
7 0.5355392156862745 0.46728515625 0.004084967320261438 0.0048828125
9 0.5776143790849673 0.45166015625 0.014705882352941176 0.0205078125
9 0.5780228758169934 0.46533203125 0.010620915032679739 0.0068359375
9 0.5776143790849673 0.47412109375 0.011437908496732025 0.0107421875
9 0.6609477124183006 0.4345703125 0.04411764705882353 0.01171875
9 0.6421568627450981 0.4521484375 0.029411764705882353 0.009765625
9 0.747140522875817 0.4501953125 0.01715686274509804 0.021484375
9 0.747140522875817 0.46484375 0.01715686274509804 0.0078125
9 0.747140522875817 0.47216796875 0.01715686274509804 0.0068359375
0 0.9812091503267973 0.50634765625 0.017973856209150325 0.0322265625
0 0.8676470588235294 0.5078125 0.017973856209150325 0.0390625
0 0.7111928104575164 0.50732421875 0.012254901960784314 0.0458984375
0 0.5706699346405228 0.5234375 0.015522875816993464 0.0625
0 0.5825163398692811 0.52490234375 0.013071895424836602 0.0615234375
0 0.6205065359477124 0.5126953125 0.013888888888888888 0.046875
0 0.6356209150326797 0.50732421875 0.011437908496732025 0.0380859375
0 0.6560457516339869 0.51025390625 0.011437908496732025 0.0341796875
0 0.6658496732026143 0.5126953125 0.011437908496732025 0.041015625
0 0.6013071895424836 0.52001953125 0.016339869281045753 0.0458984375
0 0.024918300653594773 0.521484375 0.013888888888888888 0.044921875
0 0.16830065359477125 0.50634765625 0.00980392156862745 0.0205078125
0 0.1772875816993464 0.50634765625 0.00980392156862745 0.0244140625
0 0.5947712418300654 0.4853515625 0.0032679738562091504 0.01171875
1 0.622140522875817 0.5380859375 0.03022875816993464 0.037109375
1 0.6711601307189542 0.541015625 0.041666666666666664 0.0390625
1 0.7116013071895425 0.5380859375 0.049019607843137254 0.04296875
6 0.5453431372549019 0.48681640625 0.01715686274509804 0.0224609375
3 0.4910130718954248 0.498046875 0.004901960784313725 0.013671875
2 0.9726307189542484 0.5458984375 0.05473856209150327 0.08984375
2 0.13480392156862744 0.53271484375 0.09477124183006536 0.0478515625
2 0.2238562091503268 0.52978515625 0.08660130718954248 0.0458984375
2 0.3647875816993464 0.51513671875 0.04820261437908497 0.0400390625
2 0.4354575163398693 0.537109375 0.06045751633986928 0.064453125
2 0.4305555555555556 0.5048828125 0.029411764705882353 0.015625
2 0.4562908496732026 0.50537109375 0.025326797385620915 0.0244140625
2 0.3954248366013072 0.51123046875 0.027777777777777776 0.0341796875
2 0.5032679738562091 0.498046875 0.014705882352941176 0.013671875
2 0.5118464052287581 0.4970703125 0.010620915032679739 0.013671875
2 0.5616830065359477 0.49951171875 0.018790849673202614 0.0205078125
2 0.5637254901960784 0.48681640625 0.011437908496732025 0.0087890625
2 0.5531045751633987 0.48681640625 0.008169934640522876 0.0087890625
2 0.5853758169934641 0.47998046875 0.007352941176470588 0.0068359375
