7 0.5447222222222222 0.4415625 0.0038888888888888888 0.011875
9 0.23583333333333334 0.38875 0.013888888888888888 0.02375
9 0.6275 0.4303125 0.007222222222222222 0.011875
9 0.6436111111111111 0.435 0.007222222222222222 0.005
9 0.8191666666666667 0.458125 0.011666666666666667 0.025
9 0.7786111111111111 0.466875 0.008333333333333333 0.025
9 0.9922222222222222 0.4575 0.015555555555555555 0.035
0 0.08583333333333333 0.4765625 0.028333333333333332 0.101875
2 0.03861111111111111 0.5665625 0.07722222222222222 0.264375
2 0.36277777777777775 0.4790625 0.052222222222222225 0.045625
2 0.38861111111111113 0.4775 0.018333333333333333 0.03625
2 0.4197222222222222 0.4759375 0.011666666666666667 0.014375
2 0.45305555555555554 0.475625 0.059444444444444446 0.0625
2 0.5008333333333334 0.475625 0.04055555555555555 0.04125
2 0.5722222222222222 0.48875 0.08333333333333333 0.0675
2 0.6213888888888889 0.484375 0.042777777777777776 0.05
2 0.9388888888888889 0.4965625 0.12222222222222222 0.051875
2 0.9213888888888889 0.48625 0.12055555555555555 0.0525
2 0.7105555555555556 0.4625 0.06444444444444444 0.0175
2 0.8413888888888889 0.47 0.06055555555555556 0.02125
2 0.8380555555555556 0.4859375 0.05611111111111111 0.039375
