7 0.20527777777777778 0.4040625 0.012777777777777779 0.035625
7 0.5305555555555556 0.4053125 0.01 0.026875
7 0.44055555555555553 0.369375 0.012222222222222223 0.03125
7 0.47555555555555556 0.415 0.0077777777777777776 0.02125
9 0.6519444444444444 0.3759375 0.04722222222222222 0.043125
0 0.125 0.4725 0.025555555555555557 0.045
0 0.6330555555555556 0.4590625 0.018333333333333333 0.066875
0 0.6616666666666666 0.4621875 0.014444444444444444 0.056875
0 0.6797222222222222 0.454375 0.018333333333333333 0.05
0 0.7269444444444444 0.4490625 0.026111111111111113 0.073125
0 0.7522222222222222 0.4578125 0.024444444444444446 0.073125
0 0.7886111111111112 0.4478125 0.02277777777777778 0.075625
0 0.975 0.470625 0.05 0.2
2 0.03777777777777778 0.499375 0.07555555555555556 0.115
2 0.21583333333333332 0.47875 0.09722222222222222 0.075
2 0.29333333333333333 0.4759375 0.058888888888888886 0.050625
2 0.35833333333333334 0.4621875 0.05 0.038125
2 0.4022222222222222 0.4671875 0.03777777777777778 0.036875
2 0.43694444444444447 0.45875 0.020555555555555556 0.01875
