9 0.3819444444444444 0.2646484375 0.04330065359477124 0.025390625
9 0.3852124183006536 0.2978515625 0.022058823529411766 0.01953125
9 0.2647058823529412 0.30224609375 0.016339869281045753 0.0166015625
9 0.2549019607843137 0.32568359375 0.008169934640522876 0.0185546875
9 0.2977941176470588 0.3017578125 0.015522875816993464 0.033203125
9 0.29411764705882354 0.310546875 0.017973856209150325 0.056640625
9 0.5486111111111112 0.376953125 0.022058823529411766 0.02734375
9 0.5878267973856209 0.3837890625 0.005718954248366013 0.0078125
9 0.8553921568627451 0.384765625 0.02287581699346405 0.0234375
0 0.3047385620915033 0.416015625 0.03758169934640523 0.115234375
0 0.6237745098039216 0.42041015625 0.008986928104575163 0.0244140625
2 0.7103758169934641 0.43701171875 0.04493464052287582 0.0419921875
2 0.7312091503267973 0.431640625 0.013071895424836602 0.025390625
2 0.7973856209150327 0.47021484375 0.10457516339869281 0.0732421875
