9 0.432421875 0.45068359375 0.00546875 0.0029296875
9 0.432421875 0.4443359375 0.00859375 0.009765625
9 0.55625 0.44287109375 0.00625 0.0029296875
9 0.555859375 0.43505859375 0.01015625 0.0126953125
0 0.996484375 0.44140625 0.00703125 0.03125
0 0.9796875 0.4326171875 0.00625 0.017578125
1 0.52265625 0.51220703125 0.0109375 0.0380859375
2 0.040234375 0.640625 0.08046875 0.232421875
2 0.1234375 0.599609375 0.16875 0.205078125
2 0.227734375 0.56298828125 0.09140625 0.1005859375
2 0.26875 0.5341796875 0.0875 0.103515625
2 0.316796875 0.53369140625 0.03671875 0.0673828125
2 0.33046875 0.5224609375 0.0578125 0.0625
2 0.3453125 0.51025390625 0.05625 0.0634765625
2 0.378515625 0.5048828125 0.03359375 0.044921875
2 0.399609375 0.49609375 0.02578125 0.041015625
2 0.412890625 0.48486328125 0.01953125 0.0244140625
2 0.4375 0.50244140625 0.0578125 0.0517578125
2 0.454296875 0.4853515625 0.04296875 0.052734375
2 0.504296875 0.4736328125 0.03046875 0.033203125
2 0.546875 0.47705078125 0.03125 0.0400390625
2 0.549609375 0.48681640625 0.01328125 0.0380859375
2 0.570703125 0.4931640625 0.04296875 0.072265625
2 0.608984375 0.51171875 0.08515625 0.09375
2 0.633984375 0.53466796875 0.07890625 0.0908203125
2 0.673046875 0.55126953125 0.10390625 0.1123046875
2 0.683984375 0.578125 0.08515625 0.13671875
2 0.728125 0.58984375 0.1015625 0.1796875
2 0.848046875 0.68212890625 0.30390625 0.4150390625
2 0.691015625 0.4609375 0.07421875 0.029296875
2 0.606640625 0.46484375 0.02265625 0.015625
2 0.642578125 0.4609375 0.03359375 0.021484375
2 0.525 0.4619140625 0.015625 0.013671875
0 0.52265625 0.498046875 0.01875 0.05859375
