2 0.884765625 0.642578125 0.166015625 0.2760416666666667
2 0.05810546875 0.5416666666666666 0.0537109375 0.08203125
2 0.0810546875 0.5315755208333334 0.0986328125 0.09440104166666667
2 0.135498046875 0.5400390625 0.05126953125 0.07877604166666667
2 0.1640625 0.5305989583333334 0.099609375 0.08203125
2 0.265625 0.5367838541666666 0.1083984375 0.06315104166666667
2 0.300048828125 0.5244140625 0.08447265625 0.056640625
2 0.396240234375 0.5302734375 0.07275390625 0.039713541666666664
2 0.433837890625 0.5299479166666666 0.03466796875 0.037760416666666664
2 0.521484375 0.5263671875 0.0263671875 0.020182291666666668
2 0.798095703125 0.6139322916666666 0.07861328125 0.1640625
2 0.665771484375 0.5582682291666666 0.05322265625 0.060546875
2 0.711669921875 0.578125 0.05810546875 0.09244791666666667
2 0.755859375 0.5950520833333334 0.083984375 0.11848958333333333
2 0.585205078125 0.5296223958333334 0.03173828125 0.038411458333333336
2 0.634521484375 0.5419921875 0.02783203125 0.056640625
2 0.615234375 0.537109375 0.015625 0.036458333333333336
2 0.47265625 0.5266927083333334 0.03515625 0.02734375
2 0.5361328125 0.5240885416666666 0.0107421875 0.015625
2 0.544189453125 0.5231119791666666 0.00927734375 0.013671875
2 0.549560546875 0.51953125 0.00927734375 0.010416666666666666
2 0.555419921875 0.5169270833333334 0.00634765625 0.010416666666666666
