7 0.3630555555555556 0.421875 0.009444444444444445 0.0225
7 0.5316666666666666 0.420625 0.0077777777777777776 0.01875
7 0.6736111111111112 0.3609375 0.015 0.043125
7 0.13833333333333334 0.3575 0.015555555555555555 0.055
9 0.25305555555555553 0.3815625 0.020555555555555556 0.031875
9 0.2127777777777778 0.396875 0.012222222222222223 0.0225
0 0.4152777777777778 0.4634375 0.009444444444444445 0.028125
0 0.16472222222222221 0.463125 0.013888888888888888 0.02375
0 0.22555555555555556 0.4584375 0.0077777777777777776 0.028125
0 0.23777777777777778 0.460625 0.012222222222222223 0.02375
0 0.7313888888888889 0.464375 0.028333333333333332 0.09625
0 0.8105555555555556 0.5934375 0.3788888888888889 0.813125
0 0.9822222222222222 0.4496875 0.015555555555555555 0.063125
0 0.9577777777777777 0.45125 0.011111111111111112 0.055
1 0.5019444444444444 0.4653125 0.009444444444444445 0.018125
2 0.4483333333333333 0.456875 0.013333333333333334 0.01375
2 0.43083333333333335 0.4578125 0.026111111111111113 0.026875
2 0.4716666666666667 0.465625 0.03777777777777778 0.04125
2 0.4911111111111111 0.4571875 0.013333333333333334 0.013125
0 0.5019444444444444 0.4565625 0.009444444444444445 0.024375
