9 0.6977777777777778 0.4128125 0.01 0.018125
2 0.0825 0.4853125 0.16277777777777777 0.131875
2 0.5602777777777778 0.4778125 0.04833333333333333 0.040625
2 0.5025 0.4715625 0.021666666666666667 0.016875
2 0.49416666666666664 0.4684375 0.019444444444444445 0.016875
2 0.4786111111111111 0.4675 0.013888888888888888 0.01375
2 0.4572222222222222 0.46375 0.006666666666666667 0.0075
2 0.39666666666666667 0.4696875 0.012222222222222223 0.013125
2 0.38472222222222224 0.4715625 0.015 0.014375
2 0.3680555555555556 0.4725 0.02277777777777778 0.02125
2 0.3283333333333333 0.474375 0.02 0.01875
2 0.31777777777777777 0.4784375 0.02 0.016875
8 0.7966666666666666 0.510625 0.01888888888888889 0.03875
