7 0.4583333333333333 0.36474609375 0.004901960784313725 0.0048828125
9 0.460375816993464 0.3701171875 0.012254901960784314 0.009765625
0 0.2479575163398693 0.42236328125 0.02369281045751634 0.0830078125
0 0.3112745098039216 0.4365234375 0.02287581699346405 0.08984375
2 0.5098039215686274 0.435546875 0.08006535947712418 0.08203125
2 0.3145424836601307 0.4365234375 0.09640522875816994 0.076171875
2 0.3590686274509804 0.42138671875 0.06781045751633986 0.0693359375
2 0.3954248366013072 0.4208984375 0.03104575163398693 0.052734375
2 0.4170751633986928 0.412109375 0.03676470588235294 0.03515625
2 0.4456699346405229 0.41064453125 0.025326797385620915 0.0244140625
2 0.46405228758169936 0.40771484375 0.017973856209150325 0.0244140625
2 0.4783496732026144 0.40576171875 0.015522875816993464 0.0244140625
2 0.6143790849673203 0.42626953125 0.07516339869281045 0.0673828125
2 0.5821078431372549 0.41748046875 0.025326797385620915 0.0517578125
2 0.5694444444444444 0.4111328125 0.03758169934640523 0.0390625
2 0.5518790849673203 0.40869140625 0.013888888888888888 0.0283203125
2 0.5433006535947712 0.40380859375 0.013071895424836602 0.0205078125
2 0.5277777777777778 0.392578125 0.013071895424836602 0.009765625
2 0.5383986928104575 0.392578125 0.011437908496732025 0.0078125
2 0.5187908496732027 0.392578125 0.008169934640522876 0.0078125
2 0.48284313725490197 0.390625 0.00980392156862745 0.009765625
2 0.4881535947712418 0.3896484375 0.004084967320261438 0.0078125
2 0.49550653594771243 0.392578125 0.007352941176470588 0.005859375
2 0.4910130718954248 0.38623046875 0.004901960784313725 0.0068359375
2 0.502859477124183 0.39111328125 0.008986928104575163 0.0068359375
2 0.5134803921568627 0.3916015625 0.005718954248366013 0.005859375
2 0.505718954248366 0.3876953125 0.006535947712418301 0.005859375
2 0.9203431372549019 0.462890625 0.09395424836601307 0.0625
2 0.8198529411764706 0.4404296875 0.0661764705882353 0.044921875
2 0.764297385620915 0.43310546875 0.049836601307189546 0.0341796875
2 0.7344771241830066 0.4287109375 0.027777777777777776 0.025390625
2 0.7165032679738562 0.42822265625 0.024509803921568627 0.0224609375
2 0.7038398692810458 0.423828125 0.025326797385620915 0.0234375
2 0.6793300653594772 0.419921875 0.025326797385620915 0.021484375
2 0.6560457516339869 0.4130859375 0.024509803921568627 0.03125
