9 0.15 0.284375 0.04 0.01625
9 0.14972222222222223 0.320625 0.03611111111111111 0.0425
9 0.14944444444444444 0.3496875 0.02666666666666667 0.015625
2 0.2544444444444444 0.4365625 0.08 0.060625
2 0.3063888888888889 0.43125 0.04722222222222222 0.05
2 0.3325 0.428125 0.029444444444444443 0.04375
2 0.3438888888888889 0.4228125 0.03222222222222222 0.040625
2 0.38166666666666665 0.41375 0.034444444444444444 0.0325
2 0.4494444444444444 0.4075 0.016666666666666666 0.015
2 0.5369444444444444 0.418125 0.04833333333333333 0.04625
2 0.5158333333333334 0.4109375 0.030555555555555555 0.035625
2 0.49833333333333335 0.41 0.015555555555555555 0.02625
2 0.4905555555555556 0.40625 0.012222222222222223 0.01875
2 0.4811111111111111 0.406875 0.01 0.01125
2 0.4011111111111111 0.414375 0.01 0.02
2 0.4058333333333333 0.41 0.020555555555555556 0.025
2 0.4230555555555556 0.4065625 0.013888888888888888 0.018125
2 0.43444444444444447 0.405 0.013333333333333334 0.015
