7 0.7156862745098039 0.388671875 0.017973856209150325 0.056640625
7 0.5355392156862745 0.1572265625 0.02369281045751634 0.072265625
7 0.5845588235294118 0.4267578125 0.005718954248366013 0.015625
7 0.4068627450980392 0.3681640625 0.006535947712418301 0.01953125
7 0.3909313725490196 0.43310546875 0.008986928104575163 0.0048828125
7 0.7091503267973857 0.48779296875 0.006535947712418301 0.0263671875
7 0.5845588235294118 0.466796875 0.004084967320261438 0.01171875
9 0.09681372549019608 0.5 0.02369281045751634 0.09375
0 0.5702614379084967 0.45947265625 0.0196078431372549 0.0224609375
6 0.5163398692810458 0.46044921875 0.0457516339869281 0.0556640625
2 0.4758986928104575 0.4697265625 0.010620915032679739 0.009765625
2 0.4636437908496732 0.47119140625 0.005718954248366013 0.0068359375
2 0.45465686274509803 0.46826171875 0.012254901960784314 0.0126953125
2 0.440359477124183 0.47216796875 0.011437908496732025 0.0224609375
2 0.4256535947712418 0.474609375 0.024509803921568627 0.02734375
2 0.3880718954248366 0.46875 0.0196078431372549 0.015625
2 0.37663398692810457 0.46826171875 0.013071895424836602 0.0126953125
14 0.5355392156862745 0.46875 0.041666666666666664 0.06640625
