9 0.30916666666666665 0.3509375 0.012777777777777779 0.016875
9 0.2947222222222222 0.3615625 0.006111111111111111 0.011875
9 0.6083333333333333 0.388125 0.01 0.0125
9 0.6394444444444445 0.365625 0.024444444444444446 0.0075
9 0.9455555555555556 0.3940625 0.04 0.021875
9 0.9475 0.335625 0.04055555555555555 0.05125
9 0.9694444444444444 0.24 0.06111111111111111 0.14375
9 0.9852777777777778 0.3609375 0.029444444444444443 0.085625
0 0.6038888888888889 0.43625 0.014444444444444444 0.05625
2 0.36083333333333334 0.389375 0.041666666666666664 0.04125
2 0.46166666666666667 0.3990625 0.05 0.031875
2 0.7133333333333334 0.3740625 0.015555555555555555 0.013125
