0 0.013055555555555556 0.4596875 0.010555555555555556 0.029375
0 0.8941666666666667 0.4603125 0.010555555555555556 0.024375
0 0.8838888888888888 0.4728125 0.012222222222222223 0.024375
1 0.2475 0.5034375 0.029444444444444443 0.050625
1 0.2713888888888889 0.5009375 0.021666666666666667 0.040625
1 0.2897222222222222 0.5015625 0.025 0.049375
1 0.3063888888888889 0.49625 0.015 0.03875
1 0.35694444444444445 0.4915625 0.020555555555555556 0.035625
1 0.3713888888888889 0.48875 0.010555555555555556 0.025
1 0.3861111111111111 0.480625 0.012222222222222223 0.0175
1 0.39666666666666667 0.4803125 0.008888888888888889 0.016875
1 0.40805555555555556 0.48125 0.012777777777777779 0.02125
1 0.4230555555555556 0.4771875 0.009444444444444445 0.016875
2 0.03777777777777778 0.459375 0.07555555555555556 0.02625
2 0.19166666666666668 0.489375 0.09888888888888889 0.065
2 0.3794444444444444 0.471875 0.023333333333333334 0.02
2 0.45555555555555555 0.473125 0.034444444444444444 0.01625
2 0.4736111111111111 0.4725 0.007222222222222222 0.01125
2 0.4866666666666667 0.4765625 0.0077777777777777776 0.006875
2 0.5344444444444445 0.4746875 0.052222222222222225 0.049375
2 0.5105555555555555 0.475625 0.014444444444444444 0.03125
2 0.505 0.4753125 0.013333333333333334 0.030625
2 0.5008333333333334 0.4740625 0.011666666666666667 0.026875
0 0.2511111111111111 0.4853125 0.035555555555555556 0.074375
0 0.26944444444444443 0.479375 0.02 0.05875
0 0.2866666666666667 0.481875 0.03 0.0825
0 0.30527777777777776 0.476875 0.02388888888888889 0.055
0 0.3591666666666667 0.475 0.020555555555555556 0.05
0 0.37222222222222223 0.47875 0.013333333333333334 0.03125
0 0.3861111111111111 0.4725 0.011111111111111112 0.02625
0 0.3958333333333333 0.4725 0.008333333333333333 0.02125
0 0.4088888888888889 0.4715625 0.013333333333333334 0.033125
0 0.4230555555555556 0.468125 0.010555555555555556 0.02375
8 0.006111111111111111 0.5171875 0.012222222222222223 0.038125
