7 0.26220703125 0.583984375 0.0078125 0.013020833333333334
7 0.337158203125 0.6077473958333334 0.01025390625 0.018880208333333332
7 0.5986328125 0.4967447916666667 0.015625 0.0234375
7 0.716064453125 0.568359375 0.01220703125 0.0234375
7 0.715087890625 0.6077473958333334 0.01220703125 0.020182291666666668
7 0.5224609375 0.5540364583333334 0.0126953125 0.015625
9 0.386474609375 0.447265625 0.01806640625 0.0234375
9 0.411376953125 0.5087890625 0.00927734375 0.018880208333333332
0 0.210205078125 0.6477864583333334 0.01513671875 0.0625
0 0.292236328125 0.6565755208333334 0.01708984375 0.051432291666666664
0 0.2724609375 0.6490885416666666 0.0234375 0.061197916666666664
0 0.387451171875 0.6481119791666666 0.01904296875 0.056640625
0 0.415283203125 0.6223958333333334 0.01416015625 0.05078125
2 0.59716796875 0.6643880208333334 0.0888671875 0.095703125
2 0.489501953125 0.6412760416666666 0.07177734375 0.05859375
2 0.543212890625 0.6429036458333334 0.02490234375 0.026692708333333332
2 0.636474609375 0.63671875 0.02197265625 0.036458333333333336
