9 0.4836111111111111 0.3346875 0.050555555555555555 0.013125
9 0.5613888888888889 0.3453125 0.017222222222222222 0.020625
0 0.5855555555555556 0.41 0.013333333333333334 0.015
0 0.5983333333333334 0.408125 0.012222222222222223 0.01625
0 0.6113888888888889 0.415 0.012777777777777779 0.02
0 0.48055555555555557 0.443125 0.008888888888888889 0.02125
0 0.2638888888888889 0.384375 0.0033333333333333335 0.01
0 0.2602777777777778 0.3859375 0.0038888888888888888 0.011875
1 0.4247222222222222 0.39875 0.006111111111111111 0.0125
1 0.4216666666666667 0.4178125 0.0044444444444444444 0.010625
1 0.4386111111111111 0.4196875 0.006111111111111111 0.010625
1 0.46166666666666667 0.438125 0.006666666666666667 0.0125
2 0.30944444444444447 0.3803125 0.014444444444444444 0.013125
2 0.3883333333333333 0.3696875 0.012222222222222223 0.008125
2 0.39194444444444443 0.3796875 0.012777777777777779 0.011875
2 0.37694444444444447 0.389375 0.017222222222222222 0.0175
2 0.4013888888888889 0.395 0.018333333333333333 0.0175
2 0.3811111111111111 0.4309375 0.03 0.020625
2 0.37666666666666665 0.4584375 0.04666666666666667 0.043125
2 0.4608333333333333 0.4746875 0.06166666666666667 0.053125
2 0.19 0.479375 0.08 0.0675
2 0.028333333333333332 0.491875 0.056666666666666664 0.0775
2 0.9330555555555555 0.266875 0.049444444444444444 0.0225
2 0.9794444444444445 0.256875 0.04111111111111111 0.035
0 0.4247222222222222 0.394375 0.006111111111111111 0.01375
0 0.4216666666666667 0.411875 0.0044444444444444444 0.015
0 0.4386111111111111 0.414375 0.006111111111111111 0.01375
0 0.46166666666666667 0.43125 0.006666666666666667 0.01875
