9 0.49444444444444446 0.4425 0.006666666666666667 0.01
9 0.49472222222222223 0.45 0.002777777777777778 0.005
9 0.14833333333333334 0.4275 0.022222222222222223 0.02625
9 0.1486111111111111 0.445625 0.006111111111111111 0.01
1 0.6794444444444444 0.4940625 0.03222222222222222 0.060625
1 0.5952777777777778 0.50125 0.030555555555555555 0.06125
2 0.4386111111111111 0.473125 0.020555555555555556 0.0225
2 0.41555555555555557 0.475 0.03222222222222222 0.0325
2 0.3605555555555556 0.4825 0.04777777777777778 0.04
0 0.6794444444444444 0.4746875 0.03111111111111111 0.076875
0 0.5958333333333333 0.479375 0.03166666666666667 0.0775
