7 0.2536111111111111 0.3571875 0.012777777777777779 0.036875
7 0.2475 0.410625 0.013888888888888888 0.01625
7 0.33111111111111113 0.380625 0.0077777777777777776 0.02625
7 0.3838888888888889 0.4225 0.01 0.01125
7 0.38916666666666666 0.3896875 0.008333333333333333 0.026875
7 0.6836111111111111 0.401875 0.009444444444444445 0.0275
7 0.7733333333333333 0.3971875 0.01 0.025625
7 0.8322222222222222 0.4209375 0.013333333333333334 0.019375
9 0.7855555555555556 0.4228125 0.011111111111111112 0.014375
9 0.8475 0.41625 0.017222222222222222 0.01125
9 0.8413888888888889 0.460625 0.010555555555555556 0.0225
0 0.28305555555555556 0.460625 0.01611111111111111 0.045
2 0.043611111111111114 0.605625 0.08722222222222223 0.23875
2 0.15555555555555556 0.45875 0.12444444444444444 0.055
2 0.48944444444444446 0.4884375 0.09555555555555556 0.088125
2 0.5747222222222222 0.4821875 0.03833333333333333 0.038125
2 0.6494444444444445 0.48125 0.13 0.115
8 0.39555555555555555 0.473125 0.008888888888888889 0.0225
8 0.9577777777777777 0.5090625 0.011111111111111112 0.031875
