7 0.2834967320261438 0.177734375 0.03104575163398693 0.080078125
7 0.24918300653594772 0.12744140625 0.049019607843137254 0.1708984375
7 0.9023692810457516 0.2724609375 0.03839869281045752 0.10546875
7 0.8827614379084967 0.263671875 0.02369281045751634 0.126953125
7 0.13031045751633988 0.28857421875 0.018790849673202614 0.0283203125
9 0.19240196078431374 0.15869140625 0.01715686274509804 0.1044921875
9 0.2761437908496732 0.40625 0.024509803921568627 0.009765625
9 0.2769607843137255 0.39501953125 0.026143790849673203 0.0126953125
9 0.2757352941176471 0.41943359375 0.025326797385620915 0.0185546875
9 0.6527777777777778 0.44970703125 0.013071895424836602 0.0146484375
9 0.8611111111111112 0.482421875 0.013071895424836602 0.03125
9 0.6646241830065359 0.38671875 0.03022875816993464 0.03125
9 0.6070261437908496 0.4384765625 0.011437908496732025 0.01171875
0 0.4485294117647059 0.40869140625 0.006535947712418301 0.0283203125
0 0.9530228758169934 0.50439453125 0.0727124183006536 0.1982421875
