9 0.4019607843137255 0.4072265625 0.006535947712418301 0.0078125
9 0.3937908496732026 0.4091796875 0.00980392156862745 0.00390625
9 0.45383986928104575 0.439453125 0.007352941176470588 0.01171875
9 0.43300653594771243 0.4384765625 0.0196078431372549 0.0078125
9 0.3680555555555556 0.41650390625 0.018790849673202614 0.0224609375
9 0.39419934640522875 0.41845703125 0.02369281045751634 0.0166015625
9 0.5584150326797386 0.48046875 0.03349673202614379 0.017578125
9 0.2275326797385621 0.4599609375 0.013888888888888888 0.017578125
6 0.3872549019607843 0.45361328125 0.013071895424836602 0.0146484375
2 0.2630718954248366 0.47119140625 0.03104575163398693 0.0185546875
2 0.25531045751633985 0.47021484375 0.025326797385620915 0.0224609375
2 0.35375816993464054 0.48046875 0.03104575163398693 0.03125
2 0.38480392156862747 0.4951171875 0.058823529411764705 0.05078125
2 0.46854575163398693 0.49853515625 0.06944444444444445 0.0771484375
2 0.4456699346405229 0.45751953125 0.008986928104575163 0.0068359375
2 0.4579248366013072 0.4580078125 0.010620915032679739 0.0078125
2 0.37050653594771243 0.458984375 0.008986928104575163 0.009765625
