4 0.3729575163398693 0.509765625 0.028594771241830064 0.029296875
7 0.33455882352941174 0.478515625 0.005718954248366013 0.017578125
9 0.8080065359477124 0.3876953125 0.04084967320261438 0.052734375
9 0.2549019607843137 0.49658203125 0.013071895424836602 0.0126953125
0 0.9440359477124183 0.57666015625 0.04003267973856209 0.1162109375
0 0.9109477124183006 0.57861328125 0.026143790849673203 0.1064453125
0 0.8925653594771242 0.58251953125 0.03022875816993464 0.1220703125
0 0.8517156862745098 0.587890625 0.035130718954248366 0.1171875
0 0.7487745098039216 0.58251953125 0.02369281045751634 0.1337890625
0 0.701797385620915 0.595703125 0.03104575163398693 0.134765625
0 0.7291666666666666 0.5888671875 0.022058823529411766 0.123046875
0 0.6123366013071896 0.59765625 0.04003267973856209 0.14453125
0 0.2618464052287582 0.5302734375 0.007352941176470588 0.0234375
0 0.2361111111111111 0.53271484375 0.008169934640522876 0.0322265625
0 0.2222222222222222 0.5341796875 0.011437908496732025 0.03515625
0 0.6294934640522876 0.6513671875 0.07107843137254902 0.240234375
0 0.4861111111111111 0.650390625 0.14705882352941177 0.30859375
2 0.6560457516339869 0.572265625 0.15522875816993464 0.091796875
2 0.3562091503267974 0.58837890625 0.1111111111111111 0.1181640625
2 0.372140522875817 0.5263671875 0.028594771241830064 0.013671875
14 0.5351307189542484 0.51025390625 0.2222222222222222 0.2294921875
