4 0.5845588235294118 0.458984375 0.02042483660130719 0.037109375
9 0.5020424836601307 0.42138671875 0.051470588235294115 0.0205078125
9 0.45179738562091504 0.44873046875 0.011437908496732025 0.0126953125
9 0.559640522875817 0.42529296875 0.024509803921568627 0.0146484375
6 0.3611111111111111 0.46875 0.026143790849673203 0.03515625
6 0.6282679738562091 0.47021484375 0.06862745098039216 0.0947265625
6 0.8276143790849673 0.48095703125 0.34477124183006536 0.9619140625
3 0.5126633986928104 0.4921875 0.02042483660130719 0.03125
3 0.2696078431372549 0.498046875 0.027777777777777776 0.033203125
2 0.3790849673202614 0.4736328125 0.013071895424836602 0.01953125
2 0.4113562091503268 0.47412109375 0.015522875816993464 0.0146484375
2 0.42401960784313725 0.474609375 0.00980392156862745 0.009765625
2 0.39133986928104575 0.478515625 0.024509803921568627 0.021484375
2 0.34272875816993464 0.4833984375 0.028594771241830064 0.025390625
2 0.30310457516339867 0.47509765625 0.03594771241830065 0.0419921875
2 0.26715686274509803 0.48779296875 0.05718954248366013 0.0478515625
2 0.20098039215686275 0.4873046875 0.04411764705882353 0.033203125
2 0.08496732026143791 0.498046875 0.06372549019607843 0.046875
2 0.13848039215686275 0.49853515625 0.06944444444444445 0.0498046875
2 0.017973856209150325 0.5205078125 0.03594771241830065 0.095703125
2 0.5428921568627451 0.4775390625 0.015522875816993464 0.017578125
2 0.5281862745098039 0.48291015625 0.02369281045751634 0.0302734375
2 0.5155228758169934 0.4765625 0.02287581699346405 0.02734375
2 0.5281862745098039 0.4638671875 0.013888888888888888 0.009765625
2 0.5016339869281046 0.47802734375 0.00980392156862745 0.0146484375
2 0.47998366013071897 0.4951171875 0.04820261437908497 0.0546875
2 0.44812091503267976 0.51318359375 0.07434640522875817 0.0732421875
2 0.5723039215686274 0.5068359375 0.06454248366013073 0.05859375
2 0.6695261437908496 0.4794921875 0.018790849673202614 0.01953125
0 0.5126633986928104 0.48681640625 0.018790849673202614 0.0419921875
0 0.2724673202614379 0.48486328125 0.02042483660130719 0.0322265625
