0 0.4961111111111111 0.4690625 0.011111111111111112 0.030625
0 0.5066666666666667 0.4734375 0.013333333333333334 0.040625
0 0.5316666666666666 0.4690625 0.014444444444444444 0.043125
0 0.5222222222222223 0.4715625 0.015555555555555555 0.040625
0 0.5447222222222222 0.4709375 0.015 0.048125
0 0.5577777777777778 0.471875 0.012222222222222223 0.04125
0 0.57 0.4703125 0.015555555555555555 0.051875
0 0.58 0.4715625 0.012222222222222223 0.049375
0 0.6055555555555555 0.4740625 0.035555555555555556 0.105625
0 0.6525 0.471875 0.03944444444444444 0.11875
0 0.6972222222222222 0.4746875 0.034444444444444444 0.111875
0 0.7580555555555556 0.47375 0.042777777777777776 0.1225
0 0.8055555555555556 0.480625 0.035555555555555556 0.11625
1 0.9175 0.4978125 0.08277777777777778 0.094375
2 0.43222222222222223 0.47125 0.02 0.025
2 0.4272222222222222 0.475625 0.024444444444444446 0.0225
2 0.3552777777777778 0.4753125 0.09166666666666666 0.081875
2 0.45805555555555555 0.4784375 0.03166666666666667 0.029375
8 0.041666666666666664 0.463125 0.03111111111111111 0.07625
