7 0.13848039215686275 0.5380859375 0.008986928104575163 0.017578125
7 0.1388888888888889 0.43359375 0.016339869281045753 0.05078125
7 0.2107843137254902 0.50048828125 0.004901960784313725 0.0087890625
7 0.29697712418300654 0.5068359375 0.005718954248366013 0.013671875
7 0.6008986928104575 0.49365234375 0.005718954248366013 0.0146484375
7 0.8684640522875817 0.42138671875 0.014705882352941176 0.0498046875
7 0.8745915032679739 0.53369140625 0.007352941176470588 0.0126953125
7 0.858251633986928 0.5029296875 0.007352941176470588 0.01171875
7 0.369281045751634 0.5009765625 0.004901960784313725 0.0078125
7 0.5996732026143791 0.5224609375 0.0032679738562091504 0.005859375
9 0.13970588235294118 0.474609375 0.02287581699346405 0.02734375
9 0.26838235294117646 0.494140625 0.007352941176470588 0.013671875
9 0.37826797385620914 0.505859375 0.008169934640522876 0.009765625
9 0.3770424836601307 0.51318359375 0.008986928104575163 0.0048828125
9 0.6924019607843137 0.47607421875 0.022058823529411766 0.0068359375
9 0.6924019607843137 0.48388671875 0.022058823529411766 0.0087890625
9 0.6915849673202614 0.49365234375 0.022058823529411766 0.0087890625
9 0.7009803921568627 0.50146484375 0.0196078431372549 0.0087890625
9 0.9816176470588235 0.38525390625 0.03676470588235294 0.0146484375
9 0.9812091503267973 0.400390625 0.03758169934640523 0.015625
9 0.9861111111111112 0.43115234375 0.027777777777777776 0.0439453125
9 0.8782679738562091 0.45703125 0.03104575163398693 0.037109375
9 0.9873366013071896 0.4609375 0.025326797385620915 0.017578125
9 0.5731209150326797 0.494140625 0.012254901960784314 0.00390625
0 0.1707516339869281 0.56005859375 0.017973856209150325 0.0830078125
0 0.6405228758169934 0.52783203125 0.008169934640522876 0.0263671875
0 0.6478758169934641 0.5283203125 0.006535947712418301 0.02734375
0 0.946078431372549 0.53857421875 0.016339869281045753 0.0517578125
0 0.9166666666666666 0.5419921875 0.011437908496732025 0.044921875
0 0.891748366013072 0.537109375 0.012254901960784314 0.0390625
0 0.7994281045751634 0.5322265625 0.015522875816993464 0.05078125
0 0.8251633986928104 0.53515625 0.013071895424836602 0.048828125
0 0.8464052287581699 0.53857421875 0.014705882352941176 0.0498046875
0 0.8619281045751634 0.5390625 0.014705882352941176 0.05078125
3 0.45098039215686275 0.55908203125 0.017973856209150325 0.0283203125
3 0.5502450980392157 0.56884765625 0.02696078431372549 0.0556640625
2 0.3382352941176471 0.5654296875 0.0915032679738562 0.0703125
2 0.4665032679738562 0.53369140625 0.00980392156862745 0.0126953125
2 0.4730392156862745 0.5361328125 0.013071895424836602 0.013671875
2 0.49387254901960786 0.53564453125 0.015522875816993464 0.0166015625
2 0.4848856209150327 0.53662109375 0.004084967320261438 0.0107421875
2 0.693218954248366 0.5576171875 0.0923202614379085 0.0703125
0 0.4513888888888889 0.5400390625 0.018790849673202614 0.044921875
0 0.551062091503268 0.54443359375 0.028594771241830064 0.0556640625
