7 0.25333333333333335 0.2903125 0.016666666666666666 0.060625
7 0.24388888888888888 0.35625 0.014444444444444444 0.0225
7 0.8711111111111111 0.3059375 0.015555555555555555 0.056875
7 0.87 0.374375 0.01 0.01625
7 0.059722222222222225 0.2603125 0.018333333333333333 0.063125
7 0.05416666666666667 0.3390625 0.008333333333333333 0.026875
9 0.36527777777777776 0.4590625 0.012777777777777779 0.020625
9 0.8905555555555555 0.355 0.06 0.01875
9 0.027777777777777776 0.3096875 0.01888888888888889 0.021875
9 0.7297222222222223 0.4084375 0.009444444444444445 0.018125
0 0.8238888888888889 0.4734375 0.035555555555555556 0.099375
0 0.8425 0.4678125 0.026111111111111113 0.110625
0 0.4736111111111111 0.5125 0.07611111111111112 0.34875
0 0.05305555555555556 0.445 0.02277777777777778 0.10625
0 0.08361111111111111 0.4403125 0.03277777777777778 0.119375
0 0.10944444444444444 0.4396875 0.017777777777777778 0.085625
0 0.03388888888888889 0.44125 0.016666666666666666 0.07
0 0.3138888888888889 0.454375 0.016666666666666666 0.04625
1 0.15305555555555556 0.4465625 0.04055555555555555 0.038125
1 0.1897222222222222 0.451875 0.04611111111111111 0.0375
2 0.9294444444444444 0.4896875 0.1411111111111111 0.106875
2 0.6983333333333334 0.4653125 0.09333333333333334 0.083125
2 0.6361111111111111 0.47 0.05 0.04625
2 0.6180555555555556 0.46375 0.05277777777777778 0.04625
2 0.585 0.455 0.05444444444444444 0.0525
2 0.5327777777777778 0.4571875 0.03777777777777778 0.040625
2 0.37972222222222224 0.46375 0.06277777777777778 0.055
2 0.3975 0.4565625 0.05611111111111111 0.056875
2 0.4225 0.4553125 0.02388888888888889 0.043125
2 0.43527777777777776 0.4596875 0.018333333333333333 0.033125
2 0.44805555555555554 0.45625 0.017222222222222222 0.02625
8 0.2763888888888889 0.46375 0.013888888888888888 0.0425
