2 0.201171875 0.5279947916666666 0.1630859375 0.11979166666666667
2 0.508056640625 0.533203125 0.08544921875 0.08333333333333333
2 0.581298828125 0.5305989583333334 0.04052734375 0.05078125
2 0.622314453125 0.52734375 0.04638671875 0.045572916666666664
2 0.78759765625 0.537109375 0.0625 0.06770833333333333
2 0.914794921875 0.5305989583333334 0.10791015625 0.12630208333333334
0 0.654541015625 0.529296875 0.02001953125 0.11458333333333333
0 0.669921875 0.5498046875 0.02734375 0.12044270833333333
0 0.725341796875 0.5745442708333334 0.05419921875 0.181640625
11 0.651123046875 0.5888671875 0.01025390625 0.008463541666666666
11 0.669677734375 0.6145833333333334 0.01025390625 0.010416666666666666
11 0.722900390625 0.66796875 0.02001953125 0.01171875
