4 0.5577777777777778 0.4528125 0.34 0.116875
9 0.7483333333333333 0.43375 0.0077777777777777776 0.02125
9 0.7880555555555555 0.426875 0.01611111111111111 0.0275
9 0.9647222222222223 0.3915625 0.013888888888888888 0.029375
9 0.9655555555555555 0.4128125 0.011111111111111112 0.013125
9 0.23027777777777778 0.4475 0.009444444444444445 0.00625
9 0.23027777777777778 0.4365625 0.009444444444444445 0.015625
9 0.6444444444444445 0.3546875 0.01888888888888889 0.034375
9 0.6452777777777777 0.378125 0.017222222222222222 0.0125
6 0.3611111111111111 0.463125 0.027777777777777776 0.03875
2 0.09416666666666666 0.519375 0.18833333333333332 0.2125
2 0.28555555555555556 0.4728125 0.01888888888888889 0.016875
2 0.3252777777777778 0.4684375 0.008333333333333333 0.006875
2 0.9436111111111111 0.461875 0.11277777777777778 0.03875
