7 0.8488562091503268 0.38720703125 0.004901960784313725 0.0185546875
9 0.09477124183006536 0.3046875 0.011437908496732025 0.033203125
9 0.1409313725490196 0.29931640625 0.03839869281045752 0.0224609375
9 0.252859477124183 0.380859375 0.03022875816993464 0.04296875
9 0.2540849673202614 0.35546875 0.029411764705882353 0.01171875
0 0.20016339869281047 0.431640625 0.05718954248366013 0.14453125
0 0.31699346405228757 0.4140625 0.03104575163398693 0.095703125
0 0.34681372549019607 0.41650390625 0.03022875816993464 0.0947265625
0 0.36070261437908496 0.41552734375 0.01715686274509804 0.0849609375
0 0.38439542483660133 0.41650390625 0.02369281045751634 0.0849609375
0 0.4048202614379085 0.4150390625 0.01715686274509804 0.0703125
0 0.4195261437908497 0.4150390625 0.02696078431372549 0.07421875
0 0.47263071895424835 0.4169921875 0.010620915032679739 0.048828125
0 0.48856209150326796 0.42236328125 0.017973856209150325 0.0595703125
0 0.505718954248366 0.41650390625 0.00980392156862745 0.0419921875
0 0.494281045751634 0.4150390625 0.00980392156862745 0.048828125
0 0.516748366013072 0.41796875 0.010620915032679739 0.0390625
0 0.5216503267973857 0.41455078125 0.005718954248366013 0.0341796875
0 0.5306372549019608 0.41748046875 0.010620915032679739 0.0380859375
0 0.5433006535947712 0.40869140625 0.004901960784313725 0.0126953125
0 0.9897875816993464 0.47509765625 0.02042483660130719 0.0927734375
0 0.9481209150326797 0.4658203125 0.025326797385620915 0.095703125
0 0.8558006535947712 0.45849609375 0.01715686274509804 0.0615234375
0 0.8901143790849673 0.44091796875 0.008986928104575163 0.0224609375
0 0.8803104575163399 0.43896484375 0.010620915032679739 0.0244140625
0 0.8684640522875817 0.447265625 0.00980392156862745 0.041015625
0 0.8447712418300654 0.44873046875 0.008169934640522876 0.0419921875
0 0.8288398692810458 0.4443359375 0.012254901960784314 0.044921875
0 0.8190359477124183 0.4443359375 0.010620915032679739 0.0390625
0 0.8084150326797386 0.44580078125 0.012254901960784314 0.0400390625
1 0.44485294117647056 0.50048828125 0.04493464052287582 0.1083984375
2 0.13562091503267973 0.42333984375 0.2679738562091503 0.0986328125
2 0.6339869281045751 0.50244140625 0.22875816993464052 0.2763671875
2 0.9301470588235294 0.4736328125 0.07924836601307189 0.087890625
0 0.44199346405228757 0.45361328125 0.05555555555555555 0.1552734375
14 0.7843137254901961 0.443359375 0.05392156862745098 0.0703125
