0 0.6826171875 0.5950520833333334 0.0556640625 0.23958333333333334
0 0.7099609375 0.5904947916666666 0.05859375 0.23958333333333334
0 0.556640625 0.5751953125 0.080078125 0.197265625
0 0.486083984375 0.5641276041666666 0.06298828125 0.21419270833333334
0 0.45263671875 0.5452473958333334 0.0390625 0.166015625
0 0.3798828125 0.5794270833333334 0.05078125 0.18359375
0 0.39892578125 0.5491536458333334 0.0390625 0.166015625
0 0.33984375 0.5423177083333334 0.0458984375 0.18489583333333334
0 0.302978515625 0.5472005208333334 0.04345703125 0.185546875
0 0.2783203125 0.5361328125 0.037109375 0.15169270833333334
0 0.23974609375 0.490234375 0.01953125 0.07291666666666667
0 0.255859375 0.490234375 0.0166015625 0.078125
2 0.10009765625 0.4892578125 0.056640625 0.052734375
2 0.183837890625 0.505859375 0.09619140625 0.07552083333333333
2 0.898193359375 0.5270182291666666 0.14306640625 0.10481770833333333
2 0.718994140625 0.5169270833333334 0.17724609375 0.10416666666666667
2 0.515625 0.5218098958333334 0.0390625 0.08268229166666667
