7 0.28694444444444445 0.213125 0.013888888888888888 0.04375
7 0.4255555555555556 0.223125 0.012222222222222223 0.0425
7 0.6188888888888889 0.3521875 0.011111111111111112 0.040625
7 0.6075 0.3534375 0.007222222222222222 0.039375
7 0.8355555555555556 0.148125 0.034444444444444444 0.11
7 0.7877777777777778 0.1740625 0.025555555555555557 0.101875
7 0.8488888888888889 0.299375 0.03666666666666667 0.04875
7 0.6186111111111111 0.40125 0.007222222222222222 0.02
7 0.49583333333333335 0.4375 0.002777777777777778 0.00625
7 0.5086111111111111 0.4390625 0.002777777777777778 0.005625
9 0.6230555555555556 0.2775 0.06722222222222222 0.0175
9 0.5719444444444445 0.4634375 0.025 0.028125
9 0.8455555555555555 0.2459375 0.03222222222222222 0.043125
9 0.835 0.443125 0.011111111111111112 0.02375
9 0.5338888888888889 0.43875 0.005555555555555556 0.0075
9 0.35777777777777775 0.4453125 0.0033333333333333335 0.006875
9 0.14416666666666667 0.4475 0.006111111111111111 0.005
9 0.14416666666666667 0.4396875 0.006111111111111111 0.010625
0 0.8819444444444444 0.5075 0.09166666666666666 0.2475
0 0.7813888888888889 0.455625 0.006111111111111111 0.0175
0 0.6797222222222222 0.4559375 0.005 0.011875
2 0.018333333333333333 0.4803125 0.028888888888888888 0.018125
2 0.17916666666666667 0.47375 0.029444444444444443 0.01625
2 0.5019444444444444 0.45375 0.007222222222222222 0.00875
2 0.4866666666666667 0.45625 0.005555555555555556 0.005
2 0.47694444444444445 0.4559375 0.006111111111111111 0.006875
