0 0.501953125 0.482421875 0.01484375 0.044921875
0 0.491015625 0.47705078125 0.00859375 0.0361328125
0 0.48203125 0.4833984375 0.009375 0.041015625
0 0.455078125 0.4677734375 0.00546875 0.01953125
0 0.4453125 0.46728515625 0.00625 0.0185546875
2 0.071875 0.64453125 0.14375 0.181640625
2 0.134765625 0.576171875 0.14609375 0.166015625
2 0.223046875 0.560546875 0.07578125 0.109375
2 0.264453125 0.54541015625 0.06328125 0.0869140625
2 0.28984375 0.533203125 0.0375 0.0625
2 0.11796875 0.49072265625 0.0375 0.0224609375
2 0.15625 0.48779296875 0.0515625 0.0185546875
2 0.30703125 0.51416015625 0.065625 0.0693359375
2 0.27734375 0.47412109375 0.0328125 0.0185546875
2 0.244140625 0.47900390625 0.01953125 0.0185546875
2 0.19765625 0.48681640625 0.0515625 0.0244140625
2 0.338671875 0.51123046875 0.02421875 0.0537109375
2 0.355078125 0.50390625 0.02578125 0.041015625
2 0.359375 0.49609375 0.040625 0.04296875
2 0.371875 0.48876953125 0.0421875 0.0478515625
2 0.39609375 0.482421875 0.025 0.033203125
2 0.408984375 0.47998046875 0.01328125 0.0224609375
2 0.415625 0.4775390625 0.0109375 0.01953125
2 0.421875 0.47607421875 0.0140625 0.0205078125
2 0.432421875 0.466796875 0.01328125 0.015625
2 0.439453125 0.4619140625 0.01015625 0.009765625
2 0.876953125 0.71728515625 0.24609375 0.2998046875
2 0.748046875 0.6259765625 0.18515625 0.171875
2 0.6828125 0.56591796875 0.153125 0.1455078125
2 0.60078125 0.5205078125 0.0828125 0.08984375
2 0.558984375 0.51611328125 0.03515625 0.0693359375
2 0.553515625 0.49560546875 0.06015625 0.0673828125
2 0.5234375 0.48779296875 0.034375 0.0537109375
2 0.4875 0.46533203125 0.015625 0.0146484375
2 0.3078125 0.4716796875 0.0328125 0.015625
