4 0.6752450980392157 0.43701171875 0.09558823529411764 0.1298828125
4 0.5367647058823529 0.45361328125 0.05392156862745098 0.0732421875
4 0.4832516339869281 0.45849609375 0.06290849673202614 0.0654296875
9 0.8660130718954249 0.28662109375 0.021241830065359478 0.0263671875
9 0.8451797385620915 0.3173828125 0.03839869281045752 0.01171875
9 0.41380718954248363 0.40625 0.008986928104575163 0.01171875
9 0.4236111111111111 0.4169921875 0.015522875816993464 0.005859375
0 0.027369281045751634 0.50390625 0.022058823529411766 0.041015625
0 0.1184640522875817 0.51416015625 0.011437908496732025 0.0361328125
0 0.1053921568627451 0.5068359375 0.0196078431372549 0.05078125
0 0.08986928104575163 0.498046875 0.021241830065359478 0.056640625
0 0.14133986928104575 0.51953125 0.008169934640522876 0.03515625
0 0.1503267973856209 0.52392578125 0.013071895424836602 0.0185546875
0 0.16176470588235295 0.505859375 0.03104575163398693 0.0546875
0 0.22058823529411764 0.48583984375 0.011437908496732025 0.0341796875
0 0.26143790849673204 0.484375 0.014705882352941176 0.033203125
0 0.29901960784313725 0.47900390625 0.013071895424836602 0.0205078125
0 0.32802287581699346 0.47802734375 0.015522875816993464 0.0263671875
0 0.3880718954248366 0.478515625 0.008169934640522876 0.017578125
3 0.7777777777777778 0.47314453125 0.06209150326797386 0.0576171875
3 0.4117647058823529 0.494140625 0.042483660130718956 0.052734375
3 0.38235294117647056 0.505859375 0.04411764705882353 0.056640625
3 0.3570261437908497 0.5166015625 0.03431372549019608 0.060546875
3 0.37050653594771243 0.51123046875 0.03022875816993464 0.0595703125
3 0.4305555555555556 0.4951171875 0.02287581699346405 0.04296875
2 0.7267156862745098 0.45068359375 0.008986928104575163 0.0205078125
2 0.6237745098039216 0.45654296875 0.013888888888888888 0.0244140625
2 0.6180555555555556 0.455078125 0.010620915032679739 0.021484375
2 0.5968137254901961 0.4580078125 0.028594771241830064 0.041015625
2 0.5694444444444444 0.46044921875 0.013071895424836602 0.0302734375
2 0.4730392156862745 0.478515625 0.027777777777777776 0.041015625
2 0.4444444444444444 0.482421875 0.0457516339869281 0.046875
2 0.3059640522875817 0.52392578125 0.09068627450980392 0.0791015625
2 0.2152777777777778 0.55029296875 0.14787581699346405 0.1044921875
2 0.0727124183006536 0.611328125 0.1454248366013072 0.1796875
