4 0.9033333333333333 0.455 0.19 0.0725
7 0.9527777777777777 0.35625 0.011111111111111112 0.04125
7 0.9530555555555555 0.4059375 0.007222222222222222 0.015625
7 0.32083333333333336 0.35875 0.012777777777777779 0.06625
7 0.31333333333333335 0.4209375 0.0077777777777777776 0.011875
7 0.6361111111111111 0.2334375 0.028888888888888888 0.050625
7 0.7594444444444445 0.24125 0.016666666666666666 0.0475
9 0.8227777777777778 0.4234375 0.0077777777777777776 0.015625
9 0.8955555555555555 0.45625 0.01 0.01625
9 0.9269444444444445 0.445 0.008333333333333333 0.01625
9 0.5644444444444444 0.44625 0.008888888888888889 0.01875
9 0.8291666666666667 0.293125 0.08388888888888889 0.01875
9 0.6916666666666667 0.2284375 0.03222222222222222 0.043125
0 0.4261111111111111 0.4796875 0.011111111111111112 0.025625
6 0.6930555555555555 0.463125 0.04722222222222222 0.05875
2 0.9508333333333333 0.56 0.09833333333333333 0.31625
2 0.6686111111111112 0.47 0.015 0.01875
2 0.62 0.48 0.06555555555555556 0.0625
2 0.7677777777777778 0.469375 0.023333333333333334 0.01875
