9 0.098388671875 0.4358723958333333 0.01318359375 0.059244791666666664
9 0.094970703125 0.4820963541666667 0.01611328125 0.014973958333333334
0 0.282470703125 0.599609375 0.04443359375 0.17057291666666666
0 0.82568359375 0.5732421875 0.0263671875 0.034505208333333336
0 0.8671875 0.5940755208333334 0.0400390625 0.07356770833333333
2 0.533447265625 0.560546875 0.01318359375 0.022135416666666668
2 0.52294921875 0.5608723958333334 0.015625 0.029296875
2 0.51318359375 0.5628255208333334 0.0146484375 0.034505208333333336
2 0.490966796875 0.5638020833333334 0.03759765625 0.04296875
2 0.477783203125 0.5738932291666666 0.02978515625 0.044921875
2 0.44287109375 0.5771484375 0.0478515625 0.051432291666666664
2 0.412353515625 0.5830078125 0.04443359375 0.068359375
2 0.381591796875 0.5888671875 0.04248046875 0.08528645833333333
2 0.33740234375 0.5979817708333334 0.0859375 0.09440104166666667
2 0.17529296875 0.6158854166666666 0.1962890625 0.15755208333333334
2 0.610595703125 0.5670572916666666 0.01611328125 0.033854166666666664
2 0.625 0.5631510416666666 0.021484375 0.03125
2 0.650146484375 0.5579427083333334 0.04248046875 0.033854166666666664
2 0.67919921875 0.5582682291666666 0.033203125 0.025390625
2 0.747802734375 0.5559895833333334 0.10400390625 0.048177083333333336
2 0.727783203125 0.7008463541666666 0.47314453125 0.2623697916666667
