7 0.5644444444444444 0.4103125 0.0044444444444444444 0.009375
7 0.5794444444444444 0.4253125 0.0033333333333333335 0.009375
9 0.8755555555555555 0.3659375 0.015555555555555555 0.028125
9 0.8766666666666667 0.390625 0.014444444444444444 0.01375
9 0.8766666666666667 0.401875 0.011111111111111112 0.00875
2 0.6177777777777778 0.4825 0.07888888888888888 0.0725
2 0.5655555555555556 0.4775 0.042222222222222223 0.0425
2 0.52 0.471875 0.03222222222222222 0.0275
2 0.39916666666666667 0.475 0.04722222222222222 0.0425
2 0.4452777777777778 0.4709375 0.03277777777777778 0.026875
2 0.5491666666666667 0.4603125 0.01611111111111111 0.018125
2 0.5327777777777778 0.458125 0.011111111111111112 0.0125
2 0.5144444444444445 0.460625 0.023333333333333334 0.0175
