9 0.3277777777777778 0.431875 0.015555555555555555 0.01625
0 0.48305555555555557 0.458125 0.006111111111111111 0.015
0 0.48944444444444446 0.4578125 0.005555555555555556 0.019375
0 0.49444444444444446 0.4578125 0.0077777777777777776 0.020625
0 0.505 0.4571875 0.01 0.035625
0 0.5186111111111111 0.458125 0.020555555555555556 0.05875
0 0.5391666666666667 0.456875 0.02277777777777778 0.055
0 0.5525 0.4590625 0.011666666666666667 0.043125
0 0.5616666666666666 0.4575 0.017777777777777778 0.055
0 0.5763888888888888 0.4571875 0.013888888888888888 0.040625
0 0.5902777777777778 0.45875 0.015 0.0425
0 0.6011111111111112 0.4628125 0.015555555555555555 0.054375
0 0.6158333333333333 0.459375 0.020555555555555556 0.0725
0 0.6283333333333333 0.459375 0.014444444444444444 0.06125
0 0.6666666666666666 0.45875 0.03111111111111111 0.1375
0 0.6513888888888889 0.4678125 0.051666666666666666 0.144375
0 0.7063888888888888 0.4625 0.055 0.15375
0 0.8138888888888889 0.4790625 0.09222222222222222 0.364375
0 0.9647222222222223 0.49125 0.07055555555555555 0.345
2 0.43805555555555553 0.4603125 0.018333333333333333 0.019375
2 0.3988888888888889 0.461875 0.04666666666666667 0.055
2 0.37 0.4759375 0.07666666666666666 0.063125
2 0.4622222222222222 0.464375 0.03 0.03
