9 0.09055555555555556 0.396875 0.013333333333333334 0.015
0 0.40444444444444444 0.5084375 0.034444444444444444 0.090625
0 0.3136111111111111 0.5165625 0.11833333333333333 0.183125
0 0.2675 0.5171875 0.04722222222222222 0.081875
0 0.405 0.4121875 0.051111111111111114 0.093125
0 0.3411111111111111 0.434375 0.04555555555555556 0.10625
0 0.3211111111111111 0.3978125 0.035555555555555556 0.074375
0 0.25722222222222224 0.4621875 0.04888888888888889 0.086875
0 0.1947222222222222 0.5165625 0.03944444444444444 0.149375
0 0.19444444444444445 0.4759375 0.056666666666666664 0.208125
0 0.15 0.4990625 0.07 0.203125
0 0.06166666666666667 0.4528125 0.03222222222222222 0.099375
0 0.08027777777777778 0.450625 0.02388888888888889 0.08
0 0.10166666666666667 0.46 0.023333333333333334 0.05875
2 0.025277777777777777 0.469375 0.050555555555555555 0.185
12 0.48833333333333334 0.5325 0.10222222222222223 0.15625
