4 0.7998366013071896 0.55322265625 0.40032679738562094 0.6689453125
7 0.49959150326797386 0.4677734375 0.005718954248366013 0.013671875
7 0.30392156862745096 0.44384765625 0.00980392156862745 0.0224609375
7 0.21241830065359477 0.4384765625 0.008169934640522876 0.021484375
7 0.08946078431372549 0.328125 0.025326797385620915 0.078125
7 0.3035130718954248 0.4970703125 0.004084967320261438 0.01171875
9 0.21854575163398693 0.46240234375 0.008986928104575163 0.0185546875
9 0.11642156862745098 0.419921875 0.015522875816993464 0.015625
9 0.11601307189542484 0.43603515625 0.014705882352941176 0.0146484375
9 0.07066993464052287 0.41357421875 0.04820261437908497 0.0556640625
9 0.013888888888888888 0.3955078125 0.027777777777777776 0.048828125
9 0.4505718954248366 0.4736328125 0.012254901960784314 0.01171875
0 0.2369281045751634 0.5556640625 0.032679738562091505 0.091796875
0 0.6094771241830066 0.52880859375 0.006535947712418301 0.0361328125
0 0.6021241830065359 0.5302734375 0.00980392156862745 0.033203125
0 0.5641339869281046 0.5234375 0.008986928104575163 0.03515625
0 0.5036764705882353 0.5107421875 0.012254901960784314 0.02734375
0 0.21160130718954248 0.5107421875 0.013071895424836602 0.048828125
0 0.9869281045751634 0.5458984375 0.026143790849673203 0.1171875
3 0.38848039215686275 0.5263671875 0.02696078431372549 0.0390625
3 0.35049019607843135 0.52685546875 0.017973856209150325 0.0283203125
3 0.2973856209150327 0.5166015625 0.016339869281045753 0.0234375
2 0.12581699346405228 0.62060546875 0.25163398692810457 0.2705078125
2 0.4395424836601307 0.54833984375 0.07516339869281045 0.0849609375
2 0.4852941176470588 0.53173828125 0.04738562091503268 0.0458984375
2 0.3684640522875817 0.5185546875 0.0196078431372549 0.033203125
2 0.26715686274509803 0.50390625 0.03104575163398693 0.013671875
2 0.24387254901960784 0.5029296875 0.018790849673202614 0.009765625
0 0.38562091503267976 0.52001953125 0.0196078431372549 0.0498046875
0 0.35171568627450983 0.5146484375 0.01715686274509804 0.03515625
0 0.2945261437908497 0.5078125 0.008986928104575163 0.029296875
