7 0.358154296875 0.5221354166666666 0.01513671875 0.037760416666666664
7 0.452392578125 0.5445963541666666 0.01025390625 0.025390625
7 0.659423828125 0.5224609375 0.01611328125 0.034505208333333336
0 0.74951171875 0.58984375 0.0166015625 0.02734375
0 0.80419921875 0.59765625 0.0205078125 0.0625
0 0.881103515625 0.6149088541666666 0.02197265625 0.103515625
0 0.771484375 0.59765625 0.0263671875 0.052083333333333336
1 0.6611328125 0.6263020833333334 0.01171875 0.045572916666666664
2 0.46240234375 0.6904296875 0.1875 0.22200520833333334
2 0.542236328125 0.6350911458333334 0.04638671875 0.10872395833333333
2 0.537109375 0.5882161458333334 0.056640625 0.054036458333333336
2 0.703369140625 0.5846354166666666 0.02978515625 0.032552083333333336
0 0.66064453125 0.5914713541666666 0.033203125 0.103515625
