7 0.6064453125 0.5338541666666666 0.0126953125 0.022135416666666668
7 0.576904296875 0.544921875 0.00732421875 0.01171875
7 0.4755859375 0.5478515625 0.0087890625 0.012369791666666666
7 0.4013671875 0.5338541666666666 0.0107421875 0.015625
0 0.21484375 0.5784505208333334 0.009765625 0.025390625
0 0.164306640625 0.5921223958333334 0.02001953125 0.07356770833333333
0 0.140869140625 0.5791015625 0.02099609375 0.06315104166666667
0 0.122802734375 0.58203125 0.01513671875 0.049479166666666664
1 0.6083984375 0.6243489583333334 0.0205078125 0.046875
2 0.091552734375 0.6487630208333334 0.12255859375 0.12565104166666666
2 0.512939453125 0.650390625 0.14501953125 0.15625
0 0.608154296875 0.6051432291666666 0.02001953125 0.072265625
