7 0.315359477124183 0.46044921875 0.00980392156862745 0.0263671875
7 0.4244281045751634 0.48046875 0.004084967320261438 0.01171875
7 0.4861111111111111 0.47900390625 0.004901960784313725 0.0126953125
9 0.07107843137254902 0.44287109375 0.0392156862745098 0.0458984375
9 0.06985294117647059 0.47705078125 0.03839869281045752 0.0205078125
9 0.09926470588235294 0.46923828125 0.018790849673202614 0.0263671875
9 0.24223856209150327 0.42529296875 0.05310457516339869 0.0107421875
9 0.24142156862745098 0.44384765625 0.049836601307189546 0.0205078125
9 0.2696078431372549 0.46875 0.027777777777777776 0.033203125
9 0.34763071895424835 0.4833984375 0.008986928104575163 0.009765625
9 0.3480392156862745 0.49072265625 0.00980392156862745 0.0048828125
9 0.5449346405228758 0.4951171875 0.008169934640522876 0.009765625
9 0.5759803921568627 0.4892578125 0.014705882352941176 0.021484375
9 0.5780228758169934 0.501953125 0.007352941176470588 0.00390625
9 0.6580882352941176 0.49072265625 0.012254901960784314 0.0146484375
9 0.6045751633986928 0.4853515625 0.006535947712418301 0.0078125
0 0.5678104575163399 0.513671875 0.006535947712418301 0.021484375
0 0.7144607843137255 0.52294921875 0.013888888888888888 0.0302734375
0 0.4922385620915033 0.50634765625 0.008986928104575163 0.0224609375
1 0.25939542483660133 0.556640625 0.031862745098039214 0.056640625
3 0.23774509803921567 0.56591796875 0.07026143790849673 0.1005859375
3 0.02287581699346405 0.65576171875 0.0457516339869281 0.1181640625
3 0.04370915032679738 0.634765625 0.08741830065359477 0.115234375
3 0.07965686274509803 0.62158203125 0.11029411764705882 0.1103515625
3 0.136437908496732 0.59912109375 0.1111111111111111 0.1103515625
3 0.18055555555555555 0.57861328125 0.0915032679738562 0.1142578125
2 0.45098039215686275 0.54248046875 0.05392156862745098 0.0517578125
2 0.3472222222222222 0.5380859375 0.049019607843137254 0.0390625
2 0.3627450980392157 0.5341796875 0.029411764705882353 0.0390625
2 0.37336601307189543 0.53173828125 0.02287581699346405 0.0341796875
2 0.3827614379084967 0.52587890625 0.022058823529411766 0.0283203125
2 0.3991013071895425 0.52099609375 0.02042483660130719 0.0224609375
2 0.40808823529411764 0.5185546875 0.013888888888888888 0.01953125
2 0.4178921568627451 0.515625 0.015522875816993464 0.017578125
2 0.4293300653594771 0.50634765625 0.015522875816993464 0.0146484375
