7 0.3863888888888889 0.2078125 0.020555555555555556 0.060625
7 0.6383333333333333 0.304375 0.023333333333333334 0.07125
7 0.33055555555555555 0.4284375 0.01 0.010625
7 0.4777777777777778 0.39625 0.0077777777777777776 0.01375
7 0.5397222222222222 0.42625 0.011666666666666667 0.01875
9 0.3972222222222222 0.371875 0.012222222222222223 0.015
9 0.645 0.43625 0.008888888888888889 0.0125
0 0.5602777777777778 0.448125 0.012777777777777779 0.0525
0 0.8775 0.450625 0.029444444444444443 0.135
0 0.2477777777777778 0.4571875 0.01 0.028125
2 0.028888888888888888 0.4940625 0.06222222222222222 0.106875
2 0.4625 0.4559375 0.02722222222222222 0.023125
