9 0.5927777777777777 0.434375 0.016666666666666666 0.0275
9 0.5938888888888889 0.40625 0.025555555555555557 0.02875
0 0.7097222222222223 0.5021875 0.11722222222222223 0.240625
0 0.6269444444444444 0.498125 0.10833333333333334 0.27625
0 0.0661111111111111 0.4821875 0.04555555555555556 0.128125
0 0.11194444444444444 0.4803125 0.03944444444444444 0.129375
0 0.15222222222222223 0.46875 0.034444444444444444 0.115
0 0.2652777777777778 0.4634375 0.02388888888888889 0.065625
0 0.2813888888888889 0.459375 0.020555555555555556 0.07
0 0.3022222222222222 0.459375 0.021111111111111112 0.06
2 0.48 0.4646875 0.06222222222222222 0.076875
2 0.41055555555555556 0.508125 0.19777777777777777 0.16375
2 0.3458333333333333 0.464375 0.08166666666666667 0.0875
