9 0.1 0.4421875 0.027777777777777776 0.034375
9 0.16722222222222222 0.465625 0.0077777777777777776 0.0125
9 0.16527777777777777 0.4525 0.008333333333333333 0.01375
9 0.5463888888888889 0.3940625 0.029444444444444443 0.040625
1 0.21 0.5040625 0.012222222222222223 0.021875
2 0.3927777777777778 0.51 0.1711111111111111 0.18875
2 0.3005555555555556 0.4934375 0.028888888888888888 0.036875
2 0.24416666666666667 0.499375 0.04611111111111111 0.04375
2 0.2683333333333333 0.491875 0.023333333333333334 0.03625
2 0.2791666666666667 0.4921875 0.015 0.029375
2 0.09027777777777778 0.5021875 0.02388888888888889 0.023125
2 0.07166666666666667 0.5040625 0.015555555555555555 0.016875
2 0.11611111111111111 0.5015625 0.021111111111111112 0.021875
2 0.04777777777777778 0.503125 0.006666666666666667 0.0075
2 0.041944444444444444 0.5040625 0.008333333333333333 0.009375
2 0.03611111111111111 0.5046875 0.005555555555555556 0.008125
0 0.21 0.4975 0.013333333333333334 0.03125
