4 0.864501953125 0.46484375 0.21044921875 0.18619791666666666
4 0.69189453125 0.5029296875 0.1181640625 0.09830729166666667
4 0.55908203125 0.513671875 0.078125 0.10416666666666667
4 0.4599609375 0.5260416666666666 0.1181640625 0.057291666666666664
0 0.7412109375 0.5322265625 0.0244140625 0.09830729166666667
0 0.705078125 0.5341796875 0.0283203125 0.10611979166666667
0 0.720458984375 0.5354817708333334 0.02392578125 0.11653645833333333
0 0.64111328125 0.5250651041666666 0.0146484375 0.056640625
0 0.397216796875 0.5501302083333334 0.01123046875 0.044270833333333336
0 0.1142578125 0.5872395833333334 0.0166015625 0.06640625
0 0.13623046875 0.5865885416666666 0.0224609375 0.0703125
2 0.92041015625 0.5143229166666666 0.099609375 0.125
2 0.51318359375 0.5374348958333334 0.0205078125 0.022786458333333332
2 0.48193359375 0.5432942708333334 0.0390625 0.039713541666666664
2 0.447021484375 0.5400390625 0.02978515625 0.026692708333333332
