9 0.88916015625 0.4361979166666667 0.0224609375 0.045572916666666664
9 0.6708984375 0.4729817708333333 0.0205078125 0.035807291666666664
0 0.324462890625 0.5445963541666666 0.01611328125 0.06575520833333333
0 0.28564453125 0.5455729166666666 0.0185546875 0.057291666666666664
0 0.2607421875 0.5462239583333334 0.0166015625 0.05859375
1 0.821044921875 0.5970052083333334 0.03759765625 0.07942708333333333
1 0.705322265625 0.6481119791666666 0.02001953125 0.09830729166666667
2 0.585693359375 0.5442708333333334 0.04638671875 0.028645833333333332
2 0.49853515625 0.5406901041666666 0.029296875 0.030598958333333332
2 0.4150390625 0.5625 0.07421875 0.07552083333333333
2 0.169189453125 0.5439453125 0.08740234375 0.046223958333333336
2 0.0595703125 0.5504557291666666 0.0615234375 0.07356770833333333
0 0.708251953125 0.595703125 0.05029296875 0.18098958333333334
