7 0.785546875 0.37353515625 0.03203125 0.0751953125
7 0.44609375 0.44775390625 0.0078125 0.0087890625
7 0.478515625 0.45263671875 0.00546875 0.0068359375
7 0.58359375 0.4423828125 0.0046875 0.005859375
7 0.07265625 0.37451171875 0.0390625 0.1044921875
7 0.6109375 0.42578125 0.0078125 0.009765625
0 0.25390625 0.521484375 0.01875 0.06640625
0 0.241796875 0.525390625 0.01640625 0.064453125
1 0.79453125 0.62451171875 0.0609375 0.1083984375
2 0.5296875 0.48291015625 0.04375 0.0380859375
2 0.478125 0.48291015625 0.05 0.0361328125
0 0.798828125 0.587890625 0.05078125 0.166015625
