9 0.2875 0.464375 0.015 0.01
9 0.265 0.4384375 0.012222222222222223 0.019375
2 0.9430555555555555 0.5321875 0.11388888888888889 0.220625
2 0.8488888888888889 0.483125 0.3022222222222222 0.225
2 0.6786111111111112 0.47875 0.09166666666666666 0.13
2 0.5033333333333333 0.4678125 0.02 0.008125
2 0.36972222222222223 0.47875 0.02722222222222222 0.01625
2 0.16972222222222222 0.480625 0.065 0.065
2 0.07055555555555555 0.4734375 0.1411111111111111 0.154375
2 0.023333333333333334 0.5134375 0.04666666666666667 0.105625
