7 0.625 0.4775390625 0.006535947712418301 0.017578125
9 0.4133986928104575 0.47021484375 0.021241830065359478 0.0126953125
9 0.41380718954248363 0.48388671875 0.022058823529411766 0.0126953125
9 0.6066176470588235 0.46240234375 0.02042483660130719 0.0107421875
9 0.6053921568627451 0.47607421875 0.02287581699346405 0.0107421875
9 0.6041666666666666 0.48974609375 0.02369281045751634 0.0107421875
9 0.6919934640522876 0.42822265625 0.03104575163398693 0.0205078125
9 0.7071078431372549 0.47265625 0.041666666666666664 0.017578125
9 0.6985294117647058 0.45068359375 0.014705882352941176 0.0185546875
9 0.738562091503268 0.37890625 0.08006535947712418 0.078125
9 0.7618464052287581 0.453125 0.04656862745098039 0.015625
0 0.46691176470588236 0.53955078125 0.015522875816993464 0.0400390625
0 0.48570261437908496 0.5400390625 0.010620915032679739 0.041015625
0 0.7120098039215687 0.53759765625 0.013888888888888888 0.0322265625
2 0.05841503267973856 0.64111328125 0.11683006535947713 0.2275390625
2 0.08006535947712418 0.5361328125 0.15359477124183007 0.08203125
2 0.2479575163398693 0.5634765625 0.11356209150326797 0.109375
2 0.4362745098039216 0.52490234375 0.021241830065359478 0.0185546875
2 0.45955882352941174 0.5263671875 0.025326797385620915 0.0234375
2 0.4738562091503268 0.52001953125 0.02287581699346405 0.0146484375
2 0.4987745098039216 0.53515625 0.035130718954248366 0.03515625
2 0.5232843137254902 0.5205078125 0.031862745098039214 0.044921875
2 0.7344771241830066 0.525390625 0.02287581699346405 0.0234375
2 0.7716503267973857 0.51806640625 0.04003267973856209 0.0302734375
2 0.8406862745098039 0.58154296875 0.13071895424836602 0.1123046875
2 0.9276960784313726 0.552734375 0.10866013071895425 0.08203125
