9 0.4910130718954248 0.474609375 0.024509803921568627 0.01171875
9 0.636437908496732 0.4228515625 0.013071895424836602 0.00390625
9 0.6372549019607843 0.427734375 0.013071895424836602 0.00390625
9 0.6376633986928104 0.43359375 0.013888888888888888 0.00390625
9 0.6376633986928104 0.439453125 0.012254901960784314 0.00390625
0 0.6462418300653595 0.4638671875 0.00980392156862745 0.021484375
1 0.3243464052287582 0.49560546875 0.04411764705882353 0.0361328125
2 0.7148692810457516 0.5400390625 0.1830065359477124 0.171875
2 0.5882352941176471 0.50732421875 0.09967320261437909 0.0986328125
2 0.6331699346405228 0.4833984375 0.03104575163398693 0.044921875
2 0.09558823529411764 0.56396484375 0.19117647058823528 0.1259765625
2 0.24019607843137256 0.5302734375 0.14215686274509803 0.09765625
2 0.5543300653594772 0.46728515625 0.02042483660130719 0.0224609375
2 0.5866013071895425 0.45458984375 0.016339869281045753 0.0087890625
2 0.6070261437908496 0.45556640625 0.024509803921568627 0.0087890625
