7 0.6477777777777778 0.43 0.006666666666666667 0.02
7 0.5238888888888888 0.403125 0.008888888888888889 0.02375
7 0.5175 0.4365625 0.006111111111111111 0.015625
7 0.5911111111111111 0.4678125 0.005555555555555556 0.020625
7 0.7325 0.4659375 0.005 0.009375
7 0.4658333333333333 0.4784375 0.007222222222222222 0.016875
9 0.5083333333333333 0.3975 0.01 0.01125
9 0.5097222222222222 0.434375 0.005 0.00875
9 0.7905555555555556 0.475 0.011111111111111112 0.01625
0 0.0375 0.526875 0.03611111111111111 0.065
0 0.7819444444444444 0.510625 0.008333333333333333 0.0325
0 0.8191666666666667 0.51 0.008333333333333333 0.0325
0 0.8286111111111111 0.4996875 0.006111111111111111 0.010625
1 0.9394444444444444 0.5446875 0.04888888888888889 0.100625
1 0.8616666666666667 0.533125 0.035555555555555556 0.07125
2 0.4633333333333333 0.5228125 0.06777777777777778 0.029375
2 0.5736111111111111 0.5128125 0.04722222222222222 0.055625
2 0.6697222222222222 0.533125 0.18388888888888888 0.16375
0 0.8605555555555555 0.5034375 0.034444444444444444 0.108125
0 0.9416666666666667 0.5015625 0.05333333333333334 0.150625
0 0.7505555555555555 0.49125 0.016666666666666666 0.04
