9 0.715625 0.38525390625 0.0453125 0.0615234375
9 0.716015625 0.42236328125 0.02734375 0.0126953125
9 0.8359375 0.3837890625 0.025 0.04296875
9 0.0359375 0.38427734375 0.0203125 0.0087890625
1 0.675390625 0.6015625 0.06953125 0.12890625
1 0.953125 0.63427734375 0.084375 0.1728515625
1 0.798828125 0.57177734375 0.04140625 0.1044921875
1 0.93125 0.5126953125 0.071875 0.072265625
1 0.968359375 0.51171875 0.04296875 0.0703125
2 0.908984375 0.4560546875 0.11171875 0.060546875
2 0.975 0.46044921875 0.028125 0.0380859375
2 0.563671875 0.5146484375 0.15703125 0.083984375
2 0.651953125 0.451171875 0.02265625 0.021484375
2 0.67578125 0.44775390625 0.01875 0.0126953125
2 0.0546875 0.486328125 0.021875 0.017578125
2 0.11875 0.48095703125 0.0359375 0.0244140625
0 0.673046875 0.56005859375 0.07421875 0.1689453125
