1 0.40546875 0.49072265625 0.0109375 0.0263671875
2 0.741015625 0.599609375 0.16953125 0.1640625
2 0.67421875 0.5537109375 0.1234375 0.130859375
2 0.615625 0.5302734375 0.090625 0.11328125
2 0.578125 0.52734375 0.0296875 0.0859375
2 0.5859375 0.51123046875 0.0578125 0.0810546875
2 0.562109375 0.4951171875 0.04921875 0.0625
2 0.539453125 0.4912109375 0.02109375 0.052734375
2 0.526171875 0.48193359375 0.01640625 0.0380859375
2 0.520703125 0.4775390625 0.01328125 0.03515625
2 0.513671875 0.47412109375 0.01171875 0.0283203125
2 0.50703125 0.4697265625 0.0109375 0.021484375
2 0.471875 0.46630859375 0.021875 0.0263671875
2 0.444921875 0.4638671875 0.00859375 0.01171875
2 0.433203125 0.46875 0.01796875 0.017578125
2 0.4515625 0.4619140625 0.0078125 0.0078125
2 0.41015625 0.4765625 0.0234375 0.0234375
2 0.38515625 0.486328125 0.0296875 0.033203125
2 0.325390625 0.4765625 0.06796875 0.03515625
2 0.325390625 0.4853515625 0.03828125 0.03515625
2 0.270703125 0.49169921875 0.03671875 0.0478515625
2 0.212890625 0.49755859375 0.10546875 0.0576171875
2 0.153515625 0.51904296875 0.15703125 0.0654296875
2 0.019140625 0.53369140625 0.03828125 0.0869140625
2 0.03671875 0.50927734375 0.0734375 0.0595703125
2 0.08515625 0.50244140625 0.0921875 0.0537109375
2 0.101171875 0.4794921875 0.08203125 0.03515625
2 0.579296875 0.455078125 0.01171875 0.01171875
2 0.366015625 0.474609375 0.02421875 0.0234375
2 0.501171875 0.46484375 0.01484375 0.01953125
0 0.40390625 0.4833984375 0.0125 0.03125
