4 0.870361328125 0.4612630208333333 0.19873046875 0.10872395833333333
4 0.460205078125 0.5247395833333334 0.11474609375 0.0546875
4 0.55908203125 0.513671875 0.07421875 0.10026041666666667
4 0.697265625 0.5026041666666666 0.0986328125 0.06901041666666667
0 0.734375 0.5442708333333334 0.03515625 0.1640625
0 0.760009765625 0.5465494791666666 0.03076171875 0.15169270833333334
0 0.69140625 0.5289713541666666 0.017578125 0.072265625
0 0.654541015625 0.53515625 0.02587890625 0.07291666666666667
0 0.408203125 0.5533854166666666 0.015625 0.057291666666666664
0 0.10888671875 0.58203125 0.015625 0.037760416666666664
0 0.620849609375 0.5227864583333334 0.00830078125 0.036458333333333336
2 0.854248046875 0.6103515625 0.23193359375 0.2584635416666667
2 0.921142578125 0.490234375 0.09912109375 0.08463541666666667
