1 0.2411111111111111 0.5653125 0.15444444444444444 0.163125
1 0.3030555555555556 0.52625 0.08833333333333333 0.10875
1 0.3397222222222222 0.5028125 0.02277777777777778 0.049375
1 0.3616666666666667 0.4890625 0.01888888888888889 0.039375
2 0.0825 0.499375 0.165 0.1
2 0.5713888888888888 0.4728125 0.07055555555555555 0.064375
2 0.5355555555555556 0.4734375 0.021111111111111112 0.041875
2 0.5263888888888889 0.471875 0.01611111111111111 0.035
2 0.5183333333333333 0.470625 0.012222222222222223 0.0325
2 0.4961111111111111 0.471875 0.008888888888888889 0.0075
2 0.4558333333333333 0.4675 0.03388888888888889 0.0225
2 0.42138888888888887 0.470625 0.035 0.0275
2 0.38333333333333336 0.4696875 0.02 0.025625
0 0.2561111111111111 0.499375 0.08888888888888889 0.23375
0 0.30722222222222223 0.480625 0.06 0.13
0 0.345 0.4778125 0.04111111111111111 0.075625
0 0.36666666666666664 0.466875 0.028888888888888888 0.05875
