9 0.287890625 0.43408203125 0.01796875 0.0244140625
9 0.287890625 0.4521484375 0.01796875 0.01171875
9 0.684375 0.40966796875 0.03125 0.0400390625
9 0.683984375 0.43896484375 0.03046875 0.0166015625
9 0.51484375 0.44970703125 0.00625 0.0126953125
9 0.580078125 0.43701171875 0.00546875 0.0126953125
0 0.34921875 0.478515625 0.0078125 0.01953125
0 0.456640625 0.50048828125 0.01484375 0.0478515625
0 0.2203125 0.4970703125 0.0171875 0.060546875
0 0.188671875 0.49755859375 0.02109375 0.0576171875
0 0.2 0.5087890625 0.0109375 0.029296875
0 0.1328125 0.53515625 0.0265625 0.099609375
0 0.7640625 0.49267578125 0.0109375 0.0478515625
0 0.7875 0.494140625 0.0125 0.046875
0 0.805078125 0.5009765625 0.01015625 0.044921875
0 0.6625 0.49169921875 0.015625 0.0283203125
0 0.62421875 0.49267578125 0.0109375 0.0263671875
0 0.61640625 0.49169921875 0.009375 0.0302734375
1 0.298046875 0.5009765625 0.01328125 0.03515625
1 0.366796875 0.49658203125 0.01171875 0.0283203125
1 0.017578125 0.57470703125 0.03515625 0.0673828125
1 0.558203125 0.50048828125 0.01640625 0.0283203125
3 0.547265625 0.50048828125 0.03359375 0.0302734375
2 0.894140625 0.67724609375 0.21171875 0.2275390625
2 0.752734375 0.5927734375 0.18671875 0.15234375
2 0.67109375 0.56396484375 0.10625 0.1142578125
2 0.503125 0.56689453125 0.134375 0.1513671875
2 0.534765625 0.484375 0.03671875 0.03125
2 0.510546875 0.48486328125 0.01015625 0.0185546875
2 0.4921875 0.4755859375 0.021875 0.0234375
2 0.47734375 0.4658203125 0.0171875 0.0234375
2 0.46328125 0.46923828125 0.0109375 0.0146484375
2 0.44453125 0.46875 0.015625 0.013671875
2 0.4140625 0.4716796875 0.0125 0.0078125
2 0.391796875 0.47412109375 0.03046875 0.0126953125
2 0.4296875 0.4716796875 0.0140625 0.009765625
0 0.366796875 0.48779296875 0.01015625 0.0380859375
