7 0.9129901960784313 0.4296875 0.0024509803921568627 0.009765625
7 0.8856209150326797 0.42724609375 0.0032679738562091504 0.0068359375
7 0.9015522875816994 0.4326171875 0.004084967320261438 0.005859375
7 0.5285947712418301 0.35986328125 0.006535947712418301 0.0146484375
9 0.5175653594771242 0.37744140625 0.008986928104575163 0.0107421875
9 0.516748366013072 0.384765625 0.007352941176470588 0.00390625
9 0.5951797385620915 0.38134765625 0.008986928104575163 0.0107421875
9 0.6119281045751634 0.35986328125 0.04738562091503268 0.0302734375
9 0.45751633986928103 0.21826171875 0.05718954248366013 0.0478515625
9 0.45302287581699346 0.2568359375 0.09558823529411764 0.03125
9 0.20179738562091504 0.3046875 0.016339869281045753 0.03515625
0 0.5433006535947712 0.423828125 0.02287581699346405 0.08984375
0 0.6952614379084967 0.625 0.24836601307189543 0.5390625
3 0.7626633986928104 0.72265625 0.4338235294117647 0.3828125
2 0.5371732026143791 0.41015625 0.04330065359477124 0.033203125
2 0.5772058823529411 0.41845703125 0.04656862745098039 0.0400390625
2 0.7626633986928104 0.45654296875 0.04493464052287582 0.0830078125
2 0.8974673202614379 0.517578125 0.20506535947712418 0.15234375
