7 0.2886111111111111 0.375625 0.009444444444444445 0.02625
7 0.6305555555555555 0.4171875 0.0077777777777777776 0.023125
9 0.8958333333333334 0.4190625 0.015 0.026875
0 0.8694444444444445 0.5190625 0.07333333333333333 0.249375
0 0.8061111111111111 0.5859375 0.05333333333333334 0.058125
0 0.6305555555555555 0.4825 0.03333333333333333 0.07625
0 0.6125 0.4959375 0.03277777777777778 0.054375
6 0.7111111111111111 0.456875 0.1511111111111111 0.155
6 0.4266666666666667 0.413125 0.2311111111111111 0.31125
2 0.2916666666666667 0.464375 0.042222222222222223 0.04375
2 0.5488888888888889 0.470625 0.015555555555555555 0.02375
14 0.5941666666666666 0.4484375 0.10611111111111111 0.115625
