7 0.075 0.3384375 0.01888888888888889 0.054375
7 0.07027777777777777 0.4078125 0.021666666666666667 0.021875
7 0.7861111111111111 0.3846875 0.02 0.020625
7 0.7755555555555556 0.31375 0.01888888888888889 0.05625
9 0.07555555555555556 0.3759375 0.042222222222222223 0.018125
9 0.7772222222222223 0.3521875 0.043333333333333335 0.018125
2 0.7533333333333333 0.46375 0.17666666666666667 0.065
2 0.6322222222222222 0.4696875 0.09444444444444444 0.049375
2 0.5697222222222222 0.4684375 0.05722222222222222 0.039375
2 0.5375 0.4659375 0.019444444444444445 0.031875
2 0.5219444444444444 0.465 0.015 0.02
2 0.5077777777777778 0.4665625 0.01888888888888889 0.015625
2 0.4886111111111111 0.46375 0.009444444444444445 0.00875
2 0.47638888888888886 0.4640625 0.012777777777777779 0.013125
2 0.46444444444444444 0.465625 0.014444444444444444 0.01375
2 0.455 0.4646875 0.006666666666666667 0.008125
2 0.4463888888888889 0.4675 0.012777777777777779 0.01125
2 0.43194444444444446 0.4675 0.019444444444444445 0.01625
2 0.4025 0.469375 0.030555555555555555 0.02375
2 0.3675 0.469375 0.05277777777777778 0.02875
2 0.41583333333333333 0.468125 0.018333333333333333 0.0175
2 0.2838888888888889 0.481875 0.09555555555555556 0.0475
2 0.22277777777777777 0.491875 0.07333333333333333 0.05625
2 0.14527777777777778 0.4921875 0.18611111111111112 0.083125
2 0.05694444444444444 0.488125 0.04611111111111111 0.0475
2 0.020555555555555556 0.4965625 0.04111111111111111 0.070625
2 0.3283333333333333 0.48 0.04111111111111111 0.03625
2 0.3463888888888889 0.478125 0.03277777777777778 0.03375
2 0.36583333333333334 0.4740625 0.04611111111111111 0.026875
