1 0.7086111111111111 0.50375 0.03166666666666667 0.06125
1 0.6619444444444444 0.5009375 0.025 0.051875
1 0.6377777777777778 0.4934375 0.016666666666666666 0.038125
1 0.5811111111111111 0.4821875 0.017777777777777778 0.034375
1 0.5577777777777778 0.469375 0.016666666666666666 0.03125
1 0.545 0.46625 0.014444444444444444 0.0275
1 0.5325 0.4628125 0.015 0.020625
1 0.5152777777777777 0.46125 0.010555555555555556 0.0175
1 0.48305555555555557 0.4640625 0.006111111111111111 0.010625
1 0.47638888888888886 0.46375 0.007222222222222222 0.01
2 0.39111111111111113 0.4509375 0.04 0.043125
2 0.5019444444444444 0.4640625 0.025 0.013125
0 0.7083333333333334 0.4721875 0.03333333333333333 0.098125
0 0.6613888888888889 0.4778125 0.028333333333333332 0.073125
0 0.6361111111111111 0.4715625 0.023333333333333334 0.070625
0 0.5805555555555556 0.4625 0.02 0.0625
0 0.5588888888888889 0.4553125 0.017777777777777778 0.046875
0 0.545 0.4565625 0.012222222222222223 0.036875
0 0.5322222222222223 0.45125 0.014444444444444444 0.03125
0 0.5155555555555555 0.4503125 0.011111111111111112 0.033125
0 0.4825 0.4575 0.007222222222222222 0.02
0 0.47638888888888886 0.4571875 0.008333333333333333 0.018125
