7 0.488671875 0.41162109375 0.00546875 0.0166015625
7 0.590234375 0.4169921875 0.00703125 0.017578125
7 0.455859375 0.4560546875 0.00859375 0.013671875
7 0.63046875 0.4423828125 0.00625 0.015625
7 0.5078125 0.4267578125 0.00625 0.009765625
7 0.5328125 0.44677734375 0.00625 0.0087890625
7 0.52734375 0.40283203125 0.00625 0.0205078125
9 0.608984375 0.42578125 0.01953125 0.0078125
9 0.557421875 0.45654296875 0.00546875 0.0087890625
2 0.341796875 0.50830078125 0.04765625 0.0478515625
2 0.37890625 0.50146484375 0.028125 0.0302734375
2 0.41796875 0.4921875 0.03125 0.033203125
2 0.562890625 0.4697265625 0.01953125 0.015625
2 0.583984375 0.4736328125 0.02265625 0.021484375
2 0.637109375 0.48681640625 0.01640625 0.0244140625
2 0.65390625 0.4853515625 0.025 0.01953125
2 0.663671875 0.49853515625 0.03671875 0.0322265625
