9 0.16555555555555557 0.4340625 0.011111111111111112 0.018125
9 0.4211111111111111 0.4346875 0.006666666666666667 0.009375
9 0.3491666666666667 0.4340625 0.008333333333333333 0.011875
9 0.5433333333333333 0.429375 0.008888888888888889 0.01
9 0.5252777777777777 0.4328125 0.005 0.008125
9 0.5322222222222223 0.4334375 0.005555555555555556 0.005625
9 0.5863888888888888 0.43375 0.007222222222222222 0.00875
9 0.6452777777777777 0.41375 0.011666666666666667 0.01
9 0.6452777777777777 0.3978125 0.012777777777777779 0.021875
9 0.7833333333333333 0.364375 0.03888888888888889 0.035
9 0.7877777777777778 0.485 0.01888888888888889 0.02
0 0.8841666666666667 0.478125 0.028333333333333332 0.07
0 0.8458333333333333 0.4703125 0.018333333333333333 0.065625
0 0.8094444444444444 0.4678125 0.02 0.075625
0 0.7941666666666667 0.470625 0.015 0.06125
0 0.7627777777777778 0.47875 0.022222222222222223 0.0675
0 0.7613888888888889 0.468125 0.017222222222222222 0.06375
0 0.7363888888888889 0.4671875 0.012777777777777779 0.039375
0 0.7219444444444445 0.4634375 0.013888888888888888 0.049375
0 0.7075 0.4646875 0.012777777777777779 0.046875
0 0.6602777777777777 0.4603125 0.010555555555555556 0.030625
0 0.6511111111111111 0.47 0.0077777777777777776 0.03625
0 0.6391666666666667 0.4628125 0.008333333333333333 0.029375
0 0.6316666666666667 0.459375 0.0077777777777777776 0.0325
0 0.6513888888888889 0.455 0.007222222222222222 0.02375
0 0.6069444444444444 0.4521875 0.006111111111111111 0.021875
0 0.5983333333333334 0.4521875 0.006666666666666667 0.021875
0 0.5933333333333334 0.4521875 0.006666666666666667 0.023125
0 0.57 0.4525 0.006666666666666667 0.02125
0 0.5736111111111111 0.4484375 0.007222222222222222 0.021875
0 0.5416666666666666 0.4434375 0.0044444444444444444 0.013125
0 0.31305555555555553 0.4559375 0.005 0.016875
1 0.5219444444444444 0.4571875 0.006111111111111111 0.013125
2 0.026944444444444444 0.4825 0.05388888888888889 0.07875
2 0.48694444444444446 0.471875 0.055 0.04625
2 0.4686111111111111 0.4421875 0.006111111111111111 0.005625
2 0.4841666666666667 0.445625 0.007222222222222222 0.00625
2 0.5019444444444444 0.4440625 0.010555555555555556 0.009375
2 0.49277777777777776 0.4446875 0.005555555555555556 0.004375
2 0.5675 0.45 0.03833333333333333 0.0175
0 0.5219444444444444 0.45125 0.005 0.0175
