4 0.4910130718954248 0.37548828125 0.03431372549019608 0.0419921875
9 0.3341503267973856 0.35791015625 0.021241830065359478 0.0205078125
9 0.36070261437908496 0.357421875 0.02369281045751634 0.03515625
9 0.4309640522875817 0.37158203125 0.012254901960784314 0.0087890625
9 0.4424019607843137 0.37744140625 0.007352941176470588 0.0087890625
0 0.6809640522875817 0.37109375 0.005718954248366013 0.01953125
6 0.5706699346405228 0.36376953125 0.013888888888888888 0.0107421875
3 0.6233660130718954 0.4189453125 0.021241830065359478 0.03515625
3 0.5878267973856209 0.38134765625 0.004084967320261438 0.0107421875
2 0.8848039215686274 0.43701171875 0.19934640522875818 0.1474609375
2 0.676062091503268 0.4111328125 0.049836601307189546 0.044921875
2 0.5678104575163399 0.38720703125 0.017973856209150325 0.0166015625
2 0.6119281045751634 0.37451171875 0.013071895424836602 0.0146484375
2 0.6270424836601307 0.36962890625 0.012254901960784314 0.0107421875
2 0.6376633986928104 0.36572265625 0.012254901960784314 0.0107421875
2 0.6450163398692811 0.35986328125 0.008986928104575163 0.0087890625
2 0.5959967320261438 0.36767578125 0.01715686274509804 0.0205078125
2 0.6531862745098039 0.3623046875 0.007352941176470588 0.0078125
2 0.5845588235294118 0.36181640625 0.007352941176470588 0.0068359375
2 0.5498366013071896 0.369140625 0.00980392156862745 0.009765625
2 0.5265522875816994 0.38232421875 0.01715686274509804 0.0185546875
2 0.5224673202614379 0.375 0.01715686274509804 0.01953125
2 0.5106209150326797 0.376953125 0.00980392156862745 0.015625
2 0.511437908496732 0.39990234375 0.02287581699346405 0.0068359375
2 0.5187908496732027 0.447265625 0.09967320261437909 0.08984375
2 0.4526143790849673 0.41748046875 0.0457516339869281 0.0380859375
2 0.4758986928104575 0.3974609375 0.02369281045751634 0.0234375
2 0.5612745098039216 0.36962890625 0.013071895424836602 0.0107421875
2 0.38929738562091504 0.38818359375 0.028594771241830064 0.0126953125
0 0.6233660130718954 0.408203125 0.017973856209150325 0.033203125
