0 0.8336111111111111 0.49 0.03277777777777778 0.11625
0 0.8086111111111111 0.4978125 0.02722222222222222 0.101875
0 0.7069444444444445 0.4609375 0.02722222222222222 0.044375
0 0.6802777777777778 0.490625 0.035 0.09625
0 0.6036111111111111 0.488125 0.02722222222222222 0.1
0 0.6419444444444444 0.4859375 0.03277777777777778 0.100625
0 0.6211111111111111 0.4803125 0.017777777777777778 0.068125
0 0.5827777777777777 0.480625 0.022222222222222223 0.065
0 0.565 0.479375 0.027777777777777776 0.07125
0 0.5486111111111112 0.4809375 0.019444444444444445 0.064375
0 0.49472222222222223 0.485 0.009444444444444445 0.02875
0 0.48527777777777775 0.4853125 0.009444444444444445 0.023125
0 0.505 0.485 0.0077777777777777776 0.03
0 0.5316666666666666 0.48625 0.011111111111111112 0.03
0 0.54 0.484375 0.01 0.04
0 0.5283333333333333 0.485 0.008888888888888889 0.03
0 0.5219444444444444 0.4859375 0.009444444444444445 0.026875
1 0.6527777777777778 0.4934375 0.03222222222222222 0.044375
2 0.365 0.48875 0.07333333333333333 0.06125
2 0.41694444444444445 0.48625 0.03722222222222222 0.03625
2 0.44083333333333335 0.4896875 0.01611111111111111 0.015625
2 0.4647222222222222 0.4909375 0.03166666666666667 0.030625
