9 0.03022875816993464 0.5380859375 0.0196078431372549 0.017578125
6 0.5804738562091504 0.4609375 0.035130718954248366 0.048828125
6 0.4562908496732026 0.4677734375 0.013888888888888888 0.013671875
3 0.3247549019607843 0.49462890625 0.008986928104575163 0.0126953125
2 0.5171568627450981 0.46923828125 0.006535947712418301 0.0087890625
2 0.5122549019607843 0.47119140625 0.008169934640522876 0.0087890625
2 0.5236928104575164 0.47314453125 0.011437908496732025 0.0126953125
2 0.5089869281045751 0.4638671875 0.006535947712418301 0.005859375
2 0.5036764705882353 0.4794921875 0.02042483660130719 0.01953125
2 0.5351307189542484 0.46923828125 0.0032679738562091504 0.0048828125
2 0.545751633986928 0.4677734375 0.008169934640522876 0.0078125
2 0.551062091503268 0.46728515625 0.0024509803921568627 0.0048828125
2 0.5563725490196079 0.46728515625 0.004901960784313725 0.0048828125
2 0.5625 0.46923828125 0.008986928104575163 0.0087890625
2 0.5433006535947712 0.47314453125 0.013071895424836602 0.0126953125
2 0.4305555555555556 0.47705078125 0.011437908496732025 0.0126953125
2 0.44076797385620914 0.48583984375 0.025326797385620915 0.0302734375
2 0.4624183006535948 0.49462890625 0.042483660130718956 0.0419921875
2 0.35947712418300654 0.48828125 0.03431372549019608 0.021484375
2 0.6572712418300654 0.49951171875 0.06944444444444445 0.0615234375
2 0.4950980392156863 0.47412109375 0.004901960784313725 0.0087890625
0 0.32598039215686275 0.48876953125 0.006535947712418301 0.0146484375
