7 0.3515625 0.3681640625 0.0078125 0.017578125
7 0.291796875 0.37890625 0.00859375 0.021484375
7 0.264453125 0.447265625 0.00390625 0.005859375
7 0.265234375 0.4326171875 0.00546875 0.015625
7 0.406640625 0.384765625 0.00546875 0.015625
7 0.447265625 0.38623046875 0.00546875 0.0146484375
7 0.5171875 0.41259765625 0.0046875 0.0126953125
7 0.5171875 0.42529296875 0.003125 0.0048828125
7 0.5578125 0.40966796875 0.0046875 0.0146484375
9 0.00625 0.52294921875 0.0125 0.0458984375
9 0.05 0.53564453125 0.0171875 0.0673828125
9 0.14375 0.49658203125 0.021875 0.0263671875
9 0.223828125 0.412109375 0.02265625 0.009765625
9 0.34296875 0.3671875 0.0078125 0.009765625
9 0.48125 0.39990234375 0.0171875 0.0068359375
9 0.49140625 0.4296875 0.003125 0.00390625
9 0.491015625 0.423828125 0.00546875 0.005859375
9 0.407421875 0.4462890625 0.00546875 0.0078125
9 0.6265625 0.41845703125 0.0125 0.0263671875
9 0.79921875 0.3349609375 0.0734375 0.076171875
9 0.348046875 0.42626953125 0.00390625 0.0068359375
9 0.6953125 0.40673828125 0.0296875 0.0419921875
2 0.24921875 0.48291015625 0.0359375 0.0302734375
2 0.44296875 0.43359375 0.0109375 0.009765625
2 0.441015625 0.42041015625 0.00859375 0.0087890625
2 0.40859375 0.423828125 0.0078125 0.009765625
8 0.549609375 0.46044921875 0.00390625 0.0087890625
8 0.715234375 0.51806640625 0.01640625 0.0263671875
