7 0.886437908496732 0.16015625 0.049019607843137254 0.15625
7 0.10784313725490197 0.0859375 0.05228758169934641 0.171875
7 0.8459967320261438 0.2060546875 0.04493464052287582 0.197265625
9 0.8790849673202614 0.265625 0.04084967320261438 0.048828125
9 0.01838235294117647 0.05029296875 0.03676470588235294 0.0849609375
9 0.34395424836601307 0.34765625 0.014705882352941176 0.01953125
9 0.36151960784313725 0.34228515625 0.013888888888888888 0.0361328125
9 0.49019607843137253 0.4130859375 0.014705882352941176 0.017578125
9 0.4236111111111111 0.39306640625 0.008986928104575163 0.0068359375
9 0.42320261437908496 0.3818359375 0.016339869281045753 0.009765625
9 0.9272875816993464 0.37158203125 0.03104575163398693 0.0126953125
9 0.02369281045751634 0.43994140625 0.04738562091503268 0.0888671875
9 0.5159313725490197 0.416015625 0.004084967320261438 0.005859375
0 0.40236928104575165 0.447265625 0.03022875816993464 0.07421875
0 0.4227941176470588 0.45361328125 0.022058823529411766 0.0634765625
1 0.9836601307189542 0.51416015625 0.032679738562091505 0.0380859375
2 0.6413398692810458 0.46240234375 0.05065359477124183 0.0439453125
2 0.6180555555555556 0.45556640625 0.025326797385620915 0.0361328125
2 0.5735294117647058 0.45068359375 0.027777777777777776 0.0283203125
