4 0.4293300653594771 0.48486328125 0.013888888888888888 0.0185546875
4 0.502859477124183 0.4931640625 0.08415032679738563 0.06640625
7 0.3619281045751634 0.453125 0.004901960784313725 0.015625
7 0.3917483660130719 0.4736328125 0.0024509803921568627 0.005859375
7 0.3966503267973856 0.4755859375 0.0024509803921568627 0.00390625
7 0.551062091503268 0.46435546875 0.004084967320261438 0.0048828125
7 0.3165849673202614 0.46875 0.004084967320261438 0.01171875
9 0.3214869281045752 0.4765625 0.004084967320261438 0.005859375
9 0.29697712418300654 0.44921875 0.013888888888888888 0.025390625
9 0.9387254901960784 0.3056640625 0.027777777777777776 0.0390625
9 0.9109477124183006 0.3447265625 0.05065359477124183 0.01953125
0 0.7630718954248366 0.5302734375 0.021241830065359478 0.080078125
0 0.7875816993464052 0.53662109375 0.014705882352941176 0.0869140625
0 0.7798202614379085 0.53662109375 0.018790849673202614 0.0947265625
0 0.6544117647058824 0.5166015625 0.024509803921568627 0.060546875
0 0.6323529411764706 0.51953125 0.016339869281045753 0.0390625
0 0.6458333333333334 0.51123046875 0.012254901960784314 0.0498046875
0 0.6180555555555556 0.51123046875 0.012254901960784314 0.0478515625
0 0.6025326797385621 0.51708984375 0.01715686274509804 0.0439453125
0 0.5886437908496732 0.509765625 0.012254901960784314 0.044921875
0 0.5608660130718954 0.50732421875 0.012254901960784314 0.0419921875
0 0.29248366013071897 0.50390625 0.008169934640522876 0.015625
0 0.2520424836601307 0.5146484375 0.012254901960784314 0.03125
0 0.26143790849673204 0.51220703125 0.00980392156862745 0.0322265625
0 0.27001633986928103 0.5087890625 0.007352941176470588 0.025390625
0 0.2769607843137255 0.50830078125 0.008169934640522876 0.0224609375
0 0.08251633986928104 0.5205078125 0.0196078431372549 0.0625
0 0.10294117647058823 0.5146484375 0.021241830065359478 0.046875
3 0.11642156862745098 0.53857421875 0.041666666666666664 0.0615234375
2 0.40318627450980393 0.4892578125 0.007352941176470588 0.0078125
2 0.39624183006535946 0.48974609375 0.004901960784313725 0.0048828125
2 0.4133986928104575 0.48974609375 0.00980392156862745 0.0087890625
2 0.38643790849673204 0.50244140625 0.024509803921568627 0.0244140625
2 0.4207516339869281 0.515625 0.0392156862745098 0.0390625
2 0.3165849673202614 0.5068359375 0.03676470588235294 0.0234375
2 0.47344771241830064 0.53125 0.06454248366013073 0.068359375
2 0.36233660130718953 0.5439453125 0.09068627450980392 0.103515625
