0 0.3475 0.4665625 0.017222222222222222 0.054375
0 0.32944444444444443 0.4665625 0.015555555555555555 0.059375
0 0.21638888888888888 0.476875 0.03277777777777778 0.09375
0 0.19416666666666665 0.4846875 0.025 0.086875
0 0.19555555555555557 0.4775 0.03 0.0925
0 0.17555555555555555 0.4984375 0.01888888888888889 0.059375
0 0.1238888888888889 0.475625 0.03666666666666667 0.1325
2 0.9480555555555555 0.4975 0.10388888888888889 0.245
2 0.8694444444444445 0.505625 0.1388888888888889 0.16
2 0.8222222222222222 0.490625 0.21333333333333335 0.12875
2 0.8144444444444444 0.454375 0.2411111111111111 0.13625
2 0.6383333333333333 0.4553125 0.10888888888888888 0.058125
2 0.49083333333333334 0.47125 0.029444444444444443 0.025
2 0.6602777777777777 0.4846875 0.08722222222222223 0.079375
0 0.31472222222222224 0.46625 0.013888888888888888 0.05875
