4 0.40645424836601307 0.490234375 0.03676470588235294 0.025390625
7 0.5241013071895425 0.4697265625 0.004084967320261438 0.01171875
7 0.45179738562091504 0.47314453125 0.0032679738562091504 0.0087890625
7 0.41094771241830064 0.47216796875 0.0032679738562091504 0.0107421875
9 0.6850490196078431 0.46630859375 0.013888888888888888 0.0185546875
9 0.6838235294117647 0.47998046875 0.013071895424836602 0.0166015625
9 0.6830065359477124 0.49609375 0.011437908496732025 0.015625
9 0.553921568627451 0.46630859375 0.017973856209150325 0.0205078125
9 0.5641339869281046 0.51318359375 0.015522875816993464 0.0126953125
9 0.5927287581699346 0.515625 0.02369281045751634 0.01171875
9 0.08455882352941177 0.43505859375 0.03676470588235294 0.0439453125
9 0.06576797385620915 0.44873046875 0.008986928104575163 0.0244140625
9 0.06535947712418301 0.46435546875 0.00980392156862745 0.0087890625
9 0.06576797385620915 0.47412109375 0.010620915032679739 0.0087890625
0 0.20874183006535948 0.50390625 0.013888888888888888 0.01953125
6 0.4861111111111111 0.49609375 0.029411764705882353 0.0390625
2 0.05555555555555555 0.60205078125 0.1111111111111111 0.1982421875
2 0.1437908496732026 0.57421875 0.1830065359477124 0.1484375
2 0.22058823529411764 0.55615234375 0.05392156862745098 0.0927734375
2 0.3002450980392157 0.52734375 0.10702614379084967 0.068359375
2 0.37336601307189543 0.5126953125 0.05228758169934641 0.064453125
2 0.44730392156862747 0.55859375 0.0988562091503268 0.09765625
2 0.47344771241830064 0.52490234375 0.056372549019607844 0.0654296875
2 0.8541666666666666 0.61767578125 0.2769607843137255 0.1865234375
2 0.795751633986928 0.521484375 0.16339869281045752 0.140625
2 0.9640522875816994 0.5419921875 0.032679738562091505 0.052734375
2 0.5645424836601307 0.5009765625 0.021241830065359478 0.013671875
2 0.5281862745098039 0.4990234375 0.013888888888888888 0.013671875
2 0.920751633986928 0.5498046875 0.08496732026143791 0.048828125
