0 0.693359375 0.48193359375 0.04296875 0.1845703125
0 0.223046875 0.39208984375 0.00859375 0.0322265625
0 0.2828125 0.38134765625 0.0078125 0.0283203125
0 0.297265625 0.38232421875 0.00859375 0.0283203125
0 0.89296875 0.24755859375 0.0296875 0.0927734375
1 0.053125 0.642578125 0.1046875 0.265625
1 0.267578125 0.37890625 0.00546875 0.01171875
2 0.068359375 0.43798828125 0.07109375 0.0810546875
2 0.09140625 0.42431640625 0.075 0.0830078125
2 0.075390625 0.38134765625 0.03359375 0.0185546875
2 0.0484375 0.38232421875 0.0203125 0.0166015625
2 0.453125 0.4638671875 0.125 0.123046875
2 0.421875 0.4345703125 0.1046875 0.11328125
2 0.37265625 0.4296875 0.0328125 0.080078125
2 0.36171875 0.4189453125 0.0296875 0.05859375
2 0.141015625 0.40283203125 0.05859375 0.0673828125
2 0.172265625 0.404296875 0.02109375 0.04296875
2 0.184375 0.39990234375 0.025 0.0361328125
2 0.183984375 0.39453125 0.03515625 0.044921875
2 0.207421875 0.39453125 0.01328125 0.033203125
2 0.208984375 0.38818359375 0.02421875 0.0322265625
2 0.223828125 0.38525390625 0.01484375 0.0263671875
2 0.227734375 0.38232421875 0.02109375 0.0283203125
2 0.239453125 0.38037109375 0.01015625 0.0205078125
2 0.24921875 0.37841796875 0.009375 0.0146484375
2 0.25390625 0.3779296875 0.00625 0.013671875
2 0.25546875 0.37451171875 0.009375 0.0126953125
2 0.346875 0.40625 0.034375 0.048828125
2 0.32890625 0.400390625 0.009375 0.033203125
2 0.33203125 0.39404296875 0.0265625 0.0361328125
2 0.323046875 0.3896484375 0.01796875 0.033203125
2 0.316796875 0.38623046875 0.01796875 0.0322265625
2 0.309375 0.3837890625 0.0140625 0.02734375
0 0.03984375 0.54931640625 0.0796875 0.3388671875
0 0.267578125 0.37353515625 0.00390625 0.0146484375
2 0.516796875 0.41552734375 0.01796875 0.0361328125
