9 0.7352777777777778 0.380625 0.009444444444444445 0.03
0 0.9447222222222222 0.470625 0.025 0.09625
0 0.8219444444444445 0.4784375 0.035 0.116875
0 0.7911111111111111 0.48125 0.028888888888888888 0.11375
1 0.7766666666666666 0.489375 0.035555555555555556 0.05
1 0.8588888888888889 0.4896875 0.025555555555555557 0.045625
1 0.8822222222222222 0.4865625 0.025555555555555557 0.050625
1 0.9055555555555556 0.4865625 0.03111111111111111 0.043125
1 0.9336111111111111 0.48625 0.03611111111111111 0.04
1 0.8369444444444445 0.4915625 0.01611111111111111 0.041875
6 0.5141666666666667 0.4625 0.04055555555555555 0.04875
2 0.5566666666666666 0.4778125 0.06333333333333334 0.061875
2 0.5241666666666667 0.480625 0.013888888888888888 0.0425
2 0.5161111111111111 0.48 0.012222222222222223 0.035
2 0.5094444444444445 0.476875 0.013333333333333334 0.0275
2 0.4647222222222222 0.4825 0.06055555555555556 0.0575
2 0.41944444444444445 0.4715625 0.017777777777777778 0.014375
2 0.43444444444444447 0.46875 0.01 0.015
2 0.3902777777777778 0.4834375 0.02388888888888889 0.054375
2 0.35305555555555557 0.4884375 0.08166666666666667 0.071875
2 0.29694444444444446 0.493125 0.045 0.04125
2 0.11166666666666666 0.4884375 0.051111111111111114 0.043125
2 0.051111111111111114 0.4915625 0.058888888888888886 0.040625
8 0.185 0.5053125 0.013333333333333334 0.035625
