0 0.3383333333333333 0.4778125 0.02 0.055625
0 0.31666666666666665 0.4784375 0.014444444444444444 0.063125
0 0.30083333333333334 0.4784375 0.017222222222222222 0.065625
0 0.19972222222222222 0.49 0.029444444444444443 0.09625
0 0.1836111111111111 0.498125 0.029444444444444443 0.09125
0 0.15861111111111112 0.5103125 0.02277777777777778 0.065625
0 0.09555555555555556 0.4896875 0.04888888888888889 0.139375
2 0.9205555555555556 0.5309375 0.15888888888888889 0.189375
2 0.8602777777777778 0.51375 0.23833333333333334 0.1525
2 0.8405555555555555 0.4659375 0.26666666666666666 0.144375
2 0.6455555555555555 0.4671875 0.12666666666666668 0.063125
2 0.6655555555555556 0.5028125 0.09111111111111111 0.080625
