7 0.3447222222222222 0.4284375 0.008333333333333333 0.018125
7 0.5527777777777778 0.429375 0.0077777777777777776 0.0175
7 0.42777777777777776 0.4471875 0.0044444444444444444 0.005625
9 0.6547222222222222 0.438125 0.010555555555555556 0.01
9 0.6552777777777777 0.42 0.011666666666666667 0.02375
9 0.9813888888888889 0.3025 0.03611111111111111 0.06125
9 0.9886111111111111 0.3559375 0.02277777777777778 0.040625
9 0.7602777777777778 0.4425 0.011666666666666667 0.02375
0 0.5761111111111111 0.4665625 0.005555555555555556 0.016875
0 0.5858333333333333 0.4703125 0.006111111111111111 0.021875
0 0.6013888888888889 0.466875 0.007222222222222222 0.02625
0 0.6311111111111111 0.4678125 0.006666666666666667 0.025625
0 0.7161111111111111 0.4709375 0.014444444444444444 0.048125
0 0.745 0.469375 0.016666666666666666 0.05375
0 0.8019444444444445 0.4671875 0.021666666666666667 0.066875
0 0.8202777777777778 0.46875 0.02388888888888889 0.06375
0 0.8938888888888888 0.455625 0.017777777777777778 0.03875
0 0.8741666666666666 0.4578125 0.025 0.054375
0 0.9780555555555556 0.46875 0.04388888888888889 0.09
0 0.35083333333333333 0.4675 0.008333333333333333 0.02875
1 0.5263888888888889 0.4803125 0.012777777777777779 0.031875
1 0.5427777777777778 0.480625 0.012222222222222223 0.02875
2 0.44055555555555553 0.4696875 0.028888888888888888 0.031875
2 0.4847222222222222 0.4809375 0.07833333333333334 0.075625
0 0.525 0.4615625 0.014444444444444444 0.036875
0 0.5430555555555555 0.4703125 0.011666666666666667 0.043125
