7 0.3086111111111111 0.42125 0.005 0.01375
7 0.7386111111111111 0.2940625 0.017222222222222222 0.058125
7 0.7319444444444444 0.364375 0.02722222222222222 0.0275
7 0.48777777777777775 0.4221875 0.005555555555555556 0.010625
9 0.5052777777777778 0.4309375 0.010555555555555556 0.010625
9 0.5186111111111111 0.424375 0.013888888888888888 0.015
9 0.7333333333333333 0.425 0.011111111111111112 0.01875
9 0.7333333333333333 0.441875 0.008888888888888889 0.01375
0 0.7916666666666666 0.4471875 0.025555555555555557 0.068125
0 0.03194444444444444 0.464375 0.02388888888888889 0.06625
1 0.7691666666666667 0.5003125 0.08388888888888889 0.093125
2 0.4538888888888889 0.4615625 0.03222222222222222 0.029375
2 0.5911111111111111 0.4690625 0.12444444444444444 0.104375
0 0.7683333333333333 0.475 0.044444444444444446 0.12625
