7 0.028125 0.4248046875 0.01875 0.052734375
7 0.217578125 0.30810546875 0.01953125 0.0439453125
7 0.333203125 0.43603515625 0.01640625 0.0380859375
7 0.544140625 0.42919921875 0.01171875 0.0322265625
7 0.887109375 0.3466796875 0.01015625 0.029296875
7 0.960546875 0.39208984375 0.01171875 0.0322265625
0 0.99375 0.50048828125 0.0125 0.0498046875
0 0.98046875 0.498046875 0.0140625 0.0546875
2 0.846484375 0.4775390625 0.01015625 0.01171875
2 0.8265625 0.486328125 0.01875 0.01953125
2 0.78359375 0.50830078125 0.0375 0.0419921875
