9 0.6102941176470589 0.50830078125 0.013071895424836602 0.0068359375
9 0.610702614379085 0.49560546875 0.01715686274509804 0.0185546875
0 0.1213235294117647 0.55029296875 0.022058823529411766 0.0732421875
0 0.14215686274509803 0.5517578125 0.0196078431372549 0.076171875
0 0.17769607843137256 0.55029296875 0.025326797385620915 0.0849609375
0 0.7136437908496732 0.55029296875 0.015522875816993464 0.0439453125
0 0.5959967320261438 0.53955078125 0.007352941176470588 0.0322265625
2 0.4195261437908497 0.51123046875 0.008986928104575163 0.0107421875
2 0.4076797385620915 0.51123046875 0.008169934640522876 0.0107421875
2 0.40441176470588236 0.51416015625 0.00980392156862745 0.0107421875
2 0.40032679738562094 0.517578125 0.013071895424836602 0.01171875
2 0.37949346405228757 0.5263671875 0.01715686274509804 0.01953125
2 0.40318627450980393 0.53857421875 0.03676470588235294 0.0380859375
2 0.35498366013071897 0.53271484375 0.031862745098039214 0.0263671875
2 0.3423202614379085 0.5361328125 0.032679738562091505 0.021484375
2 0.3059640522875817 0.5478515625 0.04820261437908497 0.04296875
2 0.33700980392156865 0.60400390625 0.1380718954248366 0.1162109375
2 0.4256535947712418 0.52734375 0.03431372549019608 0.029296875
14 0.5053104575163399 0.509765625 0.01715686274509804 0.0546875
