4 0.633578431372549 0.38037109375 0.04656862745098039 0.1025390625
4 0.4125816993464052 0.388671875 0.021241830065359478 0.0390625
7 0.766748366013072 0.341796875 0.012254901960784314 0.033203125
7 0.5808823529411765 0.28173828125 0.024509803921568627 0.0244140625
0 0.7365196078431373 0.42578125 0.018790849673202614 0.05078125
3 0.6748366013071896 0.5244140625 0.09313725490196079 0.18359375
2 0.8570261437908496 0.47216796875 0.19281045751633988 0.1455078125
2 0.5204248366013072 0.4267578125 0.19934640522875818 0.275390625
2 0.3815359477124183 0.43408203125 0.06209150326797386 0.1279296875
2 0.190359477124183 0.4208984375 0.380718954248366 0.400390625
0 0.6768790849673203 0.47021484375 0.09068627450980392 0.1904296875
