9 0.904296875 0.2578125 0.05546875 0.015625
9 0.905078125 0.27490234375 0.02265625 0.0107421875
0 0.771875 0.32763671875 0.021875 0.0361328125
0 0.7578125 0.32421875 0.015625 0.046875
0 0.721875 0.517578125 0.053125 0.146484375
0 0.93671875 0.51220703125 0.065625 0.1435546875
0 0.228125 0.4169921875 0.003125 0.0078125
0 0.24140625 0.42578125 0.00625 0.0234375
0 0.2046875 0.435546875 0.00625 0.0234375
1 0.25078125 0.48681640625 0.0265625 0.0556640625
1 0.168359375 0.49951171875 0.02578125 0.0537109375
1 0.10390625 0.50146484375 0.03125 0.0673828125
1 0.122265625 0.4990234375 0.01796875 0.052734375
2 0.46171875 0.4560546875 0.015625 0.029296875
2 0.40625 0.49609375 0.103125 0.099609375
2 0.3796875 0.47412109375 0.0890625 0.0966796875
2 0.3375 0.47265625 0.0328125 0.072265625
2 0.325 0.46142578125 0.0265625 0.0537109375
2 0.31171875 0.45166015625 0.0375 0.0439453125
2 0.298046875 0.4453125 0.02265625 0.037109375
2 0.29453125 0.4384765625 0.0296875 0.033203125
2 0.287890625 0.43408203125 0.02890625 0.0322265625
2 0.27578125 0.4306640625 0.01875 0.029296875
2 0.266015625 0.427734375 0.01328125 0.025390625
2 0.216796875 0.41650390625 0.00546875 0.0087890625
2 0.211328125 0.41796875 0.01015625 0.009765625
2 0.20703125 0.421875 0.0109375 0.01171875
2 0.199609375 0.42578125 0.00859375 0.021484375
2 0.18828125 0.4267578125 0.0203125 0.025390625
2 0.187109375 0.4306640625 0.01171875 0.021484375
2 0.17421875 0.4326171875 0.0234375 0.02734375
2 0.173046875 0.43896484375 0.01640625 0.0263671875
2 0.1546875 0.43408203125 0.0328125 0.0302734375
2 0.155078125 0.4423828125 0.01640625 0.025390625
2 0.14765625 0.4501953125 0.015625 0.037109375
2 0.12265625 0.44921875 0.053125 0.0625
2 0.08515625 0.4619140625 0.0578125 0.05859375
2 0.06796875 0.482421875 0.0625 0.0703125
2 0.028125 0.5087890625 0.05625 0.091796875
2 0.01484375 0.4287109375 0.021875 0.015625
2 0.03984375 0.42919921875 0.03125 0.0166015625
2 0.06484375 0.42724609375 0.0203125 0.0146484375
2 0.0859375 0.4248046875 0.021875 0.017578125
2 0.0671875 0.4169921875 0.0171875 0.005859375
2 0.132421875 0.41650390625 0.01953125 0.0068359375
0 0.2234375 0.421875 0.0046875 0.013671875
0 0.249609375 0.46630859375 0.02421875 0.0751953125
0 0.16796875 0.4775390625 0.025 0.08984375
0 0.103515625 0.48095703125 0.03203125 0.0849609375
0 0.121875 0.4716796875 0.0203125 0.064453125
