7 0.9424019607843137 0.41748046875 0.013888888888888888 0.0556640625
7 0.5441176470588235 0.4814453125 0.0032679738562091504 0.005859375
7 0.9424019607843137 0.50732421875 0.007352941176470588 0.0224609375
9 0.7062908496732027 0.45556640625 0.010620915032679739 0.0166015625
9 0.6241830065359477 0.46484375 0.00980392156862745 0.01171875
9 0.7749183006535948 0.474609375 0.005718954248366013 0.01953125
9 0.6245915032679739 0.47607421875 0.007352941176470588 0.0107421875
0 0.8415032679738562 0.5166015625 0.013071895424836602 0.044921875
0 0.8517156862745098 0.51025390625 0.008986928104575163 0.0361328125
0 0.7250816993464052 0.54248046875 0.03349673202614379 0.0849609375
0 0.7128267973856209 0.5361328125 0.02369281045751634 0.0625
0 0.696078431372549 0.52734375 0.016339869281045753 0.046875
0 0.8647875816993464 0.5087890625 0.007352941176470588 0.025390625
0 0.9795751633986928 0.50732421875 0.014705882352941176 0.0205078125
6 0.2540849673202614 0.49609375 0.2581699346405229 0.130859375
3 0.8374183006535948 0.5693359375 0.11437908496732026 0.111328125
3 0.8602941176470589 0.58154296875 0.10130718954248366 0.1162109375
3 0.9227941176470589 0.609375 0.12009803921568628 0.10546875
3 0.9620098039215687 0.62841796875 0.07598039215686274 0.1435546875
3 0.985702614379085 0.6689453125 0.028594771241830064 0.109375
3 0.12540849673202614 0.6806640625 0.11683006535947713 0.20703125
2 0.6474673202614379 0.5712890625 0.125 0.134765625
2 0.5641339869281046 0.5146484375 0.03349673202614379 0.03125
2 0.5420751633986928 0.50341796875 0.02042483660130719 0.0224609375
2 0.5241013071895425 0.51416015625 0.025326797385620915 0.0263671875
2 0.5053104575163399 0.5009765625 0.02042483660130719 0.01953125
2 0.4178921568627451 0.50244140625 0.008986928104575163 0.0087890625
2 0.4285130718954248 0.67041015625 0.31290849673202614 0.3330078125
2 0.3022875816993464 0.56201171875 0.10294117647058823 0.1162109375
2 0.09068627450980392 0.55078125 0.12581699346405228 0.076171875
2 0.03308823529411765 0.544921875 0.0661764705882353 0.060546875
0 0.12581699346405228 0.61328125 0.10294117647058823 0.212890625
