4 0.5032679738562091 0.3896484375 0.021241830065359478 0.015625
7 0.6094771241830066 0.38720703125 0.004901960784313725 0.0166015625
7 0.616421568627451 0.38671875 0.005718954248366013 0.01953125
7 0.4795751633986928 0.38623046875 0.0032679738562091504 0.0068359375
7 0.4820261437908497 0.3828125 0.0032679738562091504 0.01171875
9 0.8084150326797386 0.37060546875 0.012254901960784314 0.0146484375
9 0.8026960784313726 0.3466796875 0.008986928104575163 0.03515625
9 0.1090686274509804 0.2763671875 0.02369281045751634 0.029296875
9 0.04003267973856209 0.2421875 0.032679738562091505 0.05078125
9 0.19730392156862744 0.2939453125 0.018790849673202614 0.033203125
0 0.4714052287581699 0.4052734375 0.004901960784313725 0.013671875
0 0.40318627450980393 0.41162109375 0.010620915032679739 0.0400390625
0 0.3713235294117647 0.41650390625 0.02042483660130719 0.0693359375
0 0.28227124183006536 0.41796875 0.01715686274509804 0.0625
0 0.04411764705882353 0.41357421875 0.026143790849673203 0.0830078125
0 0.06862745098039216 0.4287109375 0.032679738562091505 0.109375
1 0.05473856209150327 0.498046875 0.10947712418300654 0.111328125
1 0.38929738562091504 0.43310546875 0.031862745098039214 0.0419921875
6 0.5514705882352942 0.3984375 0.0784313725490196 0.1328125
2 0.4922385620915033 0.404296875 0.01715686274509804 0.021484375
2 0.5049019607843137 0.41552734375 0.017973856209150325 0.0263671875
2 0.627859477124183 0.4248046875 0.02042483660130719 0.05078125
2 0.573937908496732 0.45751953125 0.12173202614379085 0.1318359375
2 0.7263071895424836 0.4609375 0.13562091503267973 0.126953125
0 0.4869281045751634 0.416015625 0.011437908496732025 0.0390625
0 0.4616013071895425 0.42236328125 0.014705882352941176 0.0576171875
