7 0.7558333333333334 0.4365625 0.009444444444444445 0.010625
7 0.7536111111111111 0.411875 0.007222222222222222 0.0175
7 0.6977777777777778 0.41875 0.0077777777777777776 0.02
7 0.5991666666666666 0.395 0.010555555555555556 0.02875
7 0.5641666666666667 0.4159375 0.007222222222222222 0.018125
7 0.5661111111111111 0.43875 0.0044444444444444444 0.01375
7 0.5552777777777778 0.446875 0.005 0.01
7 0.4711111111111111 0.37 0.006666666666666667 0.01875
7 0.4041666666666667 0.3675 0.007222222222222222 0.02
7 0.3486111111111111 0.324375 0.010555555555555556 0.0325
7 0.255 0.3371875 0.011111111111111112 0.030625
7 0.22833333333333333 0.4303125 0.005555555555555556 0.023125
7 0.18916666666666668 0.4296875 0.007222222222222222 0.018125
7 0.1 0.4184375 0.005555555555555556 0.020625
9 0.8361111111111111 0.3278125 0.02666666666666667 0.019375
9 0.8347222222222223 0.294375 0.028333333333333332 0.04625
9 0.7933333333333333 0.404375 0.005555555555555556 0.015
9 0.7958333333333333 0.383125 0.011666666666666667 0.02625
9 0.7208333333333333 0.428125 0.007222222222222222 0.01125
9 0.7205555555555555 0.4103125 0.013333333333333334 0.024375
9 0.7288888888888889 0.3840625 0.01 0.018125
9 0.7277777777777777 0.35625 0.008888888888888889 0.02875
9 0.7261111111111112 0.3140625 0.013333333333333334 0.049375
9 0.6336111111111111 0.413125 0.021666666666666667 0.0125
9 0.6336111111111111 0.40125 0.02277777777777778 0.01125
9 0.6177777777777778 0.4396875 0.0044444444444444444 0.006875
9 0.6175 0.430625 0.008333333333333333 0.0125
9 0.5522222222222222 0.3846875 0.03888888888888889 0.009375
9 0.42027777777777775 0.36625 0.012777777777777779 0.01625
9 0.11 0.375 0.05444444444444444 0.0175
9 0.8686111111111111 0.4028125 0.007222222222222222 0.014375
9 0.8691666666666666 0.385 0.008333333333333333 0.0225
0 0.35055555555555556 0.465625 0.01 0.025
2 0.5080555555555556 0.480625 0.07722222222222222 0.06625
2 0.47305555555555556 0.465 0.013888888888888888 0.015
2 0.45611111111111113 0.4671875 0.024444444444444446 0.024375
2 0.3975 0.47125 0.030555555555555555 0.025
