7 0.400634765625 0.5100911458333334 0.01416015625 0.041015625
7 0.925048828125 0.3805338541666667 0.02392578125 0.07877604166666667
9 0.169189453125 0.5198567708333334 0.01318359375 0.016276041666666668
9 0.169189453125 0.5641276041666666 0.01318359375 0.031901041666666664
9 0.91015625 0.5657552083333334 0.017578125 0.03125
1 0.757568359375 0.6741536458333334 0.05224609375 0.11653645833333333
2 0.3046875 0.6103515625 0.0908203125 0.07356770833333333
2 0.527587890625 0.6383463541666666 0.12158203125 0.13606770833333334
2 0.56884765625 0.5934244791666666 0.0546875 0.06315104166666667
2 0.5810546875 0.5712890625 0.0322265625 0.030598958333333332
0 0.760498046875 0.6393229166666666 0.05810546875 0.16015625
