4 0.34068627450980393 0.47509765625 0.08986928104575163 0.0771484375
7 0.49959150326797386 0.15380859375 0.022058823529411766 0.0634765625
7 0.7263071895424836 0.31787109375 0.024509803921568627 0.0615234375
7 0.44893790849673204 0.42041015625 0.007352941176470588 0.0205078125
7 0.4709967320261438 0.4296875 0.005718954248366013 0.017578125
7 0.690359477124183 0.4326171875 0.006535947712418301 0.01953125
9 0.6711601307189542 0.40234375 0.015522875816993464 0.01953125
9 0.5772058823529411 0.443359375 0.013888888888888888 0.0078125
9 0.5776143790849673 0.45263671875 0.014705882352941176 0.0087890625
9 0.579248366013072 0.4609375 0.013071895424836602 0.005859375
9 0.44607843137254904 0.43798828125 0.008169934640522876 0.0107421875
9 0.4550653594771242 0.43896484375 0.008169934640522876 0.0087890625
9 0.0559640522875817 0.42626953125 0.04493464052287582 0.0224609375
9 0.14133986928104575 0.416015625 0.017973856209150325 0.021484375
9 0.1417483660130719 0.4306640625 0.015522875816993464 0.0078125
9 0.747140522875817 0.43212890625 0.013888888888888888 0.0146484375
9 0.6004901960784313 0.4580078125 0.00980392156862745 0.0078125
0 0.9477124183006536 0.537109375 0.08006535947712418 0.2734375
0 0.9758986928104575 0.56591796875 0.04820261437908497 0.2841796875
0 0.7814542483660131 0.49169921875 0.028594771241830064 0.0986328125
0 0.7434640522875817 0.47412109375 0.03594771241830065 0.0556640625
0 0.017565359477124183 0.5224609375 0.02042483660130719 0.0625
0 0.11397058823529412 0.501953125 0.022058823529411766 0.068359375
0 0.13194444444444445 0.50537109375 0.01715686274509804 0.0634765625
0 0.16911764705882354 0.50146484375 0.0196078431372549 0.0537109375
0 0.826797385620915 0.47607421875 0.013071895424836602 0.0419921875
0 0.8337418300653595 0.47607421875 0.013888888888888888 0.0400390625
1 0.21854575163398693 0.5068359375 0.01715686274509804 0.03515625
1 0.8247549019607843 0.50830078125 0.04820261437908497 0.0439453125
3 0.2994281045751634 0.53271484375 0.05473856209150327 0.0908203125
2 0.3991013071895425 0.46630859375 0.056372549019607844 0.0341796875
2 0.3839869281045752 0.49267578125 0.08006535947712418 0.0654296875
2 0.4550653594771242 0.5029296875 0.07679738562091504 0.076171875
2 0.5661764705882353 0.58447265625 0.21568627450980393 0.2275390625
2 0.5870098039215687 0.46484375 0.0661764705882353 0.013671875
2 0.49468954248366015 0.48095703125 0.04330065359477124 0.0361328125
2 0.8529411764705882 0.4853515625 0.024509803921568627 0.03125
0 0.2181372549019608 0.498046875 0.014705882352941176 0.04296875
0 0.3022875816993464 0.517578125 0.04738562091503268 0.095703125
