9 0.6591666666666667 0.39 0.007222222222222222 0.015
2 0.4436111111111111 0.4540625 0.007222222222222222 0.006875
2 0.42583333333333334 0.459375 0.009444444444444445 0.00875
2 0.415 0.4625 0.013333333333333334 0.015
2 0.4097222222222222 0.46625 0.010555555555555556 0.02
2 0.39444444444444443 0.4678125 0.02666666666666667 0.025625
2 0.4575 0.4553125 0.005 0.010625
2 0.4666666666666667 0.4553125 0.014444444444444444 0.018125
2 0.4936111111111111 0.458125 0.012777777777777779 0.0225
2 0.5063888888888889 0.4603125 0.025 0.028125
2 0.5233333333333333 0.463125 0.025555555555555557 0.02875
2 0.5322222222222223 0.466875 0.03222222222222222 0.02375
2 0.33 0.4884375 0.035555555555555556 0.065625
2 0.3 0.4934375 0.07777777777777778 0.085625
2 0.2275 0.505625 0.13277777777777777 0.12125
2 0.1 0.5234375 0.2 0.256875
