7 0.4436111111111111 0.383125 0.011666666666666667 0.035
7 0.44055555555555553 0.409375 0.011111111111111112 0.01125
7 0.7191666666666666 0.3896875 0.010555555555555556 0.030625
7 0.7225 0.4190625 0.011666666666666667 0.013125
7 0.7122222222222222 0.4234375 0.008888888888888889 0.008125
7 0.7794444444444445 0.2840625 0.013333333333333334 0.034375
7 0.8161111111111111 0.3878125 0.008888888888888889 0.010625
7 0.8330555555555555 0.3953125 0.010555555555555556 0.030625
9 0.4905555555555556 0.3959375 0.013333333333333334 0.016875
9 0.6827777777777778 0.4153125 0.006666666666666667 0.009375
9 0.6833333333333333 0.4046875 0.006666666666666667 0.010625
9 0.7272222222222222 0.4084375 0.016666666666666666 0.006875
9 0.7177777777777777 0.3675 0.0077777777777777776 0.0075
9 0.7180555555555556 0.356875 0.008333333333333333 0.01375
9 0.8230555555555555 0.2871875 0.026111111111111113 0.015625
2 0.0775 0.523125 0.155 0.325
2 0.1663888888888889 0.48 0.295 0.25375
2 0.3025 0.4571875 0.16833333333333333 0.166875
2 0.49694444444444447 0.4378125 0.03944444444444444 0.033125
2 0.5702777777777778 0.4375 0.10833333333333334 0.055
2 0.6541666666666667 0.4425 0.09722222222222222 0.04875
