9 0.30416666666666664 0.453125 0.007222222222222222 0.0125
9 0.5975 0.416875 0.02277777777777778 0.0075
9 0.81 0.3565625 0.02 0.034375
9 0.5608333333333333 0.451875 0.005 0.01
9 0.0811111111111111 0.411875 0.016666666666666666 0.0325
2 0.3786111111111111 0.4896875 0.03833333333333333 0.036875
2 0.4652777777777778 0.451875 0.007222222222222222 0.00625
2 0.48583333333333334 0.4528125 0.006111111111111111 0.005625
2 0.495 0.4521875 0.013333333333333334 0.009375
2 0.5019444444444444 0.461875 0.018333333333333333 0.01375
2 0.5383333333333333 0.4953125 0.043333333333333335 0.043125
2 0.8166666666666667 0.5159375 0.30444444444444446 0.241875
8 0.1363888888888889 0.521875 0.015 0.03375
