7 0.4703125 0.46044921875 0.003125 0.0048828125
7 0.435546875 0.44775390625 0.00390625 0.0048828125
7 0.414453125 0.443359375 0.00234375 0.00390625
9 0.544921875 0.4404296875 0.00703125 0.01171875
9 0.54453125 0.4287109375 0.0125 0.01171875
9 0.489453125 0.46337890625 0.01015625 0.0068359375
9 0.47734375 0.46337890625 0.00625 0.0068359375
9 0.451953125 0.4521484375 0.00859375 0.00390625
9 0.45703125 0.4638671875 0.003125 0.00390625
9 0.4140625 0.47607421875 0.003125 0.0048828125
9 0.38359375 0.48388671875 0.0046875 0.0068359375
9 0.237109375 0.490234375 0.01953125 0.0234375
9 0.199609375 0.49658203125 0.00703125 0.0283203125
9 0.178125 0.51171875 0.0296875 0.033203125
9 0.249609375 0.51025390625 0.00546875 0.0048828125
9 0.245703125 0.5068359375 0.00859375 0.005859375
1 0.319921875 0.49951171875 0.01171875 0.0263671875
2 0.844140625 0.4521484375 0.05859375 0.025390625
2 0.7859375 0.4345703125 0.015625 0.01171875
2 0.7796875 0.43212890625 0.0140625 0.0107421875
2 0.432421875 0.4619140625 0.00546875 0.005859375
2 0.43671875 0.46142578125 0.003125 0.0048828125
2 0.422265625 0.4873046875 0.01328125 0.015625
2 0.400390625 0.4716796875 0.00859375 0.0078125
2 0.394140625 0.4775390625 0.00859375 0.0078125
2 0.36953125 0.48779296875 0.0125 0.0107421875
2 0.333984375 0.4931640625 0.01640625 0.01953125
2 0.31796875 0.49609375 0.0171875 0.021484375
2 0.287890625 0.49853515625 0.02734375 0.0283203125
2 0.266796875 0.50048828125 0.02421875 0.0283203125
2 0.225 0.50537109375 0.034375 0.0263671875
2 0.148046875 0.5166015625 0.03828125 0.041015625
0 0.319140625 0.49072265625 0.01171875 0.0341796875
8 0.63125 0.49755859375 0.0125 0.0439453125
