9 0.256640625 0.42822265625 0.01953125 0.0244140625
9 0.256640625 0.447265625 0.01953125 0.01171875
9 0.699609375 0.396484375 0.03671875 0.046875
9 0.69921875 0.431640625 0.0359375 0.021484375
0 0.056640625 0.54443359375 0.02890625 0.1123046875
0 0.13125 0.49560546875 0.025 0.0654296875
0 0.166015625 0.498046875 0.01640625 0.064453125
0 0.330078125 0.47509765625 0.00703125 0.0224609375
0 0.437890625 0.5244140625 0.02890625 0.08203125
0 0.453125 0.48779296875 0.0109375 0.0283203125
0 0.569921875 0.47265625 0.01171875 0.02734375
0 0.619140625 0.48974609375 0.01328125 0.0302734375
0 0.609765625 0.4853515625 0.01171875 0.025390625
0 0.666796875 0.49462890625 0.01171875 0.0341796875
0 0.679296875 0.4931640625 0.01640625 0.029296875
0 0.64765625 0.4814453125 0.009375 0.013671875
0 0.6328125 0.4765625 0.0078125 0.01171875
0 0.784375 0.49560546875 0.0125 0.0498046875
0 0.798828125 0.4794921875 0.01328125 0.02734375
0 0.8203125 0.501953125 0.009375 0.048828125
1 0.27109375 0.49951171875 0.015625 0.0380859375
1 0.342578125 0.49560546875 0.01015625 0.0244140625
1 0.37421875 0.47509765625 0.0046875 0.0107421875
3 0.53515625 0.498046875 0.0375 0.033203125
2 0.955859375 0.77001953125 0.08828125 0.2119140625
2 0.821875 0.63720703125 0.259375 0.2138671875
2 0.70078125 0.58642578125 0.140625 0.1435546875
2 0.49921875 0.576171875 0.1484375 0.166015625
2 0.3796875 0.4677734375 0.03125 0.015625
2 0.398828125 0.46435546875 0.01328125 0.0126953125
2 0.41640625 0.4658203125 0.0203125 0.01171875
2 0.462109375 0.46044921875 0.01640625 0.0244140625
2 0.476953125 0.4716796875 0.02421875 0.025390625
2 0.491015625 0.48291015625 0.01171875 0.0244140625
2 0.497265625 0.4833984375 0.01328125 0.025390625
2 0.5203125 0.48388671875 0.04375 0.0341796875
0 0.34375 0.48583984375 0.0125 0.0380859375
0 0.37421875 0.4697265625 0.00625 0.013671875
