9 0.6348039215686274 0.4326171875 0.011437908496732025 0.005859375
9 0.6327614379084967 0.4384765625 0.007352941176470588 0.005859375
9 0.49387254901960786 0.39892578125 0.031862745098039214 0.0166015625
9 0.4930555555555556 0.41796875 0.03349673202614379 0.009765625
1 0.6507352941176471 0.47119140625 0.007352941176470588 0.0166015625
1 0.6617647058823529 0.47265625 0.006535947712418301 0.015625
1 0.6384803921568627 0.48095703125 0.013888888888888888 0.0302734375
3 0.5812908496732027 0.517578125 0.031862745098039214 0.0625
2 0.6115196078431373 0.46923828125 0.02369281045751634 0.0224609375
2 0.5861928104575164 0.48193359375 0.041666666666666664 0.0419921875
2 0.6658496732026143 0.45703125 0.013071895424836602 0.015625
2 0.6564542483660131 0.4599609375 0.010620915032679739 0.015625
2 0.6895424836601307 0.4521484375 0.008169934640522876 0.0078125
2 0.5702614379084967 0.43994140625 0.011437908496732025 0.0107421875
0 0.7610294117647058 0.49560546875 0.028594771241830064 0.0966796875
0 0.5808823529411765 0.4970703125 0.032679738562091505 0.078125
0 0.6503267973856209 0.4658203125 0.008169934640522876 0.025390625
0 0.6617647058823529 0.46826171875 0.006535947712418301 0.0205078125
0 0.6380718954248366 0.470703125 0.014705882352941176 0.033203125
14 0.7622549019607843 0.5341796875 0.0196078431372549 0.033203125
