7 0.046977124183006536 0.11181640625 0.07434640522875817 0.1669921875
7 0.046977124183006536 0.44287109375 0.010620915032679739 0.0361328125
7 0.08006535947712418 0.4609375 0.03104575163398693 0.080078125
7 0.43014705882352944 0.46875 0.008986928104575163 0.013671875
7 0.41748366013071897 0.46923828125 0.00980392156862745 0.0126953125
7 0.4236111111111111 0.4462890625 0.008986928104575163 0.029296875
9 0.9399509803921569 0.46484375 0.025326797385620915 0.02734375
9 0.9391339869281046 0.43701171875 0.025326797385620915 0.0283203125
9 0.9407679738562091 0.48388671875 0.012254901960784314 0.0107421875
9 0.7201797385620915 0.4384765625 0.03839869281045752 0.0625
9 0.7491830065359477 0.46435546875 0.013071895424836602 0.0107421875
9 0.7491830065359477 0.44775390625 0.0196078431372549 0.0224609375
9 0.698937908496732 0.46484375 0.005718954248366013 0.0078125
9 0.6997549019607843 0.47216796875 0.005718954248366013 0.0068359375
9 0.5816993464052288 0.44775390625 0.0196078431372549 0.0068359375
9 0.5808823529411765 0.455078125 0.016339869281045753 0.005859375
9 0.5808823529411765 0.46142578125 0.016339869281045753 0.0048828125
9 0.5804738562091504 0.4677734375 0.015522875816993464 0.005859375
9 0.5334967320261438 0.46484375 0.008169934640522876 0.00390625
9 0.5339052287581699 0.46826171875 0.007352941176470588 0.0029296875
9 0.5461601307189542 0.47412109375 0.004084967320261438 0.0048828125
0 0.6523692810457516 0.50634765625 0.012254901960784314 0.0478515625
0 0.8668300653594772 0.54296875 0.027777777777777776 0.083984375
0 0.8574346405228758 0.54736328125 0.02369281045751634 0.0791015625
0 0.806781045751634 0.521484375 0.01715686274509804 0.052734375
0 0.7406045751633987 0.48876953125 0.008986928104575163 0.0126953125
0 0.7303921568627451 0.48828125 0.00980392156862745 0.015625
2 0.8496732026143791 0.5244140625 0.06209150326797386 0.048828125
2 0.7561274509803921 0.50927734375 0.05310457516339869 0.0419921875
2 0.7320261437908496 0.50927734375 0.016339869281045753 0.0322265625
2 0.5498366013071896 0.4931640625 0.016339869281045753 0.015625
2 0.5674019607843137 0.4990234375 0.022058823529411766 0.021484375
2 0.5931372549019608 0.50634765625 0.03104575163398693 0.0302734375
2 0.372140522875817 0.5224609375 0.059640522875817 0.056640625
2 0.4571078431372549 0.49658203125 0.02369281045751634 0.0224609375
2 0.36356209150326796 0.4970703125 0.029411764705882353 0.013671875
2 0.335375816993464 0.515625 0.035130718954248366 0.041015625
2 0.3035130718954248 0.5263671875 0.061274509803921566 0.052734375
2 0.9693627450980392 0.92138671875 0.061274509803921566 0.1572265625
2 0.46772875816993464 0.4853515625 0.010620915032679739 0.01171875
