7 0.860546875 0.4033203125 0.01015625 0.01953125
7 0.887109375 0.361328125 0.02109375 0.025390625
7 0.57421875 0.43408203125 0.0109375 0.0126953125
7 0.463671875 0.435546875 0.01015625 0.01171875
7 0.50078125 0.439453125 0.0078125 0.0078125
7 0.46171875 0.4521484375 0.0078125 0.0078125
9 0.88125 0.4892578125 0.015625 0.025390625
9 0.88359375 0.43798828125 0.0578125 0.0263671875
9 0.915234375 0.404296875 0.05390625 0.021484375
9 0.7578125 0.41748046875 0.015625 0.0087890625
2 0.853515625 0.60302734375 0.29296875 0.1787109375
2 0.54765625 0.46630859375 0.0234375 0.0224609375
