4 0.4505718954248366 0.4912109375 0.008986928104575163 0.013671875
4 0.4881535947712418 0.48876953125 0.008986928104575163 0.0146484375
7 0.9419934640522876 0.4150390625 0.016339869281045753 0.060546875
7 0.9424019607843137 0.5068359375 0.007352941176470588 0.021484375
7 0.5441176470588235 0.48095703125 0.0032679738562091504 0.0048828125
7 0.2312091503267974 0.47802734375 0.004901960784313725 0.0126953125
9 0.7066993464052288 0.455078125 0.00980392156862745 0.017578125
9 0.6237745098039216 0.46533203125 0.010620915032679739 0.0126953125
9 0.7749183006535948 0.474609375 0.005718954248366013 0.021484375
9 0.684640522875817 0.45458984375 0.013071895424836602 0.0244140625
0 0.8014705882352942 0.5166015625 0.014705882352941176 0.04296875
0 0.25735294117647056 0.5146484375 0.008169934640522876 0.021484375
0 0.26348039215686275 0.5126953125 0.008986928104575163 0.0234375
0 0.7209967320261438 0.49951171875 0.005718954248366013 0.0146484375
0 0.7618464052287581 0.5 0.007352941176470588 0.015625
0 0.39705882352941174 0.50390625 0.006535947712418301 0.013671875
6 0.10294117647058823 0.49267578125 0.20588235294117646 0.2021484375
3 0.9852941176470589 0.66357421875 0.029411764705882353 0.1162109375
3 0.9603758169934641 0.62939453125 0.07924836601307189 0.1435546875
3 0.9293300653594772 0.607421875 0.14133986928104575 0.119140625
3 0.8786764705882353 0.59130859375 0.13970588235294118 0.1044921875
3 0.8410947712418301 0.5712890625 0.12009803921568628 0.107421875
2 0.4272875816993464 0.669921875 0.3137254901960784 0.3359375
2 0.6458333333333334 0.5703125 0.125 0.1328125
2 0.5649509803921569 0.5146484375 0.03349673202614379 0.029296875
2 0.5420751633986928 0.50341796875 0.022058823529411766 0.0224609375
2 0.3055555555555556 0.55908203125 0.1111111111111111 0.1201171875
2 0.36151960784313725 0.5029296875 0.01715686274509804 0.013671875
2 0.3647875816993464 0.49365234375 0.018790849673202614 0.0107421875
2 0.4387254901960784 0.494140625 0.00980392156862745 0.009765625
2 0.5073529411764706 0.49951171875 0.013071895424836602 0.0107421875
2 0.3500816993464052 0.5078125 0.018790849673202614 0.01171875
