7 0.910888671875 0.4524739583333333 0.02880859375 0.07942708333333333
7 0.054443359375 0.447265625 0.03271484375 0.08333333333333333
7 0.079345703125 0.455078125 0.01611328125 0.06901041666666667
9 0.9033203125 0.5182291666666666 0.0244140625 0.052083333333333336
9 0.064697265625 0.5172526041666666 0.02197265625 0.051432291666666664
0 0.89697265625 0.71484375 0.0869140625 0.375
0 0.930419921875 0.7418619791666666 0.07666015625 0.3665364583333333
2 0.754638671875 0.6083984375 0.07177734375 0.07486979166666667
2 0.582275390625 0.5738932291666666 0.03369140625 0.038411458333333336
2 0.686279296875 0.5966796875 0.05322265625 0.052734375
2 0.658447265625 0.595703125 0.01220703125 0.04296875
2 0.654052734375 0.5930989583333334 0.01123046875 0.037760416666666664
2 0.60986328125 0.572265625 0.021484375 0.032552083333333336
2 0.516357421875 0.6090494791666666 0.06494140625 0.06966145833333333
2 0.55126953125 0.5768229166666666 0.02734375 0.033854166666666664
2 0.362548828125 0.6022135416666666 0.03173828125 0.036458333333333336
2 0.435546875 0.5735677083333334 0.095703125 0.14713541666666666
