9 0.27532679738562094 0.5009765625 0.00980392156862745 0.009765625
9 0.9705882352941176 0.4287109375 0.042483660130718956 0.052734375
3 0.45751633986928103 0.4951171875 0.017973856209150325 0.03515625
3 0.6062091503267973 0.48583984375 0.017973856209150325 0.0322265625
2 0.551062091503268 0.46826171875 0.005718954248366013 0.0087890625
2 0.5584150326797386 0.47021484375 0.012254901960784314 0.0126953125
2 0.5714869281045751 0.47509765625 0.02042483660130719 0.0185546875
2 0.5363562091503268 0.4677734375 0.008986928104575163 0.0078125
2 0.5343137254901961 0.47265625 0.011437908496732025 0.01171875
2 0.5253267973856209 0.47900390625 0.02287581699346405 0.0205078125
2 0.5040849673202614 0.47607421875 0.014705882352941176 0.0146484375
2 0.4922385620915033 0.47314453125 0.012254901960784314 0.0126953125
2 0.48161764705882354 0.47119140625 0.008986928104575163 0.0048828125
2 0.4693627450980392 0.47314453125 0.015522875816993464 0.0068359375
2 0.46078431372549017 0.47314453125 0.006535947712418301 0.0068359375
2 0.44485294117647056 0.4765625 0.010620915032679739 0.0078125
2 0.4334150326797386 0.47705078125 0.010620915032679739 0.0087890625
2 0.42401960784313725 0.47705078125 0.011437908496732025 0.0107421875
2 0.4027777777777778 0.4814453125 0.017973856209150325 0.01171875
2 0.38848039215686275 0.48193359375 0.010620915032679739 0.0107421875
2 0.30269607843137253 0.49365234375 0.031862745098039214 0.0205078125
2 0.22834967320261437 0.50390625 0.056372549019607844 0.02734375
0 0.4571078431372549 0.486328125 0.015522875816993464 0.037109375
0 0.6058006535947712 0.478515625 0.015522875816993464 0.03515625
