9 0.10861111111111112 0.400625 0.011666666666666667 0.02
9 0.2136111111111111 0.37625 0.02722222222222222 0.0325
9 0.2136111111111111 0.399375 0.021666666666666667 0.01125
9 0.31333333333333335 0.4278125 0.006666666666666667 0.011875
9 0.7538888888888889 0.3696875 0.01888888888888889 0.029375
9 0.5705555555555556 0.38 0.024444444444444446 0.01375
9 0.5708333333333333 0.36125 0.019444444444444445 0.0225
6 0.8536111111111111 0.43625 0.08722222222222223 0.0275
2 0.09305555555555556 0.46125 0.095 0.07
2 0.3894444444444444 0.436875 0.07222222222222222 0.02375
2 0.8452777777777778 0.4603125 0.11055555555555556 0.058125
2 0.7844444444444445 0.4521875 0.06666666666666667 0.019375
2 0.5163888888888889 0.49875 0.5583333333333333 0.21125
2 0.17333333333333334 0.46125 0.06444444444444444 0.03625
