0 0.7505555555555555 0.53625 0.09666666666666666 0.2875
0 0.7011111111111111 0.5065625 0.05555555555555555 0.209375
2 0.12694444444444444 0.47875 0.2538888888888889 0.28
2 0.9019444444444444 0.501875 0.19611111111111112 0.27
2 0.7388888888888889 0.50125 0.16111111111111112 0.14125
2 0.7047222222222222 0.484375 0.21611111111111111 0.13125
2 0.5344444444444445 0.4775 0.042222222222222223 0.0525
2 0.5766666666666667 0.481875 0.051111111111111114 0.06
2 0.59 0.46875 0.09333333333333334 0.0575
2 0.44472222222222224 0.4753125 0.10388888888888889 0.123125
2 0.28305555555555556 0.4865625 0.06277777777777778 0.085625
2 0.31222222222222223 0.4728125 0.05555555555555555 0.078125
2 0.3413888888888889 0.4728125 0.042777777777777776 0.051875
2 0.37083333333333335 0.46125 0.028333333333333332 0.035
2 0.5041666666666667 0.4653125 0.026111111111111113 0.040625
