4 0.9211601307189542 0.38916015625 0.1576797385620915 0.2119140625
4 0.7540849673202614 0.43896484375 0.027777777777777776 0.0302734375
4 0.6315359477124183 0.39892578125 0.12418300653594772 0.1787109375
6 0.7822712418300654 0.43603515625 0.02369281045751634 0.0302734375
2 0.8259803921568627 0.44140625 0.03431372549019608 0.046875
2 0.8133169934640523 0.43798828125 0.022058823529411766 0.0400390625
2 0.7920751633986928 0.439453125 0.03349673202614379 0.02734375
2 0.31086601307189543 0.43994140625 0.2704248366013072 0.2626953125
2 0.4526143790849673 0.45458984375 0.08823529411764706 0.1279296875
2 0.573937908496732 0.48095703125 0.18382352941176472 0.1923828125
2 0.7267156862745098 0.4443359375 0.04656862745098039 0.04296875
2 0.6973039215686274 0.43798828125 0.012254901960784314 0.0322265625
2 0.4803921568627451 0.3974609375 0.10947712418300654 0.08203125
