9 0.682373046875 0.4453125 0.01123046875 0.0234375
9 0.716796875 0.42578125 0.0146484375 0.028645833333333332
0 0.083984375 0.501953125 0.015625 0.12890625
0 0.10205078125 0.4990234375 0.0234375 0.126953125
0 0.1220703125 0.501953125 0.0390625 0.13020833333333334
0 0.23779296875 0.49609375 0.0146484375 0.07161458333333333
1 0.24169921875 0.5367838541666666 0.025390625 0.061848958333333336
1 0.373779296875 0.5110677083333334 0.02099609375 0.05859375
1 0.33642578125 0.5169270833333334 0.013671875 0.041666666666666664
1 0.345703125 0.5152994791666666 0.013671875 0.046223958333333336
1 0.827880859375 0.5768229166666666 0.07470703125 0.140625
1 0.916748046875 0.5696614583333334 0.08056640625 0.15494791666666666
2 0.44091796875 0.4931640625 0.0458984375 0.056640625
2 0.471923828125 0.5029296875 0.02294921875 0.033203125
2 0.649169921875 0.498046875 0.04052734375 0.048177083333333336
8 0.888427734375 0.62109375 0.04736328125 0.11588541666666667
