0 0.5175 0.4765625 0.018333333333333333 0.039375
0 0.5536111111111112 0.4734375 0.012777777777777779 0.045625
0 0.58 0.47125 0.012222222222222223 0.0425
6 0.71 0.446875 0.051111111111111114 0.03
2 0.11444444444444445 0.501875 0.2288888888888889 0.2875
2 0.2313888888888889 0.464375 0.08944444444444444 0.0525
2 0.715 0.460625 0.04111111111111111 0.04
2 0.7961111111111111 0.4625 0.04777777777777778 0.06125
2 0.8386111111111111 0.4640625 0.07611111111111112 0.068125
2 0.8947222222222222 0.4615625 0.06833333333333333 0.090625
2 0.9538888888888889 0.4621875 0.09222222222222222 0.110625
2 0.7725 0.45125 0.085 0.07
14 0.35333333333333333 0.4975 0.26222222222222225 0.05625
14 0.5563888888888889 0.473125 0.06722222222222222 0.01875
