4 0.3938888888888889 0.43 0.08555555555555555 0.0875
7 0.8730555555555556 0.3478125 0.030555555555555555 0.031875
7 0.8666666666666667 0.2575 0.025555555555555557 0.07875
9 0.8497222222222223 0.3975 0.007222222222222222 0.02375
9 0.8591666666666666 0.3196875 0.055 0.023125
9 0.22722222222222221 0.3996875 0.008888888888888889 0.015625
9 0.735 0.370625 0.013333333333333334 0.0225
9 0.6252777777777778 0.4075 0.009444444444444445 0.01375
9 0.5902777777777778 0.4190625 0.013888888888888888 0.009375
9 0.5905555555555555 0.4071875 0.013333333333333334 0.014375
0 0.8577777777777778 0.4759375 0.08 0.165625
0 0.7127777777777777 0.4575 0.024444444444444446 0.06
2 0.15 0.505625 0.22444444444444445 0.15875
2 0.33 0.4640625 0.09222222222222222 0.074375
2 0.6544444444444445 0.4615625 0.09444444444444444 0.084375
2 0.6002777777777778 0.45125 0.06166666666666667 0.06375
2 0.5727777777777778 0.450625 0.02 0.05
2 0.5633333333333334 0.4528125 0.014444444444444444 0.034375
2 0.5572222222222222 0.450625 0.028888888888888888 0.03625
2 0.5461111111111111 0.4490625 0.013333333333333334 0.029375
2 0.5405555555555556 0.449375 0.012222222222222223 0.025
2 0.5261111111111111 0.4465625 0.013333333333333334 0.019375
2 0.5363888888888889 0.4475 0.012777777777777779 0.025
2 0.5308333333333334 0.4475 0.010555555555555556 0.01875
2 0.5044444444444445 0.4478125 0.014444444444444444 0.009375
2 0.5066666666666667 0.4484375 0.024444444444444446 0.011875
2 0.4597222222222222 0.4453125 0.029444444444444443 0.015625
2 0.4766666666666667 0.44625 0.011111111111111112 0.01125
