7 0.057861328125 0.4264322916666667 0.02490234375 0.0390625
7 0.75146484375 0.4189453125 0.03125 0.044921875
7 0.431640625 0.5384114583333334 0.009765625 0.013020833333333334
7 0.510498046875 0.5514322916666666 0.00634765625 0.0078125
7 0.52587890625 0.5478515625 0.005859375 0.008463541666666666
7 0.57275390625 0.55078125 0.0068359375 0.0078125
7 0.60986328125 0.5397135416666666 0.0126953125 0.01953125
9 0.070068359375 0.5061848958333334 0.02783203125 0.06315104166666667
9 0.74560546875 0.5055338541666666 0.0322265625 0.06315104166666667
0 0.93896484375 0.5953776041666666 0.0244140625 0.091796875
0 0.88525390625 0.6048177083333334 0.03515625 0.11067708333333333
0 0.25732421875 0.5804036458333334 0.0107421875 0.025390625
0 0.231689453125 0.5804036458333334 0.01318359375 0.033203125
2 0.549072265625 0.5813802083333334 0.02490234375 0.016927083333333332
