4 0.04084967320261438 0.5166015625 0.03104575163398693 0.046875
9 0.20016339869281047 0.50244140625 0.006535947712418301 0.0068359375
9 0.06699346405228758 0.49755859375 0.004901960784313725 0.0068359375
9 0.06781045751633986 0.5068359375 0.004901960784313725 0.01171875
0 0.07883986928104575 0.52734375 0.015522875816993464 0.03515625
0 0.06985294117647059 0.5263671875 0.008986928104575163 0.02734375
0 0.10784313725490197 0.53173828125 0.006535947712418301 0.0185546875
0 0.11601307189542484 0.51953125 0.011437908496732025 0.02734375
0 0.13480392156862744 0.52197265625 0.013071895424836602 0.0341796875
0 0.14665032679738563 0.5224609375 0.01715686274509804 0.03515625
0 0.15196078431372548 0.5234375 0.011437908496732025 0.029296875
0 0.2761437908496732 0.50341796875 0.008169934640522876 0.0244140625
0 0.2839052287581699 0.498046875 0.007352941176470588 0.029296875
0 0.3022875816993464 0.50537109375 0.008169934640522876 0.0302734375
0 0.306781045751634 0.5029296875 0.008986928104575163 0.037109375
0 0.44199346405228757 0.4892578125 0.00980392156862745 0.017578125
0 0.44730392156862747 0.48974609375 0.010620915032679739 0.0166015625
0 0.4693627450980392 0.4892578125 0.015522875816993464 0.0390625
0 0.4652777777777778 0.49169921875 0.008986928104575163 0.0361328125
0 0.4852941176470588 0.48486328125 0.011437908496732025 0.0205078125
0 0.5081699346405228 0.48046875 0.008169934640522876 0.02734375
0 0.5224673202614379 0.47705078125 0.008986928104575163 0.0185546875
0 0.559640522875817 0.48681640625 0.017973856209150325 0.0517578125
0 0.5731209150326797 0.48583984375 0.013888888888888888 0.0498046875
0 0.5943627450980392 0.48779296875 0.02042483660130719 0.0576171875
0 0.6004901960784313 0.48046875 0.014705882352941176 0.0546875
0 0.616421568627451 0.4853515625 0.01715686274509804 0.056640625
0 0.7050653594771242 0.46044921875 0.011437908496732025 0.0361328125
0 0.752859477124183 0.4658203125 0.012254901960784314 0.041015625
0 0.7671568627450981 0.46826171875 0.024509803921568627 0.0478515625
0 0.7945261437908496 0.4560546875 0.010620915032679739 0.03125
0 0.8031045751633987 0.4609375 0.011437908496732025 0.041015625
0 0.8223039215686274 0.4580078125 0.008986928104575163 0.033203125
0 0.8145424836601307 0.45654296875 0.00980392156862745 0.0361328125
0 0.8071895424836601 0.45703125 0.014705882352941176 0.046875
0 0.8598856209150327 0.4638671875 0.013888888888888888 0.052734375
0 0.8901143790849673 0.470703125 0.03022875816993464 0.078125
0 0.8962418300653595 0.47216796875 0.014705882352941176 0.0693359375
0 0.8725490196078431 0.44482421875 0.00980392156862745 0.0283203125
0 0.8684640522875817 0.46630859375 0.00980392156862745 0.0224609375
0 0.9183006535947712 0.44873046875 0.013071895424836602 0.0517578125
0 0.9583333333333334 0.451171875 0.014705882352941176 0.0546875
0 0.9391339869281046 0.44677734375 0.012254901960784314 0.0419921875
0 0.948937908496732 0.4482421875 0.008986928104575163 0.0390625
0 0.988562091503268 0.4423828125 0.016339869281045753 0.05078125
0 0.9268790849673203 0.44677734375 0.012254901960784314 0.0439453125
0 0.6666666666666666 0.4677734375 0.008169934640522876 0.01953125
0 0.25612745098039214 0.5048828125 0.007352941176470588 0.015625
0 0.3243464052287582 0.49755859375 0.011437908496732025 0.0244140625
0 0.16339869281045752 0.515625 0.00980392156862745 0.01953125
2 0.7226307189542484 0.50732421875 0.13970588235294118 0.0634765625
