9 0.3300653594771242 0.318359375 0.014705882352941176 0.01953125
9 0.32802287581699346 0.34765625 0.02042483660130719 0.041015625
9 0.34395424836601307 0.34716796875 0.014705882352941176 0.0439453125
9 0.37459150326797386 0.357421875 0.012254901960784314 0.03125
9 0.40645424836601307 0.3388671875 0.05473856209150327 0.068359375
9 0.4293300653594771 0.3779296875 0.013888888888888888 0.017578125
9 0.45179738562091504 0.3896484375 0.006535947712418301 0.0078125
9 0.4616013071895425 0.38525390625 0.006535947712418301 0.0068359375
0 0.02369281045751634 0.38916015625 0.029411764705882353 0.0869140625
0 0.31699346405228757 0.40185546875 0.011437908496732025 0.0380859375
0 0.3312908496732026 0.3974609375 0.013888888888888888 0.0390625
0 0.34763071895424835 0.39990234375 0.012254901960784314 0.0400390625
0 0.3619281045751634 0.39404296875 0.008169934640522876 0.0263671875
0 0.3831699346405229 0.40234375 0.011437908496732025 0.037109375
6 0.5563725490196079 0.3876953125 0.03431372549019608 0.03125
2 0.9440359477124183 0.6318359375 0.1119281045751634 0.201171875
2 0.7103758169934641 0.47021484375 0.14460784313725492 0.1220703125
2 0.8059640522875817 0.45068359375 0.08251633986928104 0.0537109375
2 0.858251633986928 0.451171875 0.035130718954248366 0.03515625
2 0.6058006535947712 0.43408203125 0.07924836601307189 0.0732421875
2 0.5216503267973857 0.4638671875 0.1315359477124183 0.134765625
2 0.47467320261437906 0.40576171875 0.011437908496732025 0.0146484375
