7 0.7194444444444444 0.3840625 0.006666666666666667 0.018125
7 0.6430555555555556 0.39625 0.008333333333333333 0.01875
7 0.5119444444444444 0.3428125 0.009444444444444445 0.019375
7 0.3713888888888889 0.4015625 0.011666666666666667 0.021875
7 0.2802777777777778 0.3903125 0.009444444444444445 0.020625
9 0.5986111111111111 0.4034375 0.011666666666666667 0.014375
0 0.8011111111111111 0.42375 0.02 0.02625
2 0.9161111111111111 0.480625 0.16777777777777778 0.10375
2 0.8108333333333333 0.4690625 0.10055555555555555 0.071875
2 0.024166666666666666 0.5009375 0.04833333333333333 0.064375
2 0.3725 0.463125 0.09055555555555556 0.07625
2 0.4216666666666667 0.440625 0.03222222222222222 0.02625
2 0.4438888888888889 0.4378125 0.021111111111111112 0.019375
