9 0.633203125 0.41796875 0.02265625 0.02734375
9 0.341796875 0.43212890625 0.01484375 0.0185546875
9 0.633203125 0.43896484375 0.02109375 0.0126953125
0 0.562109375 0.49462890625 0.01796875 0.0576171875
0 0.303125 0.47998046875 0.0125 0.0458984375
0 0.4 0.474609375 0.00625 0.02734375
0 0.058203125 0.47216796875 0.01171875 0.0517578125
0 0.379296875 0.47119140625 0.00546875 0.0185546875
0 0.45078125 0.48046875 0.009375 0.025390625
0 0.283203125 0.478515625 0.01015625 0.044921875
0 0.492578125 0.4697265625 0.00546875 0.01953125
2 0.491015625 0.5341796875 0.11171875 0.125
2 0.690625 0.5478515625 0.115625 0.103515625
2 0.628125 0.52392578125 0.071875 0.0830078125
2 0.598828125 0.51513671875 0.04296875 0.0693359375
2 0.0390625 0.525390625 0.078125 0.07421875
2 0.43828125 0.4619140625 0.015625 0.015625
2 0.946484375 0.50341796875 0.10703125 0.0693359375
2 0.981640625 0.5107421875 0.03671875 0.072265625
2 0.5421875 0.47998046875 0.03125 0.0361328125
1 0.2 0.517578125 0.0125 0.046875
1 0.186328125 0.51806640625 0.01484375 0.0517578125
1 0.350390625 0.484375 0.01171875 0.029296875
