9 0.7747222222222222 0.45125 0.013888888888888888 0.04375
9 0.7561111111111111 0.4490625 0.014444444444444444 0.025625
9 0.72 0.4509375 0.011111111111111112 0.018125
9 0.7330555555555556 0.4478125 0.009444444444444445 0.031875
9 0.3327777777777778 0.4278125 0.008888888888888889 0.015625
9 0.29 0.3615625 0.02 0.009375
9 0.2897222222222222 0.391875 0.013888888888888888 0.03
9 0.11805555555555555 0.406875 0.03166666666666667 0.0125
9 0.6630555555555555 0.4153125 0.008333333333333333 0.016875
9 0.8677777777777778 0.3828125 0.025555555555555557 0.011875
0 0.15694444444444444 0.500625 0.041666666666666664 0.125
1 0.8341666666666666 0.5484375 0.0961111111111111 0.148125
6 0.5838888888888889 0.435625 0.06222222222222222 0.06
6 0.44805555555555554 0.4634375 0.02388888888888889 0.035625
2 0.6158333333333333 0.47 0.06166666666666667 0.0575
2 0.5830555555555555 0.465625 0.03388888888888889 0.04375
2 0.42333333333333334 0.47125 0.017777777777777778 0.035
2 0.4116666666666667 0.47 0.01888888888888889 0.04125
2 0.38555555555555554 0.471875 0.05333333333333334 0.0475
2 0.5163888888888889 0.5078125 0.1438888888888889 0.131875
0 0.8375 0.49875 0.09277777777777778 0.2375
6 0.9344444444444444 0.40625 0.13111111111111112 0.545
