7 0.45611111111111113 0.434375 0.0044444444444444444 0.0125
7 0.4811111111111111 0.4465625 0.0044444444444444444 0.009375
9 0.7291666666666666 0.3128125 0.02722222222222222 0.030625
9 0.7319444444444444 0.3871875 0.018333333333333333 0.030625
9 0.5330555555555555 0.406875 0.017222222222222222 0.02
9 0.5341666666666667 0.4209375 0.010555555555555556 0.005625
9 0.07 0.39875 0.021111111111111112 0.03
9 0.06944444444444445 0.419375 0.013333333333333334 0.0075
9 0.1975 0.4315625 0.015 0.018125
9 0.1986111111111111 0.44875 0.009444444444444445 0.005
1 0.5466666666666666 0.4875 0.024444444444444446 0.05
2 0.9233333333333333 0.5946875 0.15333333333333332 0.241875
2 0.49777777777777776 0.4646875 0.028888888888888888 0.029375
2 0.4811111111111111 0.46375 0.011111111111111112 0.02125
2 0.4602777777777778 0.4671875 0.026111111111111113 0.025625
2 0.43527777777777776 0.4646875 0.01611111111111111 0.014375
2 0.3952777777777778 0.4659375 0.050555555555555555 0.050625
2 0.34194444444444444 0.4675 0.020555555555555556 0.01875
2 0.19694444444444445 0.479375 0.058333333333333334 0.0475
2 0.0913888888888889 0.489375 0.07611111111111112 0.05375
2 0.0275 0.498125 0.055 0.05375
0 0.5486111111111112 0.46875 0.028333333333333332 0.0625
