4 0.8243464052287581 0.42333984375 0.35130718954248363 0.1396484375
4 0.068218954248366 0.501953125 0.136437908496732 0.078125
4 0.15727124183006536 0.49462890625 0.04820261437908497 0.0478515625
9 0.5894607843137255 0.42333984375 0.02369281045751634 0.0283203125
9 0.5902777777777778 0.43994140625 0.010620915032679739 0.0048828125
0 0.5477941176470589 0.46533203125 0.005718954248366013 0.0166015625
0 0.5608660130718954 0.47705078125 0.012254901960784314 0.0478515625
0 0.5743464052287581 0.46875 0.00980392156862745 0.029296875
0 0.5833333333333334 0.46875 0.006535947712418301 0.01953125
1 0.5441176470588235 0.4755859375 0.021241830065359478 0.0234375
3 0.5032679738562091 0.48583984375 0.021241830065359478 0.0244140625
2 0.7920751633986928 0.5126953125 0.34068627450980393 0.205078125
2 0.6225490196078431 0.4697265625 0.04411764705882353 0.029296875
2 0.25163398692810457 0.560546875 0.1895424836601307 0.12890625
2 0.3888888888888889 0.50537109375 0.16666666666666666 0.1220703125
2 0.25939542483660133 0.49267578125 0.06454248366013073 0.0126953125
2 0.2152777777777778 0.5048828125 0.04820261437908497 0.033203125
2 0.08251633986928104 0.521484375 0.0915032679738562 0.044921875
2 0.4709967320261438 0.48095703125 0.010620915032679739 0.0263671875
0 0.5024509803921569 0.47705078125 0.011437908496732025 0.0322265625
0 0.5073529411764706 0.4765625 0.008169934640522876 0.03125
