7 0.435302734375 0.5419921875 0.00927734375 0.011067708333333334
7 0.422119140625 0.5498046875 0.00537109375 0.008463541666666666
9 0.581787109375 0.5328776041666666 0.01220703125 0.024088541666666668
9 0.212646484375 0.529296875 0.01904296875 0.014322916666666666
0 0.363037109375 0.5823567708333334 0.01806640625 0.068359375
2 0.866943359375 0.6943359375 0.21240234375 0.18815104166666666
2 0.78857421875 0.5849609375 0.0498046875 0.030598958333333332
2 0.876220703125 0.59375 0.04150390625 0.033854166666666664
2 0.62646484375 0.5823567708333334 0.09375 0.06315104166666667
2 0.73046875 0.5709635416666666 0.0263671875 0.020833333333333332
2 0.690673828125 0.5690104166666666 0.02685546875 0.02734375
2 0.48388671875 0.6197916666666666 0.138671875 0.16536458333333334
