7 0.4688888888888889 0.41625 0.006666666666666667 0.0125
7 0.5005555555555555 0.4221875 0.006666666666666667 0.010625
7 0.5119444444444444 0.420625 0.006111111111111111 0.00875
7 0.5261111111111111 0.4234375 0.0033333333333333335 0.010625
7 0.43527777777777776 0.4475 0.0038888888888888888 0.0125
9 0.42916666666666664 0.4334375 0.021666666666666667 0.005625
9 0.5408333333333334 0.4334375 0.01611111111111111 0.004375
9 0.42277777777777775 0.4515625 0.0044444444444444444 0.004375
9 0.6388888888888888 0.4203125 0.01888888888888889 0.010625
9 0.6380555555555556 0.4025 0.02277777777777778 0.02375
9 0.7847222222222222 0.3740625 0.051666666666666666 0.074375
9 0.7788888888888889 0.26625 0.06444444444444444 0.13375
9 0.18194444444444444 0.42875 0.008333333333333333 0.00625
9 0.18166666666666667 0.4159375 0.008888888888888889 0.019375
9 0.6080555555555556 0.4146875 0.026111111111111113 0.021875
0 0.7952777777777778 0.4325 0.011666666666666667 0.04375
0 0.7586111111111111 0.4184375 0.009444444444444445 0.036875
0 0.7447222222222222 0.418125 0.010555555555555556 0.02875
0 0.7711111111111111 0.4325 0.015555555555555555 0.04375
0 0.01972222222222222 0.4853125 0.013888888888888888 0.045625
0 0.03611111111111111 0.4928125 0.01888888888888889 0.064375
0 0.058333333333333334 0.4853125 0.025555555555555557 0.073125
0 0.17583333333333334 0.4765625 0.012777777777777779 0.044375
0 0.1947222222222222 0.480625 0.012777777777777779 0.0375
0 0.21166666666666667 0.4746875 0.014444444444444444 0.040625
0 0.22777777777777777 0.474375 0.011111111111111112 0.035
0 0.25305555555555553 0.475 0.008333333333333333 0.02875
0 0.2619444444444444 0.4740625 0.008333333333333333 0.030625
0 0.275 0.4771875 0.011111111111111112 0.026875
0 0.2866666666666667 0.47375 0.008888888888888889 0.03
0 0.3016666666666667 0.4728125 0.01 0.034375
0 0.29138888888888886 0.4721875 0.008333333333333333 0.033125
0 0.3238888888888889 0.4728125 0.0077777777777777776 0.025625
0 0.3169444444444444 0.469375 0.006111111111111111 0.02375
0 0.36138888888888887 0.4725 0.006111111111111111 0.02
0 0.37972222222222224 0.470625 0.006111111111111111 0.01875
0 0.35444444444444445 0.4709375 0.006666666666666667 0.019375
0 0.3863888888888889 0.4715625 0.005 0.015625
1 0.1363888888888889 0.491875 0.026111111111111113 0.0425
2 0.47638888888888886 0.4721875 0.01611111111111111 0.010625
2 0.5372222222222223 0.4884375 0.09888888888888889 0.095625
0 0.10888888888888888 0.483125 0.016666666666666666 0.05625
0 0.1375 0.475625 0.026111111111111113 0.0625
