9 0.462890625 0.49560546875 0.00546875 0.0068359375
0 0.973046875 0.49658203125 0.02578125 0.0849609375
2 0.053125 0.73974609375 0.10625 0.3173828125
2 0.061328125 0.578125 0.12265625 0.154296875
2 0.137109375 0.56982421875 0.07265625 0.1435546875
2 0.20625 0.54443359375 0.09375 0.1044921875
2 0.260546875 0.541015625 0.03671875 0.08203125
2 0.2953125 0.5322265625 0.046875 0.056640625
2 0.321875 0.53173828125 0.021875 0.0478515625
2 0.340234375 0.52783203125 0.03046875 0.0341796875
2 0.348046875 0.52490234375 0.02890625 0.0380859375
2 0.364453125 0.525390625 0.01484375 0.02734375
2 0.376953125 0.51806640625 0.02578125 0.0283203125
2 0.624609375 0.59716796875 0.14140625 0.1376953125
2 0.579296875 0.56787109375 0.09921875 0.0888671875
2 0.56796875 0.5517578125 0.0921875 0.099609375
2 0.519921875 0.55810546875 0.02109375 0.0595703125
2 0.512109375 0.53662109375 0.02109375 0.0576171875
2 0.498828125 0.53173828125 0.02734375 0.0517578125
2 0.4390625 0.50927734375 0.015625 0.0185546875
2 0.487109375 0.52734375 0.01328125 0.046875
2 0.47890625 0.52490234375 0.0109375 0.0341796875
2 0.469921875 0.51904296875 0.01171875 0.0302734375
2 0.4625 0.513671875 0.009375 0.021484375
2 0.426953125 0.509765625 0.00859375 0.01171875
2 0.411328125 0.51171875 0.01484375 0.01171875
2 0.4765625 0.521484375 0.0109375 0.02734375
2 0.473828125 0.521484375 0.00859375 0.029296875
