4 0.8178104575163399 0.4365234375 0.36437908496732024 0.4375
7 0.12418300653594772 0.47216796875 0.008169934640522876 0.0224609375
7 0.19240196078431374 0.4755859375 0.004084967320261438 0.013671875
7 0.4395424836601307 0.42578125 0.014705882352941176 0.0390625
7 0.5040849673202614 0.4365234375 0.013071895424836602 0.0234375
7 0.38766339869281047 0.462890625 0.004084967320261438 0.005859375
7 0.6515522875816994 0.3076171875 0.01715686274509804 0.041015625
7 0.616421568627451 0.44091796875 0.004084967320261438 0.0087890625
9 0.13071895424836602 0.46484375 0.006535947712418301 0.017578125
9 0.2361111111111111 0.42578125 0.0392156862745098 0.046875
9 0.24223856209150327 0.47216796875 0.04003267973856209 0.0458984375
9 0.41544117647058826 0.42724609375 0.018790849673202614 0.0205078125
0 0.15236928104575165 0.5068359375 0.012254901960784314 0.0390625
0 0.17034313725490197 0.5068359375 0.012254901960784314 0.0390625
0 0.184640522875817 0.5107421875 0.008169934640522876 0.029296875
0 0.20016339869281047 0.4990234375 0.008169934640522876 0.015625
0 0.19158496732026145 0.50634765625 0.004084967320261438 0.0126953125
2 0.060866013071895424 0.56640625 0.12173202614379085 0.13671875
2 0.13276143790849673 0.51025390625 0.01715686274509804 0.0166015625
2 0.2193627450980392 0.51416015625 0.0661764705882353 0.0439453125
2 0.27001633986928103 0.49853515625 0.049836601307189546 0.0380859375
2 0.3137254901960784 0.48583984375 0.05392156862745098 0.0224609375
2 0.3831699346405229 0.49169921875 0.05555555555555555 0.0361328125
2 0.31290849673202614 0.57080078125 0.21405228758169934 0.1552734375
2 0.5433006535947712 0.58154296875 0.21568627450980393 0.2431640625
2 0.5351307189542484 0.45703125 0.09967320261437909 0.021484375
2 0.41830065359477125 0.48388671875 0.026143790849673203 0.0205078125
2 0.6286764705882353 0.45947265625 0.010620915032679739 0.0146484375
