4 0.41299019607843135 0.38037109375 0.1380718954248366 0.1572265625
7 0.8092320261437909 0.384765625 0.005718954248366013 0.01171875
7 0.23937908496732027 0.3349609375 0.004901960784313725 0.015625
7 0.238562091503268 0.359375 0.004901960784313725 0.013671875
7 0.27736928104575165 0.365234375 0.004084967320261438 0.013671875
9 0.6576797385620915 0.38720703125 0.017973856209150325 0.0107421875
9 0.6119281045751634 0.40576171875 0.03104575163398693 0.0283203125
6 0.8186274509803921 0.408203125 0.017973856209150325 0.0234375
2 0.934640522875817 0.42529296875 0.0392156862745098 0.0205078125
2 0.7892156862745098 0.421875 0.05555555555555555 0.025390625
2 0.8316993464052288 0.419921875 0.017973856209150325 0.013671875
2 0.9178921568627451 0.32470703125 0.059640522875817 0.0263671875
2 0.7949346405228758 0.3212890625 0.049019607843137254 0.01953125
2 0.6764705882352942 0.466796875 0.1781045751633987 0.1484375
2 0.5584150326797386 0.42822265625 0.0988562091503268 0.0791015625
2 0.49264705882352944 0.41455078125 0.021241830065359478 0.0595703125
2 0.33455882352941174 0.41259765625 0.03349673202614379 0.0400390625
2 0.32516339869281047 0.38916015625 0.017973856209150325 0.0166015625
2 0.34191176470588236 0.38671875 0.02042483660130719 0.013671875
2 0.3047385620915033 0.412109375 0.0392156862745098 0.080078125
2 0.24101307189542484 0.4365234375 0.14215686274509803 0.1328125
2 0.21772875816993464 0.37939453125 0.04820261437908497 0.0341796875
2 0.18178104575163398 0.39111328125 0.015522875816993464 0.0185546875
2 0.15196078431372548 0.39892578125 0.03104575163398693 0.0283203125
2 0.13848039215686275 0.38916015625 0.018790849673202614 0.0126953125
2 0.11274509803921569 0.43017578125 0.10784313725490197 0.0791015625
2 0.037173202614379085 0.43701171875 0.07434640522875817 0.1103515625
