7 0.434326171875 0.541015625 0.00830078125 0.026041666666666668
7 0.515625 0.5559895833333334 0.00390625 0.013020833333333334
7 0.5791015625 0.5553385416666666 0.0029296875 0.009114583333333334
7 0.531494140625 0.552734375 0.00341796875 0.010416666666666666
7 0.615234375 0.544921875 0.0087890625 0.03125
7 0.77587890625 0.4436848958333333 0.0185546875 0.061848958333333336
9 0.040283203125 0.505859375 0.01806640625 0.06510416666666667
9 0.76953125 0.5078125 0.033203125 0.06510416666666667
9 0.59326171875 0.5647786458333334 0.005859375 0.009765625
0 0.213623046875 0.5843098958333334 0.01513671875 0.037109375
2 0.508056640625 0.5817057291666666 0.02001953125 0.018880208333333332
2 0.555908203125 0.5904947916666666 0.02783203125 0.033854166666666664
