7 0.5322222222222223 0.41375 0.006666666666666667 0.0075
9 0.5216666666666666 0.42625 0.006666666666666667 0.00875
9 0.5325 0.4278125 0.010555555555555556 0.014375
9 0.5725 0.41625 0.010555555555555556 0.0175
9 0.9613888888888888 0.2859375 0.04055555555555555 0.083125
2 0.03916666666666667 0.515 0.07833333333333334 0.16125
2 0.1238888888888889 0.5053125 0.13555555555555557 0.139375
2 0.23916666666666667 0.495625 0.09833333333333333 0.08
2 0.28888888888888886 0.4809375 0.06444444444444444 0.066875
2 0.33194444444444443 0.470625 0.04833333333333333 0.0525
2 0.3675 0.47125 0.025 0.035
2 0.37805555555555553 0.461875 0.042777777777777776 0.04375
2 0.4197222222222222 0.459375 0.021666666666666667 0.02
2 0.4558333333333333 0.45625 0.013888888888888888 0.01375
2 0.4338888888888889 0.4571875 0.011111111111111112 0.014375
2 0.5375 0.4665625 0.019444444444444445 0.045625
2 0.5733333333333334 0.4671875 0.07777777777777778 0.071875
2 0.6422222222222222 0.4821875 0.10555555555555556 0.093125
2 0.8358333333333333 0.506875 0.3283333333333333 0.22375
2 0.9308333333333333 0.5803125 0.13833333333333334 0.238125
