7 0.089599609375 0.3531901041666667 0.02294921875 0.07356770833333333
7 0.496337890625 0.1611328125 0.02392578125 0.07877604166666667
7 0.7412109375 0.3492838541666667 0.02734375 0.08268229166666667
9 0.199951171875 0.447265625 0.01611328125 0.013020833333333334
9 0.6826171875 0.443359375 0.0205078125 0.033854166666666664
9 0.680908203125 0.4694010416666667 0.00927734375 0.018229166666666668
9 0.89794921875 0.3694661458333333 0.021484375 0.027994791666666668
9 0.900390625 0.3912760416666667 0.0537109375 0.018229166666666668
0 0.190673828125 0.5598958333333334 0.03857421875 0.15625
0 0.19384765625 0.5592447916666666 0.0478515625 0.14713541666666666
0 0.864501953125 0.5335286458333334 0.02685546875 0.09309895833333333
0 0.951171875 0.5035807291666666 0.0244140625 0.039713541666666664
1 0.856689453125 0.5478515625 0.05615234375 0.047526041666666664
2 0.232177734375 0.5452473958333334 0.13916015625 0.06575520833333333
2 0.63134765625 0.5550130208333334 0.0703125 0.072265625
2 0.60791015625 0.5442708333333334 0.04296875 0.059895833333333336
2 0.58642578125 0.5400390625 0.03125 0.054036458333333336
2 0.5791015625 0.5260416666666666 0.0390625 0.045572916666666664
2 0.577880859375 0.5309244791666666 0.02490234375 0.041015625
2 0.55712890625 0.5211588541666666 0.015625 0.021484375
0 0.119384765625 0.7350260416666666 0.15478515625 0.3385416666666667
14 0.126708984375 0.8444010416666666 0.16748046875 0.15755208333333334
