9 0.73359375 0.373046875 0.040625 0.048828125
9 0.734375 0.40380859375 0.0234375 0.0107421875
9 0.28671875 0.423828125 0.0171875 0.021484375
9 0.28828125 0.43798828125 0.0125 0.0068359375
0 0.251171875 0.4765625 0.01328125 0.033203125
0 0.265234375 0.48193359375 0.01484375 0.0439453125
0 0.389453125 0.48193359375 0.00703125 0.0263671875
0 0.058984375 0.50439453125 0.01640625 0.0439453125
0 0.041015625 0.51220703125 0.01953125 0.0498046875
1 0.41875 0.6015625 0.0515625 0.123046875
1 0.3390625 0.5087890625 0.01875 0.037109375
1 0.282421875 0.5 0.01484375 0.03515625
2 0.058984375 0.6630859375 0.11796875 0.236328125
2 0.147265625 0.599609375 0.15234375 0.162109375
2 0.198828125 0.5654296875 0.10546875 0.123046875
2 0.239453125 0.5419921875 0.08828125 0.09765625
2 0.296875 0.47021484375 0.015625 0.0185546875
2 0.341796875 0.490234375 0.04609375 0.046875
2 0.365234375 0.4921875 0.01015625 0.03515625
2 0.3703125 0.48779296875 0.009375 0.0302734375
2 0.36953125 0.482421875 0.025 0.041015625
2 0.3859375 0.48388671875 0.009375 0.0244140625
2 0.387890625 0.4775390625 0.01484375 0.01953125
2 0.396484375 0.47412109375 0.01171875 0.0185546875
2 0.437109375 0.474609375 0.01015625 0.01953125
2 0.451171875 0.48486328125 0.03046875 0.0341796875
2 0.466015625 0.47119140625 0.01015625 0.0166015625
2 0.476953125 0.47607421875 0.01953125 0.0283203125
2 0.47890625 0.48095703125 0.0140625 0.0205078125
2 0.484375 0.484375 0.009375 0.02734375
2 0.486328125 0.48486328125 0.01171875 0.0341796875
2 0.49609375 0.4853515625 0.0125 0.037109375
2 0.50625 0.486328125 0.0234375 0.046875
2 0.533984375 0.49755859375 0.05078125 0.0478515625
2 0.6796875 0.55126953125 0.1296875 0.1083984375
2 0.80703125 0.6259765625 0.246875 0.185546875
2 0.91953125 0.72509765625 0.1609375 0.2744140625
2 0.958203125 0.49853515625 0.08359375 0.0771484375
2 0.89375 0.4990234375 0.0703125 0.060546875
0 0.56640625 0.57861328125 0.05 0.1572265625
0 0.4171875 0.55126953125 0.0609375 0.1748046875
0 0.338671875 0.4951171875 0.02109375 0.052734375
0 0.282421875 0.4873046875 0.01484375 0.052734375
11 0.564453125 0.6455078125 0.01953125 0.01953125
14 0.540625 0.4658203125 0.0421875 0.0390625
