9 0.07527777777777778 0.41375 0.02722222222222222 0.0225
9 0.3288888888888889 0.4496875 0.017777777777777778 0.016875
9 0.35777777777777775 0.460625 0.008888888888888889 0.0125
0 0.7005555555555556 0.4671875 0.016666666666666666 0.041875
0 0.7152777777777778 0.475625 0.019444444444444445 0.06375
0 0.73 0.4725 0.03 0.065
0 0.7438888888888889 0.48 0.015555555555555555 0.05
0 0.020833333333333332 0.461875 0.013888888888888888 0.04125
0 0.21416666666666667 0.4528125 0.009444444444444445 0.020625
0 0.3447222222222222 0.4796875 0.005 0.013125
0 0.3516666666666667 0.4778125 0.005555555555555556 0.016875
2 0.5847222222222223 0.5540625 0.30833333333333335 0.263125
