7 0.9230555555555555 0.3703125 0.02388888888888889 0.021875
7 0.6572222222222223 0.3890625 0.024444444444444446 0.024375
7 0.32805555555555554 0.4303125 0.006111111111111111 0.016875
7 0.525 0.429375 0.0044444444444444444 0.0125
7 0.4702777777777778 0.406875 0.007222222222222222 0.01
7 0.6608333333333334 0.3228125 0.02277777777777778 0.031875
9 0.945 0.325625 0.03 0.0375
9 0.9688888888888889 0.358125 0.03333333333333333 0.015
9 0.6561111111111111 0.43375 0.01 0.01625
9 0.6622222222222223 0.36875 0.03888888888888889 0.01625
0 0.8841666666666667 0.4578125 0.030555555555555555 0.115625
0 0.8575 0.4653125 0.02722222222222222 0.106875
0 0.8366666666666667 0.4625 0.028888888888888888 0.105
0 0.7680555555555556 0.4721875 0.026111111111111113 0.105625
0 0.7447222222222222 0.46625 0.025 0.09375
0 0.7769444444444444 0.4640625 0.020555555555555556 0.088125
0 0.7138888888888889 0.453125 0.015555555555555555 0.06375
0 0.6758333333333333 0.450625 0.019444444444444445 0.055
0 0.6341666666666667 0.478125 0.03944444444444444 0.0975
0 0.6136111111111111 0.4725 0.02388888888888889 0.09
0 0.03972222222222222 0.4615625 0.01611111111111111 0.043125
1 0.09805555555555556 0.48375 0.042777777777777776 0.0325
1 0.10694444444444444 0.483125 0.042777777777777776 0.0325
2 0.4519444444444444 0.4640625 0.020555555555555556 0.020625
2 0.315 0.4734375 0.05555555555555555 0.046875
2 0.3463888888888889 0.4740625 0.01611111111111111 0.035625
2 0.2536111111111111 0.476875 0.08722222222222223 0.06
