1 0.34609375 0.779296875 0.1 0.234375
1 0.46640625 0.4755859375 0.0078125 0.015625
1 0.49296875 0.46826171875 0.00625 0.0166015625
3 0.051953125 0.546875 0.02890625 0.078125
2 0.615234375 0.525390625 0.11328125 0.119140625
2 0.90546875 0.48779296875 0.15625 0.0927734375
2 0.948828125 0.83544921875 0.10234375 0.2880859375
2 0.865234375 0.70751953125 0.26953125 0.2880859375
2 0.652734375 0.56103515625 0.12734375 0.1142578125
2 0.555078125 0.50439453125 0.05859375 0.0771484375
2 0.530078125 0.49072265625 0.02265625 0.0498046875
2 0.51875 0.486328125 0.015625 0.0390625
2 0.740625 0.5048828125 0.1671875 0.0703125
2 0.935546875 0.5 0.12890625 0.08203125
2 0.751953125 0.46044921875 0.04765625 0.0263671875
2 0.52734375 0.4677734375 0.0203125 0.015625
2 0.034765625 0.66455078125 0.06953125 0.1943359375
2 0.23359375 0.55029296875 0.1015625 0.0927734375
2 0.18046875 0.5302734375 0.13125 0.0703125
2 0.309765625 0.52001953125 0.06796875 0.0595703125
2 0.327734375 0.509765625 0.05390625 0.052734375
2 0.35703125 0.4970703125 0.0421875 0.048828125
2 0.3671875 0.4931640625 0.0328125 0.046875
2 0.383203125 0.490234375 0.01953125 0.04296875
2 0.383203125 0.48583984375 0.03359375 0.0439453125
2 0.42734375 0.4833984375 0.034375 0.04296875
2 0.447265625 0.470703125 0.02109375 0.021484375
2 0.45390625 0.4658203125 0.021875 0.025390625
2 0.47734375 0.46484375 0.015625 0.017578125
2 0.48984375 0.46337890625 0.0140625 0.0185546875
2 0.51015625 0.4599609375 0.0140625 0.015625
2 0.40390625 0.4873046875 0.0125 0.02734375
2 0.523046875 0.45556640625 0.01171875 0.0146484375
0 0.493359375 0.4619140625 0.00546875 0.0234375
0 0.344921875 0.6845703125 0.12265625 0.3203125
0 0.638671875 0.64306640625 0.09765625 0.3271484375
0 0.466796875 0.46630859375 0.00859375 0.0205078125
11 0.63984375 0.80810546875 0.0359375 0.0400390625
