7 0.8856209150326797 0.35595703125 0.029411764705882353 0.0791015625
7 0.8852124183006536 0.52880859375 0.013888888888888888 0.0361328125
7 0.05923202614379085 0.4140625 0.015522875816993464 0.017578125
7 0.4513888888888889 0.48291015625 0.0024509803921568627 0.0029296875
7 0.46282679738562094 0.48291015625 0.004084967320261438 0.0048828125
7 0.5236928104575164 0.484375 0.0032679738562091504 0.00390625
7 0.5845588235294118 0.48779296875 0.004084967320261438 0.0107421875
7 0.5796568627450981 0.48876953125 0.004084967320261438 0.0107421875
9 0.6862745098039216 0.44775390625 0.021241830065359478 0.0244140625
9 0.6862745098039216 0.4638671875 0.017973856209150325 0.0078125
9 0.6866830065359477 0.4716796875 0.01715686274509804 0.0078125
9 0.6866830065359477 0.47900390625 0.01715686274509804 0.0068359375
9 0.8259803921568627 0.45751953125 0.014705882352941176 0.0302734375
9 0.9566993464052288 0.43359375 0.021241830065359478 0.044921875
9 0.8790849673202614 0.4208984375 0.02287581699346405 0.041015625
9 0.06004901960784314 0.44677734375 0.012254901960784314 0.0205078125
9 0.059640522875817 0.4638671875 0.013071895424836602 0.013671875
9 0.18504901960784315 0.45849609375 0.012254901960784314 0.0166015625
9 0.18423202614379086 0.4736328125 0.013888888888888888 0.013671875
9 0.289624183006536 0.45947265625 0.012254901960784314 0.0146484375
9 0.28921568627450983 0.470703125 0.013071895424836602 0.0078125
9 0.5518790849673203 0.47802734375 0.005718954248366013 0.0068359375
0 0.8672385620915033 0.58056640625 0.025326797385620915 0.1298828125
0 0.9272875816993464 0.5654296875 0.032679738562091505 0.125
0 0.26633986928104575 0.52294921875 0.014705882352941176 0.0556640625
0 0.23488562091503268 0.51953125 0.013888888888888888 0.046875
0 0.2945261437908497 0.51513671875 0.012254901960784314 0.0439453125
6 0.05392156862745098 0.5078125 0.08986928104575163 0.107421875
2 0.33905228758169936 0.5263671875 0.058823529411764705 0.044921875
2 0.3758169934640523 0.5224609375 0.029411764705882353 0.03515625
2 0.3868464052287582 0.51806640625 0.03022875816993464 0.0302734375
2 0.41625816993464054 0.50634765625 0.025326797385620915 0.0205078125
2 0.43504901960784315 0.50537109375 0.015522875816993464 0.0166015625
2 0.47998366013071897 0.537109375 0.08741830065359477 0.1015625
