7 0.4248046875 0.5403645833333334 0.0078125 0.010416666666666666
7 0.438232421875 0.5325520833333334 0.01025390625 0.01171875
9 0.587158203125 0.5263671875 0.01416015625 0.029296875
9 0.20556640625 0.5188802083333334 0.0205078125 0.013020833333333334
0 0.35888671875 0.57421875 0.021484375 0.07291666666666667
2 0.8828125 0.703125 0.185546875 0.19010416666666666
2 0.897216796875 0.5875651041666666 0.05615234375 0.037109375
2 0.795166015625 0.5771484375 0.04833984375 0.039713541666666664
2 0.6943359375 0.560546875 0.02734375 0.02734375
2 0.72119140625 0.55859375 0.029296875 0.022135416666666668
2 0.630126953125 0.5758463541666666 0.09716796875 0.06575520833333333
2 0.486328125 0.6110026041666666 0.138671875 0.16080729166666666
