4 0.07027777777777777 0.4553125 0.14055555555555554 0.099375
7 0.49166666666666664 0.42 0.0033333333333333335 0.00875
7 0.4552777777777778 0.4175 0.002777777777777778 0.0075
7 0.6047222222222223 0.223125 0.01611111111111111 0.05
7 0.37305555555555553 0.2109375 0.017222222222222222 0.051875
7 0.8830555555555556 0.33875 0.012777777777777779 0.04375
7 0.4836111111111111 0.4321875 0.002777777777777778 0.004375
9 0.32611111111111113 0.4503125 0.021111111111111112 0.031875
9 0.3705555555555556 0.466875 0.006666666666666667 0.01125
9 0.7166666666666667 0.4015625 0.013333333333333334 0.014375
9 0.7161111111111111 0.4121875 0.008888888888888889 0.006875
9 0.5880555555555556 0.430625 0.006111111111111111 0.0075
9 0.5880555555555556 0.435625 0.0038888888888888888 0.0025
9 0.7227777777777777 0.2821875 0.08666666666666667 0.020625
9 0.5113888888888889 0.4284375 0.013888888888888888 0.004375
0 0.43972222222222224 0.5121875 0.06277777777777778 0.259375
0 0.5758333333333333 0.4596875 0.006111111111111111 0.023125
0 0.57 0.4590625 0.0077777777777777776 0.023125
6 0.4886111111111111 0.4496875 0.011666666666666667 0.014375
2 0.1463888888888889 0.4996875 0.2927777777777778 0.120625
2 0.2602777777777778 0.4715625 0.058333333333333334 0.050625
2 0.30777777777777776 0.46875 0.03111111111111111 0.02875
2 0.5019444444444444 0.46 0.013888888888888888 0.01375
2 0.4747222222222222 0.4565625 0.015 0.020625
2 0.8611111111111112 0.4890625 0.2777777777777778 0.098125
0 0.8727777777777778 0.460625 0.017777777777777778 0.02625
