7 0.8013888888888889 0.3 0.025 0.05625
7 0.8111111111111111 0.3603125 0.01888888888888889 0.024375
7 0.4675 0.425625 0.005 0.00875
7 0.5555555555555556 0.3740625 0.016666666666666666 0.020625
7 0.56 0.318125 0.03333333333333333 0.06875
7 0.3819444444444444 0.429375 0.006111111111111111 0.00875
9 0.8072222222222222 0.3375 0.02666666666666667 0.0175
9 0.8588888888888889 0.345 0.035555555555555556 0.015
9 0.4861111111111111 0.41125 0.008888888888888889 0.01375
9 0.4855555555555556 0.399375 0.006666666666666667 0.00875
9 0.3852777777777778 0.4221875 0.011666666666666667 0.005625
9 0.5 0.385625 0.014444444444444444 0.02
9 0.5552777777777778 0.4178125 0.010555555555555556 0.015625
0 0.6841666666666667 0.4528125 0.03833333333333333 0.105625
0 0.5383333333333333 0.4459375 0.021111111111111112 0.071875
0 0.26305555555555554 0.45625 0.03166666666666667 0.0875
0 0.15388888888888888 0.46875 0.027777777777777776 0.08
0 0.18 0.4646875 0.03222222222222222 0.084375
0 0.08555555555555555 0.4659375 0.03777777777777778 0.085625
0 0.035 0.466875 0.02 0.08875
0 0.02388888888888889 0.4746875 0.01888888888888889 0.081875
2 0.4738888888888889 0.453125 0.04555555555555556 0.04
2 0.17694444444444443 0.4609375 0.0661111111111111 0.053125
