9 0.8091666666666667 0.398125 0.007222222222222222 0.035
9 0.36027777777777775 0.3640625 0.012777777777777779 0.028125
9 0.36 0.3925 0.012222222222222223 0.02625
9 0.12083333333333333 0.3421875 0.01611111111111111 0.034375
9 0.11944444444444445 0.3746875 0.015555555555555555 0.030625
0 0.14277777777777778 0.475625 0.03222222222222222 0.1175
2 0.9911111111111112 0.49875 0.017777777777777778 0.03875
2 0.9075 0.49 0.1338888888888889 0.0625
2 0.8727777777777778 0.495625 0.12777777777777777 0.08875
2 0.45222222222222225 0.579375 0.6266666666666667 0.34875
2 0.042222222222222223 0.47625 0.042222222222222223 0.035
2 0.09194444444444444 0.4821875 0.085 0.054375
2 0.25333333333333335 0.4815625 0.043333333333333335 0.048125
2 0.30694444444444446 0.4778125 0.07833333333333334 0.049375
