7 0.6188725490196079 0.43408203125 0.004084967320261438 0.0107421875
7 0.5208333333333334 0.4287109375 0.004084967320261438 0.01171875
7 0.4354575163398693 0.3935546875 0.011437908496732025 0.029296875
7 0.43995098039215685 0.4658203125 0.005718954248366013 0.01953125
7 0.8051470588235294 0.3955078125 0.007352941176470588 0.0078125
7 0.7463235294117647 0.3759765625 0.012254901960784314 0.03515625
7 0.755718954248366 0.44189453125 0.0032679738562091504 0.0126953125
7 0.2013888888888889 0.47607421875 0.005718954248366013 0.0087890625
7 0.42401960784313725 0.4580078125 0.0032679738562091504 0.00390625
7 0.4325980392156863 0.44775390625 0.007352941176470588 0.0087890625
7 0.022058823529411766 0.453125 0.008169934640522876 0.01171875
9 0.6540032679738562 0.39013671875 0.01715686274509804 0.0244140625
9 0.46691176470588236 0.43115234375 0.007352941176470588 0.0087890625
9 0.46691176470588236 0.43798828125 0.007352941176470588 0.0048828125
9 0.4673202614379085 0.4423828125 0.008169934640522876 0.005859375
9 0.46895424836601307 0.44775390625 0.006535947712418301 0.0048828125
9 0.928921568627451 0.28759765625 0.02287581699346405 0.0361328125
9 0.026552287581699346 0.42333984375 0.012254901960784314 0.0224609375
0 0.6041666666666666 0.46240234375 0.007352941176470588 0.0263671875
0 0.2638888888888889 0.47900390625 0.00980392156862745 0.0087890625
3 0.5629084967320261 0.46728515625 0.011437908496732025 0.0146484375
3 0.7214052287581699 0.47314453125 0.024509803921568627 0.0302734375
3 0.7773692810457516 0.47802734375 0.031862745098039214 0.0498046875
3 0.13194444444444445 0.5380859375 0.051470588235294115 0.06640625
3 0.011437908496732025 0.53955078125 0.02287581699346405 0.0537109375
3 0.09027777777777778 0.52685546875 0.03676470588235294 0.0380859375
2 0.9697712418300654 0.5986328125 0.06045751633986928 0.140625
2 0.5604575163398693 0.55517578125 0.15196078431372548 0.1611328125
2 0.27124183006535946 0.5234375 0.09313725490196079 0.08203125
2 0.36968954248366015 0.498046875 0.06454248366013073 0.056640625
2 0.4195261437908497 0.48388671875 0.03349673202614379 0.0302734375
2 0.45179738562091504 0.48291015625 0.0392156862745098 0.0302734375
2 0.4848856209150327 0.46728515625 0.018790849673202614 0.0185546875
2 0.5159313725490197 0.46435546875 0.018790849673202614 0.0185546875
2 0.5898692810457516 0.46337890625 0.021241830065359478 0.0224609375
2 0.5641339869281046 0.4638671875 0.02042483660130719 0.01953125
2 0.5784313725490197 0.462890625 0.011437908496732025 0.015625
2 0.5437091503267973 0.46533203125 0.015522875816993464 0.0166015625
2 0.5298202614379085 0.44921875 0.008986928104575163 0.009765625
2 0.5424836601307189 0.44873046875 0.00980392156862745 0.0126953125
2 0.5580065359477124 0.44775390625 0.006535947712418301 0.0068359375
0 0.5629084967320261 0.46240234375 0.00980392156862745 0.0185546875
0 0.13480392156862744 0.51904296875 0.03104575163398693 0.0634765625
