2 0.8891666666666667 0.4771875 0.22166666666666668 0.193125
2 0.7727777777777778 0.4746875 0.07888888888888888 0.109375
2 0.6677777777777778 0.454375 0.08222222222222222 0.07
2 0.6186111111111111 0.454375 0.03833333333333333 0.045
2 0.5530555555555555 0.4446875 0.03277777777777778 0.025625
2 0.5311111111111111 0.4409375 0.028888888888888888 0.030625
2 0.5075 0.43875 0.019444444444444445 0.01875
2 0.4697222222222222 0.43875 0.017222222222222222 0.01375
2 0.45166666666666666 0.44 0.015555555555555555 0.01
2 0.4272222222222222 0.4478125 0.028888888888888888 0.055625
2 0.4116666666666667 0.4571875 0.03333333333333333 0.068125
2 0.3561111111111111 0.46625 0.11222222222222222 0.09875
2 0.13694444444444445 0.5053125 0.2738888888888889 0.213125
2 0.5922222222222222 0.434375 0.022222222222222223 0.02625
2 0.4891666666666667 0.4378125 0.020555555555555556 0.015625
