9 0.4216666666666667 0.430625 0.014444444444444444 0.015
9 0.42083333333333334 0.4428125 0.005 0.008125
6 0.030833333333333334 0.470625 0.06166666666666667 0.05625
6 0.1625 0.4565625 0.1827777777777778 0.063125
6 0.30277777777777776 0.4775 0.13666666666666666 0.11
2 0.4791666666666667 0.465625 0.04722222222222222 0.025
2 0.5263888888888889 0.47 0.03277777777777778 0.03625
2 0.5427777777777778 0.4678125 0.008888888888888889 0.029375
2 0.8947222222222222 0.4734375 0.14277777777777778 0.058125
2 0.8130555555555555 0.4690625 0.07166666666666667 0.043125
2 0.7847222222222222 0.45625 0.065 0.02625
2 0.7469444444444444 0.493125 0.11722222222222223 0.08625
2 0.6997222222222222 0.4778125 0.08944444444444444 0.089375
2 0.6394444444444445 0.4778125 0.04666666666666667 0.040625
2 0.6272222222222222 0.4721875 0.043333333333333335 0.040625
2 0.605 0.474375 0.012222222222222223 0.0275
2 0.6033333333333334 0.4703125 0.024444444444444446 0.031875
2 0.5919444444444445 0.4671875 0.018333333333333333 0.033125
2 0.5822222222222222 0.4690625 0.011111111111111112 0.023125
2 0.5644444444444444 0.4659375 0.013333333333333334 0.011875
2 0.56 0.464375 0.01 0.0125
