4 0.05759803921568627 0.45458984375 0.11519607843137254 0.2763671875
4 0.3165849673202614 0.47216796875 0.05310457516339869 0.0361328125
4 0.47549019607843135 0.45947265625 0.08660130718954248 0.0498046875
7 0.4591503267973856 0.47021484375 0.0032679738562091504 0.0087890625
7 0.5265522875816994 0.435546875 0.004084967320261438 0.01953125
9 0.4456699346405229 0.44677734375 0.008986928104575163 0.0029296875
9 0.5612745098039216 0.43603515625 0.008169934640522876 0.0048828125
0 0.4930555555555556 0.4677734375 0.008986928104575163 0.025390625
0 0.5069444444444444 0.46484375 0.008986928104575163 0.0234375
0 0.6662581699346405 0.46142578125 0.008986928104575163 0.0244140625
0 0.7001633986928104 0.451171875 0.008169934640522876 0.02734375
0 0.6580882352941176 0.46044921875 0.007352941176470588 0.0341796875
0 0.1323529411764706 0.48095703125 0.00980392156862745 0.0087890625
0 0.051470588235294115 0.39501953125 0.05228758169934641 0.1064453125
0 0.02165032679738562 0.43701171875 0.04330065359477124 0.1005859375
0 0.05106209150326797 0.44775390625 0.028594771241830064 0.0498046875
0 0.03145424836601307 0.466796875 0.03349673202614379 0.0546875
3 0.39950980392156865 0.48095703125 0.013071895424836602 0.0185546875
2 0.15155228758169934 0.51171875 0.07761437908496732 0.056640625
2 0.18709150326797386 0.5029296875 0.017973856209150325 0.03515625
2 0.24183006535947713 0.4970703125 0.07516339869281045 0.046875
2 0.2667483660130719 0.50048828125 0.09395424836601307 0.0537109375
2 0.3202614379084967 0.4892578125 0.03104575163398693 0.029296875
2 0.35580065359477125 0.48779296875 0.05473856209150327 0.0361328125
2 0.43218954248366015 0.4765625 0.00980392156862745 0.017578125
2 0.9730392156862745 0.44189453125 0.049019607843137254 0.0517578125
2 0.9464869281045751 0.4423828125 0.015522875816993464 0.03515625
2 0.5633169934640523 0.49951171875 0.1380718954248366 0.1103515625
0 0.3991013071895425 0.47705078125 0.010620915032679739 0.0205078125
