7 0.491943359375 0.4654947916666667 0.01318359375 0.022135416666666668
7 0.5654296875 0.4156901041666667 0.01171875 0.022786458333333332
7 0.6494140625 0.4521484375 0.015625 0.027994791666666668
7 0.632568359375 0.4703776041666667 0.01123046875 0.020182291666666668
0 0.14501953125 0.5026041666666666 0.0234375 0.06770833333333333
0 0.1806640625 0.5413411458333334 0.0244140625 0.099609375
0 0.205810546875 0.5423177083333334 0.02197265625 0.1015625
0 0.23486328125 0.54296875 0.0302734375 0.1015625
0 0.256103515625 0.5423177083333334 0.02490234375 0.09244791666666667
0 0.294189453125 0.5335286458333334 0.01318359375 0.06705729166666667
0 0.548828125 0.5283203125 0.0068359375 0.033203125
0 0.59326171875 0.5390625 0.0107421875 0.040364583333333336
0 0.56494140625 0.5319010416666666 0.0068359375 0.028645833333333332
1 0.319580078125 0.5621744791666666 0.02587890625 0.06575520833333333
1 0.353271484375 0.5498046875 0.01806640625 0.059244791666666664
1 0.365478515625 0.5494791666666666 0.01513671875 0.05859375
1 0.46826171875 0.5514322916666666 0.0146484375 0.03515625
2 0.767578125 0.59375 0.1572265625 0.15885416666666666
2 0.6923828125 0.5784505208333334 0.052734375 0.099609375
0 0.46923828125 0.5358072916666666 0.0166015625 0.049479166666666664
