7 0.20527777777777778 0.3465625 0.019444444444444445 0.049375
7 0.5261111111111111 0.2059375 0.027777777777777776 0.079375
7 0.8125 0.3421875 0.01611111111111111 0.044375
9 0.6625 0.383125 0.020555555555555556 0.0225
9 0.28805555555555556 0.4096875 0.012777777777777779 0.015625
0 0.7733333333333333 0.4596875 0.02 0.080625
2 0.3827777777777778 0.4734375 0.08777777777777777 0.074375
2 0.3372222222222222 0.4459375 0.08333333333333333 0.063125
2 0.4255555555555556 0.4328125 0.03777777777777778 0.028125
2 0.45944444444444443 0.42875 0.023333333333333334 0.02
