9 0.5058333333333334 0.4359375 0.007222222222222222 0.008125
0 0.5830555555555555 0.4621875 0.012777777777777779 0.045625
1 0.6002777777777778 0.4853125 0.02722222222222222 0.055625
2 0.03277777777777778 0.4840625 0.06555555555555556 0.055625
2 0.3136111111111111 0.4575 0.026111111111111113 0.02125
2 0.35388888888888886 0.4528125 0.014444444444444444 0.011875
2 0.3933333333333333 0.46625 0.03777777777777778 0.03125
2 0.42194444444444446 0.4625 0.021666666666666667 0.02125
2 0.46555555555555556 0.4771875 0.08555555555555555 0.084375
0 0.6002777777777778 0.4696875 0.028333333333333332 0.075625
