9 0.7294921875 0.5045572916666666 0.0146484375 0.032552083333333336
9 0.68701171875 0.5276692708333334 0.01171875 0.025390625
0 0.040771484375 0.58984375 0.01904296875 0.15104166666666666
0 0.0654296875 0.5891927083333334 0.0302734375 0.14583333333333334
0 0.226806640625 0.583984375 0.01904296875 0.08463541666666667
1 0.183349609375 0.6311848958333334 0.02490234375 0.08528645833333333
1 0.15966796875 0.6298828125 0.0224609375 0.083984375
1 0.843017578125 0.6510416666666666 0.09619140625 0.09635416666666667
1 0.85498046875 0.6695963541666666 0.0400390625 0.14127604166666666
1 0.89794921875 0.6761067708333334 0.048828125 0.14388020833333334
1 0.943603515625 0.7018229166666666 0.04931640625 0.19921875
2 0.649169921875 0.5875651041666666 0.03857421875 0.041015625
2 0.424560546875 0.5791015625 0.04736328125 0.06315104166666667
2 0.45849609375 0.587890625 0.0263671875 0.03515625
0 0.54150390625 0.5703125 0.0107421875 0.03125
