9 0.607421875 0.43701171875 0.00390625 0.0068359375
2 0.03359375 0.50390625 0.0671875 0.044921875
2 0.342578125 0.4462890625 0.01640625 0.015625
2 0.3625 0.4462890625 0.015625 0.01171875
2 0.526171875 0.4453125 0.01796875 0.015625
2 0.544140625 0.4462890625 0.01953125 0.01953125
2 0.566796875 0.4482421875 0.02578125 0.029296875
2 0.58828125 0.46484375 0.0359375 0.041015625
2 0.392578125 0.44384765625 0.01171875 0.0107421875
2 0.489453125 0.44287109375 0.01796875 0.0166015625
2 0.64140625 0.42333984375 0.01875 0.0146484375
