7 0.3611111111111111 0.155625 0.022222222222222223 0.07
7 0.6697222222222222 0.2965625 0.021666666666666667 0.043125
7 0.8908333333333334 0.2775 0.026111111111111113 0.065
7 0.8875 0.359375 0.006111111111111111 0.02
9 0.6483333333333333 0.30375 0.02 0.0175
9 0.6483333333333333 0.324375 0.02 0.02375
9 0.6594444444444445 0.353125 0.044444444444444446 0.02
9 0.9502777777777778 0.3159375 0.05277777777777778 0.016875
9 0.9166666666666666 0.4203125 0.008888888888888889 0.033125
9 0.5230555555555556 0.408125 0.017222222222222222 0.0225
9 0.36333333333333334 0.4659375 0.022222222222222223 0.009375
0 0.5661111111111111 0.46625 0.014444444444444444 0.05875
2 0.9652777777777778 0.4496875 0.07277777777777777 0.044375
