7 0.440359477124183 0.47412109375 0.006535947712418301 0.0185546875
7 0.43913398692810457 0.51123046875 0.004084967320261438 0.0146484375
7 0.5714869281045751 0.478515625 0.005718954248366013 0.017578125
7 0.6045751633986928 0.47314453125 0.006535947712418301 0.0205078125
9 0.4387254901960784 0.4921875 0.016339869281045753 0.01953125
9 0.5988562091503268 0.4951171875 0.006535947712418301 0.0078125
2 0.7908496732026143 0.61181640625 0.41830065359477125 0.5712890625
2 0.5919117647058824 0.583984375 0.0661764705882353 0.11328125
2 0.5514705882352942 0.54443359375 0.06699346405228758 0.0673828125
2 0.4534313725490196 0.583984375 0.11437908496732026 0.109375
2 0.47467320261437906 0.53857421875 0.058823529411764705 0.0302734375
2 0.47344771241830064 0.5283203125 0.05473856209150327 0.017578125
2 0.4730392156862745 0.521484375 0.0457516339869281 0.017578125
2 0.5216503267973857 0.53369140625 0.01715686274509804 0.0341796875
2 0.5171568627450981 0.52685546875 0.024509803921568627 0.0263671875
2 0.5032679738562091 0.52392578125 0.014705882352941176 0.0205078125
