7 0.4652777777777778 0.50830078125 0.004084967320261438 0.0107421875
7 0.45016339869281047 0.5068359375 0.0032679738562091504 0.009765625
9 0.7446895424836601 0.47998046875 0.04003267973856209 0.0458984375
0 0.9714052287581699 0.61181640625 0.05555555555555555 0.1298828125
0 0.9505718954248366 0.6103515625 0.04330065359477124 0.119140625
0 0.5437091503267973 0.53466796875 0.007352941176470588 0.0166015625
0 0.5514705882352942 0.53466796875 0.006535947712418301 0.0224609375
0 0.5857843137254902 0.54248046875 0.00980392156862745 0.0361328125
0 0.3492647058823529 0.5322265625 0.007352941176470588 0.0234375
0 0.03308823529411765 0.55615234375 0.02042483660130719 0.0615234375
0 0.10661764705882353 0.552734375 0.015522875816993464 0.0546875
0 0.13316993464052287 0.552734375 0.021241830065359478 0.06640625
0 0.21691176470588236 0.537109375 0.012254901960784314 0.029296875
0 0.23080065359477125 0.53564453125 0.012254901960784314 0.0322265625
0 0.24918300653594772 0.537109375 0.016339869281045753 0.029296875
0 0.27941176470588236 0.541015625 0.011437908496732025 0.037109375
0 0.2945261437908497 0.5400390625 0.013888888888888888 0.03515625
0 0.3386437908496732 0.53076171875 0.005718954248366013 0.0185546875
3 0.0363562091503268 0.64404296875 0.0727124183006536 0.1044921875
3 0.061274509803921566 0.6279296875 0.08660130718954248 0.103515625
3 0.10947712418300654 0.607421875 0.08006535947712418 0.080078125
3 0.15645424836601307 0.6025390625 0.061274509803921566 0.068359375
2 0.3946078431372549 0.53173828125 0.0196078431372549 0.0166015625
2 0.4803921568627451 0.56005859375 0.0718954248366013 0.0791015625
