6 0.5641339869281046 0.45849609375 0.012254901960784314 0.0185546875
6 0.5547385620915033 0.458984375 0.006535947712418301 0.009765625
6 0.5731209150326797 0.45751953125 0.005718954248366013 0.0087890625
6 0.5175653594771242 0.4599609375 0.010620915032679739 0.009765625
2 0.5081699346405228 0.46533203125 0.00980392156862745 0.0048828125
2 0.5183823529411765 0.47021484375 0.008986928104575163 0.0107421875
2 0.5273692810457516 0.46875 0.010620915032679739 0.009765625
2 0.5093954248366013 0.47509765625 0.015522875816993464 0.0146484375
2 0.49673202614379086 0.4697265625 0.013071895424836602 0.01171875
2 0.5392156862745098 0.47216796875 0.014705882352941176 0.0146484375
2 0.5494281045751634 0.46533203125 0.008986928104575163 0.0087890625
2 0.5616830065359477 0.46630859375 0.008986928104575163 0.0087890625
2 0.5302287581699346 0.46484375 0.008169934640522876 0.0078125
2 0.5379901960784313 0.462890625 0.005718954248366013 0.00390625
2 0.5437091503267973 0.46044921875 0.005718954248366013 0.0068359375
2 0.48651960784313725 0.48779296875 0.03022875816993464 0.0283203125
2 0.5919117647058824 0.48193359375 0.028594771241830064 0.0283203125
2 0.6413398692810458 0.501953125 0.06862745098039216 0.05859375
2 0.5784313725490197 0.46044921875 0.0032679738562091504 0.0029296875
2 0.5012254901960784 0.45947265625 0.010620915032679739 0.0087890625
