9 0.9677777777777777 0.3878125 0.04777777777777778 0.086875
9 0.24333333333333335 0.4303125 0.012222222222222223 0.015625
1 0.4011111111111111 0.4759375 0.005555555555555556 0.014375
1 0.3497222222222222 0.481875 0.009444444444444445 0.02125
1 0.3611111111111111 0.48125 0.0077777777777777776 0.01625
1 0.3927777777777778 0.475 0.0033333333333333335 0.0075
1 0.38027777777777777 0.4790625 0.013888888888888888 0.020625
1 0.31083333333333335 0.49875 0.01611111111111111 0.04125
1 0.2697222222222222 0.5046875 0.035 0.045625
1 0.22333333333333333 0.509375 0.03111111111111111 0.0575
1 0.165 0.519375 0.03222222222222222 0.05875
1 0.0425 0.5465625 0.058333333333333334 0.090625
2 0.6066666666666667 0.474375 0.058888888888888886 0.035
2 0.6016666666666667 0.464375 0.05333333333333334 0.0275
2 0.46555555555555556 0.466875 0.011111111111111112 0.01125
2 0.4141666666666667 0.465625 0.013888888888888888 0.015
2 0.23916666666666667 0.480625 0.08833333333333333 0.085
2 0.29583333333333334 0.4821875 0.02277777777777778 0.056875
2 0.5266666666666666 0.4646875 0.01 0.010625
0 0.40055555555555555 0.4671875 0.008888888888888889 0.019375
0 0.3497222222222222 0.471875 0.012777777777777779 0.03
0 0.36138888888888887 0.4696875 0.009444444444444445 0.023125
0 0.3925 0.46875 0.005 0.01
0 0.3863888888888889 0.46625 0.008333333333333333 0.02125
0 0.37777777777777777 0.4675 0.013333333333333334 0.02875
0 0.31027777777777776 0.4840625 0.020555555555555556 0.060625
0 0.2697222222222222 0.4896875 0.03277777777777778 0.068125
0 0.22444444444444445 0.48375 0.03111111111111111 0.06875
0 0.1625 0.4984375 0.03611111111111111 0.080625
0 0.0375 0.4946875 0.055 0.135625
