7 0.795751633986928 0.32568359375 0.017973856209150325 0.0400390625
7 0.3880718954248366 0.333984375 0.011437908496732025 0.017578125
7 0.37459150326797386 0.32470703125 0.012254901960784314 0.0263671875
7 0.4795751633986928 0.3291015625 0.014705882352941176 0.0234375
7 0.4803921568627451 0.28662109375 0.017973856209150325 0.0224609375
0 0.2696078431372549 0.4052734375 0.04084967320261438 0.109375
0 0.25245098039215685 0.39990234375 0.016339869281045753 0.0947265625
0 0.3116830065359477 0.41357421875 0.03022875816993464 0.1025390625
0 0.29248366013071897 0.39794921875 0.017973856209150325 0.0771484375
0 0.32312091503267976 0.37158203125 0.012254901960784314 0.0244140625
0 0.3321078431372549 0.388671875 0.02696078431372549 0.052734375
0 0.35947712418300654 0.41650390625 0.027777777777777776 0.1005859375
0 0.3668300653594771 0.39892578125 0.014705882352941176 0.0751953125
0 0.39869281045751637 0.4072265625 0.02287581699346405 0.076171875
0 0.4187091503267974 0.40966796875 0.02042483660130719 0.0751953125
0 0.4244281045751634 0.3818359375 0.010620915032679739 0.01953125
0 0.43790849673202614 0.404296875 0.017973856209150325 0.0625
0 0.4554738562091503 0.3984375 0.01715686274509804 0.044921875
0 0.48284313725490197 0.40380859375 0.011437908496732025 0.0634765625
0 0.8104575163398693 0.43310546875 0.026143790849673203 0.0634765625
0 0.8316993464052288 0.43310546875 0.016339869281045753 0.0654296875
0 0.7794117647058824 0.4267578125 0.017973856209150325 0.05078125
0 0.7598039215686274 0.42431640625 0.016339869281045753 0.0458984375
6 0.9240196078431373 0.36328125 0.15196078431372548 0.353515625
6 0.14419934640522875 0.3740234375 0.2883986928104575 0.748046875
2 0.6205065359477124 0.48291015625 0.24591503267973855 0.2763671875
