9 0.4015625 0.44482421875 0.0046875 0.0029296875
9 0.4015625 0.439453125 0.00625 0.0078125
9 0.505078125 0.43896484375 0.00546875 0.0029296875
9 0.505078125 0.43212890625 0.00859375 0.0107421875
9 0.031640625 0.46630859375 0.01328125 0.0341796875
0 0.865625 0.435546875 0.00625 0.0234375
0 0.84609375 0.4326171875 0.0046875 0.017578125
0 0.856640625 0.435546875 0.00546875 0.021484375
1 0.473828125 0.4990234375 0.01484375 0.0390625
2 0.40390625 0.4677734375 0.021875 0.0234375
2 0.394921875 0.4755859375 0.01640625 0.025390625
2 0.428125 0.46923828125 0.0265625 0.0302734375
2 0.3859375 0.47802734375 0.01875 0.0283203125
2 0.375 0.48193359375 0.025 0.0341796875
2 0.3546875 0.4833984375 0.0328125 0.037109375
2 0.3515625 0.48583984375 0.028125 0.0283203125
2 0.328515625 0.4814453125 0.03828125 0.033203125
2 0.3 0.48388671875 0.040625 0.0322265625
2 0.192578125 0.50390625 0.05859375 0.037109375
2 0.250390625 0.52294921875 0.08359375 0.1005859375
2 0.150390625 0.5791015625 0.10078125 0.115234375
2 0.069921875 0.59912109375 0.13984375 0.1708984375
2 0.01875 0.6533203125 0.0375 0.13671875
2 0.326171875 0.5546875 0.12890625 0.119140625
2 0.463671875 0.4658203125 0.02734375 0.02734375
2 0.482421875 0.4580078125 0.01484375 0.017578125
2 0.493359375 0.4658203125 0.02265625 0.03125
2 0.50703125 0.47509765625 0.03125 0.0439453125
2 0.5125 0.48193359375 0.0234375 0.0537109375
2 0.52265625 0.4873046875 0.025 0.0546875
2 0.56328125 0.5048828125 0.090625 0.107421875
2 0.583203125 0.53564453125 0.08515625 0.0947265625
2 0.621484375 0.54833984375 0.11328125 0.1201171875
2 0.6828125 0.5830078125 0.146875 0.154296875
2 0.712890625 0.60888671875 0.11484375 0.1689453125
2 0.842578125 0.71875 0.31484375 0.43359375
2 0.604296875 0.451171875 0.04140625 0.015625
0 0.473828125 0.48828125 0.01484375 0.0546875
