9 0.836328125 0.29638671875 0.05234375 0.0107421875
9 0.836328125 0.3095703125 0.02109375 0.013671875
0 0.89453125 0.53466796875 0.059375 0.1357421875
0 0.6984375 0.5302734375 0.0390625 0.1328125
0 0.7296875 0.35546875 0.021875 0.0390625
0 0.715234375 0.35107421875 0.01640625 0.0458984375
0 0.19921875 0.45703125 0.009375 0.025390625
0 0.17265625 0.453125 0.00625 0.021484375
0 0.2109375 0.44287109375 0.0046875 0.0146484375
0 0.21875 0.4443359375 0.0078125 0.01171875
1 0.221484375 0.4990234375 0.02421875 0.046875
1 0.15703125 0.51171875 0.0234375 0.046875
1 0.119921875 0.5107421875 0.01953125 0.04296875
1 0.10546875 0.51513671875 0.0234375 0.0556640625
2 0.433203125 0.47900390625 0.01640625 0.0283203125
2 0.026171875 0.52685546875 0.05234375 0.0869140625
2 0.06015625 0.5029296875 0.0625 0.068359375
2 0.074609375 0.48974609375 0.05859375 0.0654296875
2 0.105859375 0.470703125 0.04921875 0.056640625
2 0.130078125 0.47314453125 0.01328125 0.0361328125
2 0.1359375 0.46875 0.0203125 0.033203125
2 0.15 0.4599609375 0.0109375 0.0234375
2 0.162890625 0.4521484375 0.01171875 0.01953125
2 0.166015625 0.44775390625 0.02109375 0.0205078125
2 0.174609375 0.447265625 0.00859375 0.017578125
2 0.182421875 0.4443359375 0.01015625 0.01171875
2 0.1859375 0.44189453125 0.009375 0.0107421875
2 0.016796875 0.451171875 0.03203125 0.017578125
2 0.041796875 0.45068359375 0.02109375 0.0146484375
2 0.065234375 0.44775390625 0.02578125 0.0166015625
2 0.04375 0.43994140625 0.0140625 0.0068359375
2 0.134375 0.45849609375 0.028125 0.0302734375
2 0.381640625 0.515625 0.09765625 0.09375
2 0.35625 0.49560546875 0.0828125 0.0927734375
2 0.31484375 0.4921875 0.0296875 0.064453125
2 0.302734375 0.48388671875 0.02578125 0.0498046875
2 0.288671875 0.4736328125 0.03671875 0.041015625
2 0.276953125 0.4658203125 0.01796875 0.03125
2 0.26796875 0.46533203125 0.0125 0.0283203125
2 0.271484375 0.4619140625 0.03046875 0.03125
2 0.26328125 0.4560546875 0.028125 0.029296875
2 0.251953125 0.4521484375 0.01796875 0.02734375
2 0.242578125 0.4501953125 0.01328125 0.0234375
0 0.220703125 0.48046875 0.02109375 0.0625
0 0.15703125 0.4892578125 0.021875 0.072265625
0 0.105078125 0.49462890625 0.02421875 0.0673828125
0 0.119921875 0.49462890625 0.02109375 0.0654296875
