7 0.09305555555555556 0.3134375 0.007222222222222222 0.024375
7 0.13444444444444445 0.326875 0.006666666666666667 0.025
7 0.13527777777777777 0.2434375 0.011666666666666667 0.061875
7 0.31805555555555554 0.3978125 0.007222222222222222 0.026875
7 0.5591666666666667 0.346875 0.007222222222222222 0.02875
7 0.61 0.37875 0.006666666666666667 0.0325
7 0.6113888888888889 0.40875 0.007222222222222222 0.00875
7 0.7866666666666666 0.3890625 0.0077777777777777776 0.024375
7 0.7902777777777777 0.408125 0.0038888888888888888 0.01
7 0.8172222222222222 0.28875 0.0077777777777777776 0.025
7 0.8522222222222222 0.2834375 0.01 0.028125
7 0.8808333333333334 0.3871875 0.009444444444444445 0.016875
7 0.8961111111111111 0.3859375 0.014444444444444444 0.020625
7 0.9194444444444444 0.354375 0.011111111111111112 0.03
7 0.8825 0.335625 0.018333333333333333 0.05125
9 0.9480555555555555 0.35625 0.02277777777777778 0.0075
9 0.9280555555555555 0.3009375 0.008333333333333333 0.013125
9 0.93 0.3971875 0.005555555555555556 0.021875
9 0.8355555555555556 0.2834375 0.005555555555555556 0.013125
0 0.12694444444444444 0.4578125 0.017222222222222222 0.050625
0 0.1802777777777778 0.451875 0.017222222222222222 0.05625
0 0.18805555555555556 0.4475 0.020555555555555556 0.0625
0 0.5858333333333333 0.4525 0.03166666666666667 0.0625
0 0.6172222222222222 0.4353125 0.011111111111111112 0.029375
0 0.7847222222222222 0.4428125 0.009444444444444445 0.033125
0 0.7769444444444444 0.4390625 0.009444444444444445 0.033125
0 0.8461111111111111 0.44375 0.008888888888888889 0.0275
0 0.8405555555555555 0.4409375 0.006666666666666667 0.029375
0 0.8344444444444444 0.4403125 0.008888888888888889 0.030625
0 0.8758333333333334 0.4321875 0.007222222222222222 0.016875
0 0.8991666666666667 0.4421875 0.018333333333333333 0.053125
0 0.9180555555555555 0.446875 0.02388888888888889 0.0675
0 0.9458333333333333 0.4328125 0.011666666666666667 0.020625
0 0.9577777777777777 0.4303125 0.011111111111111112 0.020625
0 0.5938888888888889 0.439375 0.0077777777777777776 0.02125
1 0.81 0.45125 0.03333333333333333 0.025
2 0.014722222222222222 0.456875 0.029444444444444443 0.04125
2 0.5186111111111111 0.439375 0.01611111111111111 0.015
2 0.8794444444444445 0.4459375 0.056666666666666664 0.033125
2 0.9433333333333334 0.444375 0.07111111111111111 0.04125
0 0.815 0.4396875 0.012222222222222223 0.039375
8 0.895 0.465625 0.015555555555555555 0.03875
