9 0.42483660130718953 0.46337890625 0.006535947712418301 0.0068359375
9 0.4244281045751634 0.4697265625 0.005718954248366013 0.005859375
9 0.46977124183006536 0.46142578125 0.006535947712418301 0.0068359375
9 0.46977124183006536 0.466796875 0.008169934640522876 0.00390625
9 0.5053104575163399 0.4580078125 0.005718954248366013 0.005859375
9 0.5053104575163399 0.46435546875 0.004084967320261438 0.0048828125
9 0.5996732026143791 0.44775390625 0.00980392156862745 0.0107421875
9 0.6000816993464052 0.455078125 0.008986928104575163 0.00390625
9 0.5326797385620915 0.41748046875 0.049019607843137254 0.0205078125
9 0.5245098039215687 0.44580078125 0.011437908496732025 0.0107421875
9 0.5392156862745098 0.4443359375 0.016339869281045753 0.01171875
9 0.5494281045751634 0.44970703125 0.005718954248366013 0.0048828125
9 0.5555555555555556 0.44970703125 0.006535947712418301 0.0048828125
9 0.5731209150326797 0.4580078125 0.004084967320261438 0.005859375
9 0.5776143790849673 0.45751953125 0.0032679738562091504 0.0048828125
9 0.5776143790849673 0.462890625 0.0032679738562091504 0.005859375
6 0.5343137254901961 0.46044921875 0.006535947712418301 0.0087890625
3 0.5155228758169934 0.47802734375 0.008169934640522876 0.0146484375
2 0.2610294117647059 0.49267578125 0.03676470588235294 0.0244140625
2 0.34191176470588236 0.5205078125 0.12990196078431374 0.12109375
2 0.3999183006535948 0.478515625 0.013888888888888888 0.01171875
2 0.4178921568627451 0.47802734375 0.012254901960784314 0.0087890625
2 0.4285130718954248 0.4765625 0.008986928104575163 0.0078125
2 0.44607843137254904 0.47412109375 0.006535947712418301 0.0068359375
2 0.45383986928104575 0.4736328125 0.012254901960784314 0.0078125
2 0.48080065359477125 0.47607421875 0.015522875816993464 0.0146484375
2 0.5433006535947712 0.48876953125 0.04084967320261438 0.0380859375
2 0.5147058823529411 0.47314453125 0.014705882352941176 0.0146484375
2 0.5077614379084967 0.470703125 0.007352941176470588 0.009765625
2 0.5253267973856209 0.4716796875 0.00980392156862745 0.009765625
2 0.5257352941176471 0.46533203125 0.007352941176470588 0.0048828125
2 0.5351307189542484 0.46728515625 0.00980392156862745 0.0068359375
2 0.5469771241830066 0.466796875 0.013888888888888888 0.0078125
2 0.20220588235294118 0.50244140625 0.03022875816993464 0.0166015625
0 0.5151143790849673 0.4736328125 0.007352941176470588 0.015625
