7 0.3466666666666667 0.3859375 0.013333333333333334 0.020625
7 0.29333333333333333 0.463125 0.005555555555555556 0.00625
7 0.295 0.4478125 0.005555555555555556 0.015625
7 0.41694444444444445 0.4196875 0.010555555555555556 0.015625
7 0.47805555555555557 0.450625 0.005 0.0125
7 0.47944444444444445 0.465 0.0044444444444444444 0.005
9 0.27944444444444444 0.41125 0.028888888888888888 0.00875
9 0.3322222222222222 0.38375 0.008888888888888889 0.01625
9 0.12333333333333334 0.4628125 0.017777777777777778 0.021875
9 0.1238888888888889 0.444375 0.02 0.0125
9 0.42777777777777776 0.418125 0.006666666666666667 0.0125
9 0.4438888888888889 0.430625 0.016666666666666666 0.005
9 0.245 0.4359375 0.011111111111111112 0.019375
9 0.03944444444444444 0.471875 0.025555555555555557 0.01875
2 0.9241666666666667 0.528125 0.15166666666666667 0.1225
2 0.45222222222222225 0.4871875 0.015555555555555555 0.013125
