9 0.15727124183006536 0.2314453125 0.1380718954248366 0.10546875
9 0.15727124183006536 0.1669921875 0.051470588235294115 0.0234375
9 0.2973856209150327 0.212890625 0.14052287581699346 0.134765625
9 0.27328431372549017 0.13525390625 0.04330065359477124 0.0224609375
9 0.3190359477124183 0.1337890625 0.04330065359477124 0.0234375
9 0.47794117647058826 0.01025390625 0.042483660130718956 0.0205078125
9 0.5220588235294118 0.009765625 0.04084967320261438 0.01953125
9 0.508578431372549 0.22314453125 0.21160130718954248 0.1064453125
9 0.5053104575163399 0.05859375 0.21160130718954248 0.07421875
9 0.12050653594771242 0.431640625 0.05473856209150327 0.013671875
9 0.22426470588235295 0.4306640625 0.051470588235294115 0.017578125
9 0.4820261437908497 0.44677734375 0.0196078431372549 0.0146484375
6 0.4979575163398693 0.46923828125 0.012254901960784314 0.0205078125
2 0.5588235294117647 0.49658203125 0.05555555555555555 0.0556640625
2 0.4652777777777778 0.52001953125 0.08251633986928104 0.0810546875
2 0.4223856209150327 0.47412109375 0.013071895424836602 0.0146484375
2 0.443218954248366 0.474609375 0.012254901960784314 0.013671875
2 0.4526143790849673 0.4736328125 0.008169934640522876 0.01171875
2 0.49468954248366015 0.47607421875 0.012254901960784314 0.0126953125
2 0.4783496732026144 0.4736328125 0.010620915032679739 0.013671875
2 0.06290849673202614 0.48486328125 0.021241830065359478 0.0087890625
2 0.10294117647058823 0.49462890625 0.06209150326797386 0.0224609375
2 0.2741013071895425 0.48095703125 0.015522875816993464 0.0126953125
2 0.26266339869281047 0.482421875 0.022058823529411766 0.01171875
2 0.23366013071895425 0.48388671875 0.032679738562091505 0.0166015625
2 0.3006535947712418 0.478515625 0.017973856209150325 0.009765625
2 0.3165849673202614 0.4775390625 0.013888888888888888 0.01171875
