7 0.8680555555555556 0.35986328125 0.03349673202614379 0.0830078125
7 0.8533496732026143 0.48046875 0.01715686274509804 0.02734375
7 0.8647875816993464 0.55615234375 0.013888888888888888 0.0400390625
7 0.2618464052287582 0.4677734375 0.008986928104575163 0.02734375
7 0.6968954248366013 0.4423828125 0.011437908496732025 0.033203125
7 0.5138888888888888 0.4560546875 0.00980392156862745 0.0234375
7 0.17401960784313725 0.48828125 0.00980392156862745 0.013671875
9 0.7197712418300654 0.47314453125 0.021241830065359478 0.0244140625
9 0.5449346405228758 0.4521484375 0.008169934640522876 0.013671875
9 0.5453431372549019 0.46630859375 0.008986928104575163 0.0107421875
9 0.5138888888888888 0.48046875 0.013071895424836602 0.015625
9 0.03227124183006536 0.4365234375 0.035130718954248366 0.052734375
0 0.027777777777777776 0.54150390625 0.017973856209150325 0.0771484375
0 0.0959967320261438 0.544921875 0.01715686274509804 0.05859375
0 0.16339869281045752 0.5244140625 0.017973856209150325 0.04296875
0 0.14460784313725492 0.52197265625 0.0196078431372549 0.0458984375
0 0.2181372549019608 0.52685546875 0.016339869281045753 0.0419921875
0 0.7663398692810458 0.53515625 0.013071895424836602 0.046875
0 0.7389705882352942 0.5224609375 0.013888888888888888 0.04296875
1 0.9178921568627451 0.5703125 0.07924836601307189 0.0546875
2 0.29983660130718953 0.54052734375 0.05065359477124183 0.0537109375
2 0.5163398692810458 0.55322265625 0.0915032679738562 0.1025390625
2 0.6793300653594772 0.515625 0.04003267973856209 0.03125
0 0.9117647058823529 0.54541015625 0.032679738562091505 0.0791015625
