4 0.5094444444444445 0.46375 0.021111111111111112 0.0325
7 0.5583333333333333 0.4446875 0.0044444444444444444 0.008125
9 0.6016666666666667 0.4425 0.005555555555555556 0.00875
9 0.6011111111111112 0.430625 0.01 0.015
9 0.6919444444444445 0.40875 0.013888888888888888 0.01625
9 0.6913888888888889 0.4278125 0.013888888888888888 0.016875
9 0.9883333333333333 0.34 0.023333333333333334 0.04875
9 0.9775 0.2284375 0.045 0.076875
9 0.7466666666666667 0.3840625 0.022222222222222223 0.034375
9 0.7444444444444445 0.351875 0.014444444444444444 0.025
0 0.1661111111111111 0.4921875 0.012222222222222223 0.058125
0 0.6236111111111111 0.46 0.010555555555555556 0.0175
0 0.7655555555555555 0.503125 0.04666666666666667 0.1575
0 0.7980555555555555 0.459375 0.019444444444444445 0.05375
2 0.4247222222222222 0.4796875 0.08277777777777778 0.084375
2 0.47833333333333333 0.470625 0.01888888888888889 0.02
2 0.495 0.46875 0.011111111111111112 0.01125
2 0.4913888888888889 0.4715625 0.009444444444444445 0.009375
2 0.5413888888888889 0.4709375 0.012777777777777779 0.010625
2 0.5322222222222223 0.470625 0.0077777777777777776 0.00875
2 0.5630555555555555 0.469375 0.03388888888888889 0.035
2 0.5747222222222222 0.476875 0.03388888888888889 0.03
2 0.6058333333333333 0.4825 0.04611111111111111 0.04125
2 0.7052777777777778 0.491875 0.10944444444444444 0.10875
2 0.8816666666666667 0.5290625 0.23666666666666666 0.250625
2 0.7813888888888889 0.4484375 0.02722222222222222 0.035625
