4 0.5641666666666667 0.46 0.10166666666666667 0.03625
2 0.9536111111111111 0.504375 0.09277777777777778 0.175
2 0.8352777777777778 0.4878125 0.2638888888888889 0.163125
2 0.6930555555555555 0.475625 0.03944444444444444 0.0525
2 0.56 0.47 0.052222222222222225 0.025
2 0.5152777777777777 0.47125 0.041666666666666664 0.03125
2 0.49194444444444446 0.4725 0.04055555555555555 0.03375
2 0.4725 0.47375 0.03833333333333333 0.0375
2 0.4338888888888889 0.470625 0.06 0.05
2 0.37833333333333335 0.474375 0.12 0.055
2 0.2822222222222222 0.45875 0.08888888888888889 0.0325
2 0.28 0.4746875 0.08 0.044375
2 0.24333333333333335 0.4740625 0.07111111111111111 0.056875
2 0.13194444444444445 0.48 0.2638888888888889 0.1625
2 0.6505555555555556 0.461875 0.022222222222222223 0.0225
14 0.6277777777777778 0.4609375 0.04 0.046875
