7 0.30392156862745096 0.37939453125 0.016339869281045753 0.0517578125
7 0.6286764705882353 0.3857421875 0.005718954248366013 0.015625
7 0.5477941176470589 0.43701171875 0.004084967320261438 0.0126953125
7 0.8345588235294118 0.4248046875 0.004084967320261438 0.01171875
7 0.7716503267973857 0.0751953125 0.02696078431372549 0.07421875
9 0.05228758169934641 0.4873046875 0.013071895424836602 0.017578125
9 0.25612745098039214 0.44970703125 0.03676470588235294 0.0400390625
9 0.43137254901960786 0.3935546875 0.021241830065359478 0.0234375
9 0.4334150326797386 0.4150390625 0.02042483660130719 0.01953125
9 0.4334150326797386 0.43701171875 0.022058823529411766 0.0244140625
9 0.7626633986928104 0.39794921875 0.03676470588235294 0.0537109375
9 0.9636437908496732 0.3740234375 0.028594771241830064 0.033203125
6 0.7091503267973857 0.4462890625 0.032679738562091505 0.046875
3 0.06576797385620915 0.5234375 0.05473856209150327 0.044921875
3 0.4591503267973856 0.576171875 0.06862745098039216 0.123046875
3 0.5845588235294118 0.46337890625 0.008986928104575163 0.0126953125
2 0.1294934640522876 0.517578125 0.035130718954248366 0.03125
2 0.272875816993464 0.5810546875 0.2647058823529412 0.21484375
2 0.880718954248366 0.6201171875 0.238562091503268 0.38671875
2 0.7834967320261438 0.53173828125 0.14052287581699346 0.1650390625
2 0.6446078431372549 0.45751953125 0.03431372549019608 0.0166015625
2 0.6013071895424836 0.4599609375 0.016339869281045753 0.017578125
2 0.39828431372549017 0.52001953125 0.10866013071895425 0.1357421875
2 0.8386437908496732 0.45166015625 0.03839869281045752 0.0185546875
2 0.5833333333333334 0.619140625 0.25980392156862747 0.271484375
2 0.6225490196078431 0.50146484375 0.11274509803921569 0.0576171875
2 0.6887254901960784 0.45654296875 0.011437908496732025 0.0224609375
2 0.6809640522875817 0.45556640625 0.012254901960784314 0.0205078125
2 0.5191993464052288 0.4619140625 0.01715686274509804 0.015625
2 0.49142156862745096 0.47119140625 0.015522875816993464 0.0244140625
2 0.5367647058823529 0.46044921875 0.011437908496732025 0.0146484375
2 0.5837418300653595 0.45947265625 0.018790849673202614 0.0146484375
2 0.016339869281045753 0.82470703125 0.032679738562091505 0.1943359375
0 0.45669934640522875 0.509765625 0.06699346405228758 0.095703125
0 0.4832516339869281 0.4931640625 0.031862745098039214 0.072265625
0 0.5089869281045751 0.482421875 0.03758169934640523 0.05078125
0 0.565359477124183 0.46923828125 0.03104575163398693 0.0341796875
0 0.7222222222222222 0.4951171875 0.03104575163398693 0.09375
0 0.5845588235294118 0.45751953125 0.008986928104575163 0.0146484375
