0 0.5126953125 0.5559895833333334 0.0087890625 0.033854166666666664
1 0.52587890625 0.5563151041666666 0.01171875 0.012369791666666666
1 0.56787109375 0.5690104166666666 0.017578125 0.033854166666666664
1 0.609619140625 0.5755208333333334 0.01904296875 0.028645833333333332
2 0.934326171875 0.8050130208333334 0.06982421875 0.22591145833333334
2 0.844970703125 0.6070963541666666 0.24658203125 0.24283854166666666
2 0.718505859375 0.5777994791666666 0.09326171875 0.14778645833333334
2 0.67236328125 0.5924479166666666 0.0185546875 0.06380208333333333
2 0.6630859375 0.5703125 0.0439453125 0.07161458333333333
2 0.64013671875 0.5556640625 0.0302734375 0.044921875
2 0.627197265625 0.55078125 0.01708984375 0.02734375
2 0.64111328125 0.5719401041666666 0.025390625 0.055338541666666664
2 0.576904296875 0.5485026041666666 0.01806640625 0.022786458333333332
2 0.4951171875 0.5517578125 0.0302734375 0.037109375
2 0.467529296875 0.5615234375 0.03564453125 0.043619791666666664
2 0.420654296875 0.5670572916666666 0.06689453125 0.07291666666666667
2 0.35009765625 0.5771484375 0.0625 0.11263020833333333
2 0.285400390625 0.591796875 0.13134765625 0.12760416666666666
2 0.38134765625 0.55859375 0.017578125 0.04296875
2 0.5478515625 0.5442708333333334 0.0078125 0.009114583333333334
2 0.555419921875 0.5432942708333334 0.00732421875 0.008463541666666666
0 0.525146484375 0.5504557291666666 0.00537109375 0.020182291666666668
0 0.5654296875 0.5598958333333334 0.0126953125 0.037760416666666664
0 0.604736328125 0.5602213541666666 0.02392578125 0.059244791666666664
