4 0.9461111111111111 0.391875 0.10777777777777778 0.05375
7 0.5219444444444444 0.2059375 0.04055555555555555 0.088125
7 0.225 0.294375 0.02666666666666667 0.03875
7 0.23666666666666666 0.35875 0.016666666666666666 0.02875
7 0.5205555555555555 0.325625 0.02 0.03625
9 0.6094444444444445 0.265625 0.07555555555555556 0.02875
9 0.20722222222222222 0.328125 0.05444444444444444 0.0225
9 0.26944444444444443 0.3571875 0.02 0.033125
9 0.10777777777777778 0.4109375 0.02 0.026875
9 0.9552777777777778 0.340625 0.013888888888888888 0.04
0 0.4047222222222222 0.4934375 0.045 0.168125
0 0.4577777777777778 0.4746875 0.06333333333333334 0.176875
0 0.5477777777777778 0.4875 0.07666666666666666 0.24875
0 0.7827777777777778 0.489375 0.10444444444444445 0.34
0 0.23444444444444446 0.481875 0.024444444444444446 0.09625
1 0.014444444444444444 0.505625 0.01888888888888889 0.045
2 0.6688888888888889 0.4534375 0.08333333333333333 0.039375
2 0.6188888888888889 0.450625 0.06444444444444444 0.0425
2 0.34833333333333333 0.4490625 0.06111111111111111 0.045625
0 0.014444444444444444 0.4871875 0.01888888888888889 0.053125
