9 0.8686111111111111 0.3828125 0.008333333333333333 0.034375
9 0.6458333333333334 0.3925 0.029444444444444443 0.0325
9 0.6458333333333334 0.41625 0.013888888888888888 0.015
9 0.5513888888888889 0.43625 0.005 0.00625
9 0.5388888888888889 0.4328125 0.0044444444444444444 0.006875
9 0.25527777777777777 0.3965625 0.02722222222222222 0.030625
9 0.25583333333333336 0.42125 0.013888888888888888 0.01875
0 0.6075 0.461875 0.006111111111111111 0.0225
0 0.6005555555555555 0.461875 0.006666666666666667 0.02625
0 0.5925 0.4634375 0.008333333333333333 0.023125
2 0.9319444444444445 0.4571875 0.0961111111111111 0.036875
2 0.8844444444444445 0.4584375 0.023333333333333334 0.021875
2 0.7813888888888889 0.4615625 0.11166666666666666 0.039375
2 0.7269444444444444 0.4571875 0.06388888888888888 0.028125
2 0.6994444444444444 0.4540625 0.05444444444444444 0.023125
2 0.6775 0.4553125 0.03722222222222222 0.021875
2 0.6091666666666666 0.45375 0.03277777777777778 0.01875
2 0.5697222222222222 0.401875 0.007222222222222222 0.0075
2 0.5461111111111111 0.39625 0.006666666666666667 0.00625
2 0.5369444444444444 0.4059375 0.010555555555555556 0.009375
2 0.5355555555555556 0.4403125 0.011111111111111112 0.011875
2 0.5286111111111111 0.449375 0.010555555555555556 0.01125
2 0.5066666666666667 0.458125 0.03888888888888889 0.02125
2 0.5008333333333334 0.440625 0.013888888888888888 0.0125
2 0.48138888888888887 0.455 0.013888888888888888 0.0125
2 0.4666666666666667 0.4496875 0.014444444444444444 0.015625
2 0.4866666666666667 0.439375 0.012222222222222223 0.00875
2 0.44166666666666665 0.460625 0.015555555555555555 0.01625
2 0.42777777777777776 0.4634375 0.017777777777777778 0.019375
2 0.4088888888888889 0.4621875 0.024444444444444446 0.029375
2 0.38083333333333336 0.4640625 0.04388888888888889 0.034375
2 0.33111111111111113 0.471875 0.03333333333333333 0.04
2 0.3 0.47375 0.05333333333333334 0.04375
2 0.24138888888888888 0.4778125 0.08055555555555556 0.055625
