9 0.9897222222222222 0.4715625 0.020555555555555556 0.115625
2 0.06888888888888889 0.5584375 0.13777777777777778 0.275625
2 0.2652777777777778 0.4925 0.11277777777777778 0.09125
2 0.3352777777777778 0.4840625 0.05722222222222222 0.061875
2 0.4077777777777778 0.485 0.07777777777777778 0.06625
2 0.4627777777777778 0.486875 0.03111111111111111 0.02375
2 0.5188888888888888 0.490625 0.011111111111111112 0.0125
2 0.5091666666666667 0.4940625 0.015 0.013125
2 0.5666666666666667 0.481875 0.017777777777777778 0.0275
2 0.6044444444444445 0.4696875 0.06111111111111111 0.066875
2 0.6661111111111111 0.4878125 0.10333333333333333 0.135625
2 0.7883333333333333 0.5146875 0.23555555555555555 0.215625
