0 0.211669921875 0.5198567708333334 0.03369140625 0.043619791666666664
2 0.15087890625 0.6376953125 0.2392578125 0.20377604166666666
2 0.86083984375 0.626953125 0.216796875 0.15625
2 0.55908203125 0.6061197916666666 0.1005859375 0.109375
2 0.505615234375 0.5882161458333334 0.04052734375 0.06705729166666667
2 0.498779296875 0.5673828125 0.04443359375 0.064453125
2 0.2578125 0.5696614583333334 0.0517578125 0.06640625
2 0.28955078125 0.5690104166666666 0.0263671875 0.0625
2 0.319091796875 0.5634765625 0.04833984375 0.051432291666666664
2 0.353271484375 0.5651041666666666 0.02490234375 0.041666666666666664
2 0.37109375 0.56640625 0.013671875 0.032552083333333336
2 0.428466796875 0.5677083333333334 0.02392578125 0.028645833333333332
