7 0.3598856209150327 0.46826171875 0.007352941176470588 0.0205078125
9 0.08619281045751634 0.4541015625 0.03022875816993464 0.015625
9 0.08619281045751634 0.47216796875 0.03022875816993464 0.0166015625
9 0.44812091503267976 0.39404296875 0.04330065359477124 0.0302734375
9 0.4693627450980392 0.45703125 0.059640522875817 0.025390625
9 0.548202614379085 0.4296875 0.06699346405228758 0.025390625
9 0.5175653594771242 0.3212890625 0.10866013071895425 0.103515625
9 0.3366013071895425 0.44921875 0.026143790849673203 0.01171875
9 0.33578431372549017 0.46630859375 0.027777777777777776 0.0126953125
9 0.33619281045751637 0.48193359375 0.02696078431372549 0.0126953125
9 0.4889705882352941 0.47900390625 0.013888888888888888 0.0205078125
9 0.380718954248366 0.53759765625 0.008169934640522876 0.0107421875
0 0.08782679738562091 0.537109375 0.018790849673202614 0.05078125
0 0.23161764705882354 0.54052734375 0.025326797385620915 0.0498046875
0 0.19281045751633988 0.54443359375 0.017973856209150325 0.0537109375
1 0.6621732026143791 0.54541015625 0.010620915032679739 0.0244140625
6 0.1352124183006536 0.50732421875 0.031862745098039214 0.0498046875
2 0.16625816993464052 0.52880859375 0.025326797385620915 0.0224609375
2 0.19281045751633988 0.529296875 0.03104575163398693 0.033203125
2 0.24019607843137256 0.51806640625 0.03758169934640523 0.0517578125
2 0.5216503267973857 0.5146484375 0.04820261437908497 0.03125
2 0.9930555555555556 0.54248046875 0.013888888888888888 0.0283203125
2 0.8937908496732027 0.5556640625 0.07516339869281045 0.076171875
2 0.8455882352941176 0.58203125 0.1111111111111111 0.107421875
0 0.6621732026143791 0.533203125 0.008986928104575163 0.029296875
