7 0.406640625 0.4267578125 0.00546875 0.0078125
9 0.652734375 0.435546875 0.01484375 0.01171875
9 0.37109375 0.4443359375 0.0078125 0.01171875
9 0.23984375 0.4599609375 0.009375 0.01953125
9 0.043359375 0.41357421875 0.04921875 0.0126953125
9 0.0453125 0.3935546875 0.01875 0.01171875
9 0.50234375 0.455078125 0.003125 0.005859375
0 0.777734375 0.5185546875 0.03359375 0.095703125
0 0.424609375 0.47607421875 0.00546875 0.0146484375
0 0.360546875 0.4736328125 0.00703125 0.0234375
0 0.344921875 0.47705078125 0.00859375 0.0263671875
0 0.219921875 0.515625 0.02421875 0.076171875
0 0.20546875 0.51708984375 0.015625 0.0712890625
0 0.18984375 0.5166015625 0.0234375 0.076171875
1 0.324609375 0.48046875 0.02265625 0.017578125
2 0.66328125 0.53515625 0.096875 0.095703125
2 0.6046875 0.51220703125 0.0609375 0.0595703125
2 0.590234375 0.5029296875 0.05234375 0.0546875
2 0.562890625 0.4990234375 0.02109375 0.046875
2 0.549609375 0.48974609375 0.02890625 0.0361328125
2 0.526171875 0.47998046875 0.02578125 0.0263671875
2 0.511328125 0.47607421875 0.01484375 0.0205078125
2 0.503515625 0.4755859375 0.01171875 0.021484375
2 0.497265625 0.47265625 0.01015625 0.017578125
2 0.46796875 0.47802734375 0.025 0.0244140625
2 0.454296875 0.470703125 0.00859375 0.0078125
2 0.397265625 0.48828125 0.04609375 0.048828125
2 0.44375 0.47021484375 0.0109375 0.0087890625
2 0.175390625 0.49951171875 0.05078125 0.0419921875
2 0.177734375 0.48779296875 0.06796875 0.0595703125
0 0.262109375 0.517578125 0.02265625 0.087890625
8 0.35625 0.486328125 0.00625 0.01953125
11 0.2625 0.5615234375 0.009375 0.005859375
