4 0.556640625 0.4856770833333333 0.07421875 0.05078125
4 0.457275390625 0.5247395833333334 0.11572265625 0.055989583333333336
4 0.68896484375 0.5006510416666666 0.1435546875 0.09244791666666667
4 0.86474609375 0.470703125 0.208984375 0.19010416666666666
0 0.111572265625 0.5794270833333334 0.01513671875 0.032552083333333336
0 0.143798828125 0.5621744791666666 0.01123046875 0.030598958333333332
0 0.687255859375 0.5260416666666666 0.01611328125 0.09114583333333333
0 0.67431640625 0.5345052083333334 0.0302734375 0.09635416666666667
0 0.65283203125 0.5302734375 0.021484375 0.091796875
0 0.91650390625 0.5631510416666666 0.0478515625 0.21744791666666666
0 0.845947265625 0.5804036458333334 0.05615234375 0.22200520833333334
2 0.482177734375 0.5380859375 0.02880859375 0.027994791666666668
2 0.543212890625 0.5406901041666666 0.12158203125 0.07096354166666667
2 0.807861328125 0.5309244791666666 0.04052734375 0.08138020833333333
2 0.921142578125 0.5169270833333334 0.09619140625 0.13411458333333334
