7 0.7822712418300654 0.43994140625 0.013888888888888888 0.0439453125
7 0.7320261437908496 0.50146484375 0.006535947712418301 0.0166015625
7 0.7867647058823529 0.5322265625 0.008169934640522876 0.015625
7 0.07598039215686274 0.42041015625 0.014705882352941176 0.0576171875
7 0.0755718954248366 0.548828125 0.007352941176470588 0.01171875
7 0.5633169934640523 0.52783203125 0.005718954248366013 0.0087890625
7 0.6801470588235294 0.5146484375 0.007352941176470588 0.0078125
7 0.16584967320261437 0.50927734375 0.006535947712418301 0.0107421875
9 0.8378267973856209 0.4658203125 0.03022875816993464 0.033203125
9 0.8402777777777778 0.4892578125 0.02369281045751634 0.01171875
9 0.7156862745098039 0.44921875 0.011437908496732025 0.0234375
9 0.7156862745098039 0.4658203125 0.011437908496732025 0.0078125
9 0.7340686274509803 0.47607421875 0.03349673202614379 0.0087890625
9 0.7348856209150327 0.48779296875 0.035130718954248366 0.0068359375
9 0.5706699346405228 0.50830078125 0.008986928104575163 0.0107421875
9 0.5706699346405228 0.51513671875 0.007352941176470588 0.0029296875
9 0.7822712418300654 0.4775390625 0.025326797385620915 0.02734375
9 0.6086601307189542 0.4951171875 0.017973856209150325 0.00390625
9 0.6090686274509803 0.5 0.01715686274509804 0.00390625
9 0.6094771241830066 0.50390625 0.016339869281045753 0.00390625
9 0.6094771241830066 0.5087890625 0.017973856209150325 0.00390625
9 0.5980392156862745 0.48583984375 0.016339869281045753 0.0087890625
0 0.15155228758169934 0.5693359375 0.022058823529411766 0.09765625
0 0.1380718954248366 0.564453125 0.017973856209150325 0.087890625
0 0.16584967320261437 0.56591796875 0.0196078431372549 0.0888671875
0 0.8991013071895425 0.5546875 0.02042483660130719 0.083984375
0 0.7757352941176471 0.53955078125 0.012254901960784314 0.0478515625
0 0.7111928104575164 0.53662109375 0.008986928104575163 0.0400390625
0 0.6993464052287581 0.537109375 0.013071895424836602 0.037109375
0 0.7181372549019608 0.55126953125 0.011437908496732025 0.0400390625
1 0.20016339869281047 0.56298828125 0.05555555555555555 0.0478515625
1 0.5731209150326797 0.5400390625 0.022058823529411766 0.013671875
3 0.35049019607843135 0.552734375 0.017973856209150325 0.029296875
3 0.01511437908496732 0.5791015625 0.03022875816993464 0.078125
2 0.45669934640522875 0.54736328125 0.049019607843137254 0.0498046875
2 0.3860294117647059 0.53759765625 0.03676470588235294 0.0322265625
2 0.5004084967320261 0.5361328125 0.03022875816993464 0.03125
0 0.19607843137254902 0.55224609375 0.0392156862745098 0.0673828125
0 0.35049019607843135 0.5400390625 0.017973856209150325 0.0390625
0 0.01184640522875817 0.5615234375 0.022058823529411766 0.0703125
