9 0.4861111111111111 0.46728515625 0.006535947712418301 0.0068359375
9 0.4861111111111111 0.45947265625 0.006535947712418301 0.0068359375
9 0.4934640522875817 0.396484375 0.0915032679738562 0.037109375
9 0.5351307189542484 0.373046875 0.006535947712418301 0.0078125
9 0.45016339869281047 0.38037109375 0.004901960784313725 0.0068359375
2 0.01511437908496732 0.51806640625 0.03022875816993464 0.0458984375
2 0.04738562091503268 0.5087890625 0.04084967320261438 0.033203125
2 0.012663398692810458 0.568359375 0.025326797385620915 0.056640625
2 0.198937908496732 0.53076171875 0.12663398692810457 0.0966796875
2 0.3088235294117647 0.4951171875 0.00980392156862745 0.005859375
2 0.2908496732026144 0.49609375 0.0196078431372549 0.009765625
2 0.43586601307189543 0.49609375 0.04493464052287582 0.037109375
2 0.4665032679738562 0.48388671875 0.017973856209150325 0.0166015625
2 0.4987745098039216 0.48046875 0.01715686274509804 0.01953125
2 0.5187908496732027 0.48193359375 0.021241830065359478 0.0205078125
2 0.5322712418300654 0.48193359375 0.007352941176470588 0.0068359375
2 0.5469771241830066 0.48095703125 0.005718954248366013 0.0068359375
2 0.5400326797385621 0.48046875 0.008169934640522876 0.009765625
2 0.5592320261437909 0.478515625 0.01715686274509804 0.017578125
