9 0.55234375 0.4072265625 0.015625 0.017578125
0 0.50625 0.49169921875 0.0171875 0.0712890625
1 0.4078125 0.50439453125 0.0140625 0.0400390625
1 0.89609375 0.49462890625 0.059375 0.0615234375
1 0.93828125 0.49609375 0.0625 0.0625
1 0.976171875 0.4951171875 0.04765625 0.05078125
1 0.94375 0.48876953125 0.053125 0.0615234375
2 0.62890625 0.51220703125 0.115625 0.1259765625
2 0.9171875 0.80126953125 0.165625 0.3974609375
2 0.83125 0.6572265625 0.2609375 0.23828125
2 0.744921875 0.57080078125 0.19140625 0.1904296875
2 0.569140625 0.51611328125 0.02734375 0.0712890625
2 0.566796875 0.49755859375 0.04296875 0.0810546875
2 0.534375 0.48779296875 0.05 0.0771484375
2 0.08828125 0.6142578125 0.1765625 0.169921875
2 0.247265625 0.53759765625 0.09609375 0.0927734375
2 0.299609375 0.5087890625 0.06015625 0.06640625
2 0.32890625 0.50048828125 0.0296875 0.0556640625
2 0.3359375 0.48583984375 0.0578125 0.0634765625
2 0.37109375 0.4794921875 0.025 0.0390625
2 0.3796875 0.47509765625 0.025 0.0361328125
2 0.402734375 0.46630859375 0.02265625 0.0302734375
2 0.419921875 0.462890625 0.01484375 0.02734375
2 0.431640625 0.46044921875 0.01171875 0.0166015625
2 0.445703125 0.45947265625 0.01171875 0.0146484375
2 0.475 0.4658203125 0.0328125 0.037109375
2 0.021484375 0.525390625 0.04296875 0.09765625
2 0.064453125 0.51123046875 0.07578125 0.0556640625
2 0.65625 0.45849609375 0.053125 0.0302734375
2 0.45546875 0.45703125 0.0078125 0.013671875
0 0.408203125 0.48095703125 0.02265625 0.0654296875
0 0.4671875 0.47998046875 0.021875 0.0732421875
11 0.467578125 0.51708984375 0.00859375 0.0068359375
