7 0.5133333333333333 0.2175 0.023333333333333334 0.0725
7 0.215 0.036875 0.022222222222222223 0.07375
7 0.5113888888888889 0.30375 0.025 0.0275
9 0.3844444444444444 0.3840625 0.0077777777777777776 0.011875
0 0.5363888888888889 0.4065625 0.021666666666666667 0.044375
0 0.1775 0.43 0.008333333333333333 0.0325
0 0.7322222222222222 0.4034375 0.021111111111111112 0.060625
1 0.4161111111111111 0.434375 0.025555555555555557 0.05125
1 0.43027777777777776 0.4375 0.03166666666666667 0.05125
1 0.445 0.44 0.028888888888888888 0.05125
1 0.47694444444444445 0.42125 0.020555555555555556 0.03375
1 0.4658333333333333 0.4415625 0.019444444444444445 0.055625
1 0.38972222222222225 0.435 0.011666666666666667 0.02375
1 0.3686111111111111 0.4365625 0.013888888888888888 0.023125
1 0.37833333333333335 0.4353125 0.012222222222222223 0.023125
1 0.0763888888888889 0.4365625 0.026111111111111113 0.026875
1 0.13416666666666666 0.439375 0.017222222222222222 0.0425
1 0.12027777777777778 0.4409375 0.015 0.038125
1 0.1638888888888889 0.4346875 0.01 0.025625
2 0.21694444444444444 0.431875 0.026111111111111113 0.02125
2 0.2361111111111111 0.4309375 0.016666666666666666 0.019375
2 0.24722222222222223 0.4303125 0.012222222222222223 0.015625
2 0.25527777777777777 0.430625 0.007222222222222222 0.0125
2 0.2611111111111111 0.4290625 0.0077777777777777776 0.014375
0 0.07416666666666667 0.4271875 0.013888888888888888 0.039375
8 0.43 0.450625 0.013333333333333334 0.04
