7 0.38472222222222224 0.4403125 0.005 0.015625
7 0.5138888888888888 0.4365625 0.005555555555555556 0.016875
7 0.3811111111111111 0.4571875 0.0044444444444444444 0.005625
9 0.6416666666666667 0.390625 0.025555555555555557 0.025
1 0.4891666666666667 0.476875 0.006111111111111111 0.01125
2 0.1713888888888889 0.4996875 0.295 0.220625
2 0.3352777777777778 0.48375 0.04055555555555555 0.035
2 0.355 0.480625 0.017777777777777778 0.02875
2 0.35694444444444445 0.4640625 0.030555555555555555 0.018125
2 0.38555555555555554 0.4828125 0.052222222222222225 0.043125
2 0.4125 0.4765625 0.02388888888888889 0.030625
2 0.4261111111111111 0.4721875 0.021111111111111112 0.024375
2 0.44055555555555553 0.4728125 0.012222222222222223 0.013125
2 0.45944444444444443 0.47125 0.016666666666666666 0.01875
2 0.5308333333333334 0.4740625 0.04055555555555555 0.041875
2 0.6038888888888889 0.481875 0.09111111111111111 0.08375
2 0.6466666666666666 0.499375 0.11777777777777777 0.09
0 0.4891666666666667 0.4703125 0.006111111111111111 0.016875
