7 0.415771484375 0.24934895833333334 0.02294921875 0.07552083333333333
7 0.708740234375 0.3896484375 0.02392578125 0.08268229166666667
7 0.71142578125 0.4700520833333333 0.013671875 0.0234375
7 0.908203125 0.35546875 0.03125 0.10546875
9 0.4755859375 0.23763020833333334 0.03515625 0.049479166666666664
9 0.697509765625 0.2975260416666667 0.05126953125 0.029947916666666668
9 0.704345703125 0.44140625 0.04443359375 0.01953125
9 0.95068359375 0.4072265625 0.0244140625 0.022786458333333332
0 0.83251953125 0.5592447916666666 0.025390625 0.1328125
0 0.8955078125 0.55859375 0.025390625 0.11458333333333333
2 0.09228515625 0.6070963541666666 0.1181640625 0.091796875
2 0.25146484375 0.59375 0.0830078125 0.0703125
2 0.380126953125 0.572265625 0.06298828125 0.0625
2 0.199951171875 0.5914713541666666 0.03564453125 0.046223958333333336
