7 0.8505555555555555 0.223125 0.028888888888888888 0.08875
7 0.36527777777777776 0.4334375 0.0038888888888888888 0.006875
7 0.4216666666666667 0.443125 0.0033333333333333335 0.005
7 0.8352777777777778 0.3190625 0.02388888888888889 0.039375
7 0.82 0.245 0.034444444444444444 0.1025
9 0.8375 0.4378125 0.012777777777777779 0.023125
0 0.4061111111111111 0.465625 0.008888888888888889 0.02125
0 0.41333333333333333 0.465625 0.0077777777777777776 0.02375
0 0.4197222222222222 0.4665625 0.008333333333333333 0.028125
0 0.6816666666666666 0.47 0.024444444444444446 0.07375
0 0.6819444444444445 0.468125 0.025 0.08375
0 0.6988888888888889 0.4478125 0.01 0.019375
0 0.9544444444444444 0.4578125 0.02666666666666667 0.090625
0 0.28944444444444445 0.50625 0.10888888888888888 0.2525
0 0.25305555555555553 0.524375 0.11166666666666666 0.2675
1 0.05 0.4834375 0.035555555555555556 0.059375
2 0.15694444444444444 0.4725 0.16166666666666665 0.12125
2 0.37555555555555553 0.46875 0.022222222222222223 0.06625
2 0.33666666666666667 0.473125 0.08 0.11
2 0.27111111111111114 0.4934375 0.14666666666666667 0.121875
2 0.4488888888888889 0.4796875 0.04555555555555556 0.076875
2 0.5125 0.459375 0.105 0.08375
2 0.5336111111111111 0.503125 0.1461111111111111 0.13375
