7 0.2181372549019608 0.52001953125 0.014705882352941176 0.0517578125
7 0.23366013071895425 0.52001953125 0.016339869281045753 0.0498046875
7 0.2369281045751634 0.28857421875 0.0392156862745098 0.1064453125
7 0.9301470588235294 0.44482421875 0.015522875816993464 0.0400390625
7 0.33905228758169936 0.49560546875 0.0032679738562091504 0.0107421875
7 0.9129901960784313 0.44873046875 0.013888888888888888 0.0439453125
7 0.35294117647058826 0.51220703125 0.0032679738562091504 0.0048828125
9 0.24183006535947713 0.39111328125 0.06209150326797386 0.0732421875
9 0.24101307189542484 0.4404296875 0.04738562091503268 0.0234375
9 0.3741830065359477 0.4912109375 0.008169934640522876 0.0078125
9 0.3741830065359477 0.5 0.008169934640522876 0.009765625
9 0.3741830065359477 0.5087890625 0.006535947712418301 0.0078125
9 0.5330882352941176 0.4921875 0.007352941176470588 0.009765625
9 0.6343954248366013 0.46044921875 0.01715686274509804 0.0205078125
9 0.6348039215686274 0.474609375 0.013071895424836602 0.0078125
9 0.6348039215686274 0.48291015625 0.013071895424836602 0.0087890625
9 0.7316176470588235 0.4755859375 0.04493464052287582 0.0078125
9 0.9170751633986928 0.48828125 0.012254901960784314 0.03125
9 0.8880718954248366 0.45703125 0.042483660130718956 0.0546875
0 0.1184640522875817 0.55126953125 0.029411764705882353 0.0888671875
0 0.21486928104575165 0.580078125 0.021241830065359478 0.080078125
0 0.27450980392156865 0.53125 0.011437908496732025 0.0390625
0 0.2883986928104575 0.5322265625 0.00980392156862745 0.033203125
0 0.31413398692810457 0.5322265625 0.010620915032679739 0.041015625
0 0.3055555555555556 0.53515625 0.00980392156862745 0.041015625
0 0.3022875816993464 0.53369140625 0.006535947712418301 0.0322265625
0 0.6156045751633987 0.53662109375 0.008986928104575163 0.0283203125
0 0.608251633986928 0.53662109375 0.010620915032679739 0.0341796875
0 0.5988562091503268 0.53369140625 0.011437908496732025 0.0400390625
0 0.7724673202614379 0.5654296875 0.01715686274509804 0.080078125
0 0.7581699346405228 0.56396484375 0.02287581699346405 0.0869140625
0 0.8819444444444444 0.56640625 0.012254901960784314 0.068359375
0 0.8643790849673203 0.58935546875 0.03104575163398693 0.0947265625
0 0.9714052287581699 0.5849609375 0.04084967320261438 0.08984375
0 0.9660947712418301 0.58935546875 0.04493464052287582 0.0888671875
0 0.9366830065359477 0.5869140625 0.04493464052287582 0.12890625
0 0.5212418300653595 0.537109375 0.00980392156862745 0.025390625
2 0.45302287581699346 0.53515625 0.03676470588235294 0.03125
2 0.4652777777777778 0.697265625 0.30310457516339867 0.3125
2 0.4820261437908497 0.53857421875 0.0196078431372549 0.0166015625
0 0.06290849673202614 0.61376953125 0.06535947712418301 0.1962890625
