7 0.5416666666666666 0.3965625 0.013333333333333334 0.019375
7 0.5361111111111111 0.4225 0.01 0.0125
7 0.18222222222222223 0.4040625 0.017777777777777778 0.021875
7 0.44472222222222224 0.4121875 0.009444444444444445 0.013125
9 0.7997222222222222 0.2940625 0.055 0.064375
9 0.6205555555555555 0.3828125 0.025555555555555557 0.029375
9 0.5408333333333334 0.4125 0.019444444444444445 0.00625
0 0.7013888888888888 0.46875 0.030555555555555555 0.1025
0 0.7258333333333333 0.469375 0.02388888888888889 0.0825
0 0.7780555555555555 0.4528125 0.03166666666666667 0.106875
0 0.8083333333333333 0.436875 0.03111111111111111 0.07625
0 0.8697222222222222 0.4296875 0.028333333333333332 0.075625
0 0.9411111111111111 0.4440625 0.05444444444444444 0.138125
0 0.9788888888888889 0.44625 0.042222222222222223 0.1325
0 0.1688888888888889 0.465625 0.011111111111111112 0.04375
0 0.2877777777777778 0.45625 0.005555555555555556 0.0175
0 0.5822222222222222 0.454375 0.012222222222222223 0.0375
2 0.4313888888888889 0.456875 0.021666666666666667 0.0225
2 0.36833333333333335 0.46 0.023333333333333334 0.0225
