2 0.22444444444444445 0.4665625 0.03 0.023125
2 0.3047222222222222 0.465625 0.01611111111111111 0.02
2 0.3238888888888889 0.4640625 0.024444444444444446 0.016875
2 0.4697222222222222 0.46625 0.09388888888888888 0.03875
2 0.5338888888888889 0.4615625 0.022222222222222223 0.015625
2 0.5519444444444445 0.4621875 0.017222222222222222 0.014375
2 0.5766666666666667 0.4621875 0.024444444444444446 0.014375
2 0.5988888888888889 0.4621875 0.02 0.013125
2 0.7311111111111112 0.4671875 0.14777777777777779 0.059375
2 0.6658333333333334 0.465625 0.07055555555555555 0.04125
2 0.8933333333333333 0.47875 0.21333333333333335 0.11875
14 0.09027777777777778 0.4575 0.18055555555555555 0.155
14 0.26694444444444443 0.4603125 0.058333333333333334 0.038125
14 0.39222222222222225 0.4678125 0.06666666666666667 0.034375
2 0.6536111111111111 0.45625 0.095 0.05875
