9 0.2544444444444444 0.47375 0.008888888888888889 0.0175
9 0.2538888888888889 0.458125 0.0077777777777777776 0.01375
9 0.6008333333333333 0.4565625 0.009444444444444445 0.013125
9 0.5313888888888889 0.450625 0.006111111111111111 0.01125
2 0.5061111111111111 0.5071875 0.05 0.056875
2 0.47555555555555556 0.510625 0.013333333333333334 0.03
2 0.46944444444444444 0.5071875 0.02 0.025625
2 0.4572222222222222 0.5059375 0.012222222222222223 0.020625
2 0.4411111111111111 0.51 0.01 0.00875
2 0.39222222222222225 0.5040625 0.03666666666666667 0.038125
2 0.3630555555555556 0.5075 0.02388888888888889 0.02375
2 0.3161111111111111 0.51375 0.04555555555555556 0.04375
2 0.2911111111111111 0.5246875 0.05333333333333334 0.043125
2 0.9658333333333333 0.5478125 0.06833333333333333 0.104375
8 0.12277777777777778 0.55875 0.015555555555555555 0.03375
