7 0.16833333333333333 0.3878125 0.01888888888888889 0.038125
7 0.18777777777777777 0.421875 0.0077777777777777776 0.01375
7 0.5813888888888888 0.3596875 0.019444444444444445 0.026875
7 0.5766666666666667 0.4025 0.008888888888888889 0.01625
7 0.73 0.356875 0.012222222222222223 0.035
7 0.45111111111111113 0.440625 0.0044444444444444444 0.00625
9 0.6897222222222222 0.2321875 0.03722222222222222 0.068125
9 0.7086111111111111 0.27875 0.019444444444444445 0.035
9 0.77 0.38125 0.023333333333333334 0.00875
9 0.021111111111111112 0.404375 0.013333333333333334 0.01625
9 0.5786111111111111 0.4321875 0.007222222222222222 0.010625
9 0.5505555555555556 0.401875 0.012222222222222223 0.01625
9 0.5519444444444445 0.4221875 0.006111111111111111 0.009375
9 0.5408333333333334 0.4128125 0.0038888888888888888 0.005625
9 0.5419444444444445 0.4221875 0.007222222222222222 0.010625
9 0.45416666666666666 0.4303125 0.010555555555555556 0.004375
0 0.07416666666666667 0.4828125 0.01611111111111111 0.050625
0 0.09444444444444444 0.4815625 0.016666666666666666 0.059375
0 0.12666666666666668 0.4803125 0.02 0.064375
0 0.15861111111111112 0.471875 0.01611111111111111 0.0575
0 0.17444444444444446 0.4740625 0.021111111111111112 0.058125
0 0.18 0.475625 0.025555555555555557 0.06125
0 0.2619444444444444 0.4715625 0.028333333333333332 0.053125
0 0.7775 0.4321875 0.005 0.014375
0 0.7844444444444445 0.4303125 0.006666666666666667 0.013125
0 0.6772222222222222 0.4671875 0.04111111111111111 0.160625
2 0.5283333333333333 0.45625 0.03111111111111111 0.0325
2 0.31722222222222224 0.466875 0.023333333333333334 0.0325
2 0.29694444444444446 0.4696875 0.04611111111111111 0.040625
8 0.5725 0.4596875 0.008333333333333333 0.024375
