9 0.9930555555555556 0.40380859375 0.013888888888888888 0.0400390625
9 0.994281045751634 0.431640625 0.011437908496732025 0.015625
0 0.983251633986928 0.564453125 0.03022875816993464 0.08203125
0 0.946078431372549 0.5673828125 0.03104575163398693 0.080078125
0 0.5649509803921569 0.52490234375 0.012254901960784314 0.0341796875
0 0.5531045751633987 0.5244140625 0.013071895424836602 0.041015625
0 0.48733660130718953 0.5166015625 0.005718954248366013 0.017578125
2 0.2839052287581699 0.5869140625 0.1184640522875817 0.111328125
2 0.34272875816993464 0.52392578125 0.061274509803921566 0.0869140625
2 0.3047385620915033 0.5146484375 0.014705882352941176 0.017578125
2 0.27205882352941174 0.515625 0.02287581699346405 0.01953125
