7 0.9125816993464052 0.42919921875 0.0032679738562091504 0.0087890625
7 0.9187091503267973 0.431640625 0.0024509803921568627 0.005859375
7 0.9007352941176471 0.4326171875 0.0024509803921568627 0.0078125
7 0.8852124183006536 0.4287109375 0.0024509803921568627 0.009765625
7 0.5281862745098039 0.3623046875 0.007352941176470588 0.01953125
9 0.45751633986928103 0.2177734375 0.05718954248366013 0.046875
9 0.49019607843137253 0.21923828125 0.029411764705882353 0.0419921875
9 0.45383986928104575 0.2568359375 0.09558823529411764 0.03125
9 0.6115196078431373 0.35986328125 0.04656862745098039 0.0302734375
9 0.5947712418300654 0.38134765625 0.008169934640522876 0.0107421875
9 0.516748366013072 0.384765625 0.007352941176470588 0.00390625
9 0.5175653594771242 0.376953125 0.008986928104575163 0.009765625
0 0.5330882352941176 0.4208984375 0.02042483660130719 0.083984375
0 0.0661764705882353 0.49072265625 0.1323529411764706 0.6337890625
0 0.693218954248366 0.62646484375 0.2426470588235294 0.5439453125
3 0.7618464052287581 0.69189453125 0.4305555555555556 0.4365234375
2 0.5894607843137255 0.42138671875 0.05310457516339869 0.0419921875
2 0.5441176470588235 0.40966796875 0.05555555555555555 0.0380859375
2 0.9485294117647058 0.5478515625 0.10294117647058823 0.294921875
