7 0.6854575163398693 0.4169921875 0.006535947712418301 0.01953125
9 0.9824346405228758 0.35791015625 0.035130718954248366 0.0478515625
0 0.8431372549019608 0.4375 0.006535947712418301 0.017578125
6 0.43300653594771243 0.4775390625 0.08006535947712418 0.11328125
3 0.37745098039215685 0.51123046875 0.02287581699346405 0.0439453125
3 0.4910130718954248 0.48876953125 0.014705882352941176 0.0283203125
3 0.5065359477124183 0.4931640625 0.0196078431372549 0.03515625
3 0.6074346405228758 0.45703125 0.007352941176470588 0.01171875
2 0.4775326797385621 0.48193359375 0.012254901960784314 0.0283203125
2 0.4820261437908497 0.474609375 0.0196078431372549 0.025390625
2 0.497140522875817 0.47021484375 0.012254901960784314 0.0166015625
2 0.5191993464052288 0.4736328125 0.022058823529411766 0.0234375
2 0.5269607843137255 0.4677734375 0.024509803921568627 0.025390625
2 0.5061274509803921 0.4609375 0.010620915032679739 0.005859375
2 0.49468954248366015 0.46142578125 0.010620915032679739 0.0048828125
2 0.5531045751633987 0.45947265625 0.017973856209150325 0.0185546875
2 0.5388071895424836 0.45654296875 0.008986928104575163 0.0146484375
2 0.5571895424836601 0.44873046875 0.00980392156862745 0.0068359375
2 0.5812908496732027 0.4580078125 0.02369281045751634 0.0234375
2 0.5837418300653595 0.46826171875 0.025326797385620915 0.0244140625
2 0.6176470588235294 0.46484375 0.011437908496732025 0.025390625
2 0.6319444444444444 0.46826171875 0.031862745098039214 0.0302734375
2 0.6785130718954249 0.4990234375 0.0857843137254902 0.072265625
2 0.5910947712418301 0.44091796875 0.005718954248366013 0.0048828125
2 0.5657679738562091 0.45068359375 0.007352941176470588 0.0107421875
2 0.571078431372549 0.44677734375 0.00980392156862745 0.0068359375
0 0.3790849673202614 0.50048828125 0.0196078431372549 0.0458984375
0 0.4910130718954248 0.4814453125 0.014705882352941176 0.033203125
0 0.5081699346405228 0.48486328125 0.0196078431372549 0.0478515625
0 0.6066176470588235 0.453125 0.005718954248366013 0.013671875
