7 0.6519607843137255 0.4853515625 0.006535947712418301 0.01171875
7 0.07393790849673203 0.43212890625 0.028594771241830064 0.0380859375
7 0.05024509803921569 0.48388671875 0.012254901960784314 0.0166015625
9 0.8272058823529411 0.45166015625 0.02369281045751634 0.0263671875
9 0.826797385620915 0.43310546875 0.02287581699346405 0.0087890625
9 0.8263888888888888 0.40966796875 0.03022875816993464 0.0361328125
9 0.32393790849673204 0.48291015625 0.015522875816993464 0.0185546875
9 0.07434640522875817 0.4677734375 0.021241830065359478 0.0078125
9 0.07393790849673203 0.4580078125 0.022058823529411766 0.01171875
1 0.03839869281045752 0.5576171875 0.05555555555555555 0.0390625
2 0.6376633986928104 0.51953125 0.03676470588235294 0.048828125
2 0.5441176470588235 0.51611328125 0.017973856209150325 0.0166015625
2 0.5204248366013072 0.51708984375 0.014705882352941176 0.0126953125
2 0.5089869281045751 0.51953125 0.016339869281045753 0.013671875
2 0.5334967320261438 0.51171875 0.014705882352941176 0.015625
2 0.46772875816993464 0.517578125 0.008986928104575163 0.013671875
2 0.39052287581699346 0.537109375 0.05392156862745098 0.05078125
2 0.15808823529411764 0.61279296875 0.2508169934640523 0.1591796875
2 0.6021241830065359 0.51220703125 0.013071895424836602 0.0146484375
