4 0.40032679738562094 0.4970703125 0.03594771241830065 0.03125
4 0.4444444444444444 0.4833984375 0.013071895424836602 0.0234375
4 0.46200980392156865 0.482421875 0.012254901960784314 0.01953125
7 0.4665032679738562 0.453125 0.00980392156862745 0.0234375
9 0.6372549019607843 0.435546875 0.017973856209150325 0.009765625
9 0.6368464052287581 0.42138671875 0.01715686274509804 0.0185546875
9 0.6376633986928104 0.4931640625 0.018790849673202614 0.029296875
9 0.6327614379084967 0.46533203125 0.008986928104575163 0.0146484375
9 0.6327614379084967 0.44970703125 0.008986928104575163 0.0166015625
0 0.2928921568627451 0.53173828125 0.02042483660130719 0.0576171875
0 0.24632352941176472 0.53271484375 0.01715686274509804 0.0576171875
0 0.21200980392156862 0.5341796875 0.013888888888888888 0.0546875
0 0.6209150326797386 0.51904296875 0.011437908496732025 0.0341796875
0 0.5665849673202614 0.50927734375 0.008986928104575163 0.0146484375
1 0.26429738562091504 0.5400390625 0.018790849673202614 0.029296875
3 0.22549019607843138 0.54296875 0.026143790849673203 0.037109375
3 0.4848856209150327 0.52490234375 0.022058823529411766 0.0185546875
2 0.17647058823529413 0.5546875 0.03594771241830065 0.076171875
2 0.12214052287581699 0.57080078125 0.12826797385620914 0.1044921875
2 0.04084967320261438 0.52294921875 0.08169934640522876 0.0283203125
2 0.3741830065359477 0.53271484375 0.04738562091503268 0.0458984375
2 0.514297385620915 0.52880859375 0.03349673202614379 0.0361328125
2 0.551062091503268 0.54443359375 0.0661764705882353 0.0673828125
2 0.5069444444444444 0.50732421875 0.035130718954248366 0.0283203125
2 0.6973039215686274 0.61083984375 0.1854575163398693 0.2001953125
2 0.8549836601307189 0.71533203125 0.2900326797385621 0.5166015625
2 0.4387254901960784 0.6044921875 0.16666666666666666 0.169921875
0 0.2267156862745098 0.52978515625 0.018790849673202614 0.0439453125
0 0.4869281045751634 0.51904296875 0.013071895424836602 0.0302734375
