7 0.619281045751634 0.47998046875 0.004901960784313725 0.0166015625
0 0.1409313725490196 0.513671875 0.018790849673202614 0.025390625
0 0.1576797385620915 0.5166015625 0.014705882352941176 0.01953125
0 0.17279411764705882 0.51611328125 0.015522875816993464 0.0244140625
0 0.18913398692810457 0.525390625 0.015522875816993464 0.029296875
0 0.23080065359477125 0.5205078125 0.008986928104575163 0.029296875
0 0.19975490196078433 0.52880859375 0.008986928104575163 0.0419921875
6 0.318218954248366 0.52734375 0.06944444444444445 0.052734375
2 0.3165849673202614 0.7392578125 0.37663398692810457 0.376953125
2 0.10702614379084967 0.6220703125 0.21405228758169934 0.19140625
2 0.4616013071895425 0.5556640625 0.20261437908496732 0.28125
