7 0.12254901960784313 0.04150390625 0.058823529411764705 0.0830078125
7 0.19117647058823528 0.12109375 0.0457516339869281 0.142578125
7 0.8345588235294118 0.17919921875 0.041666666666666664 0.1376953125
7 0.6008986928104575 0.33447265625 0.015522875816993464 0.0615234375
9 0.12050653594771242 0.12109375 0.05800653594771242 0.0703125
9 0.3562091503267974 0.33544921875 0.014705882352941176 0.0185546875
9 0.3713235294117647 0.33056640625 0.012254901960784314 0.0341796875
9 0.5988562091503268 0.45263671875 0.017973856209150325 0.0419921875
9 0.823937908496732 0.2734375 0.03676470588235294 0.046875
9 0.9771241830065359 0.6181640625 0.0457516339869281 0.177734375
0 0.8337418300653595 0.529296875 0.12173202614379085 0.25390625
2 0.4579248366013072 0.4365234375 0.12990196078431374 0.0703125
2 0.5061274509803921 0.421875 0.025326797385620915 0.025390625
2 0.576797385620915 0.43359375 0.032679738562091505 0.029296875
2 0.6151960784313726 0.43994140625 0.03431372549019608 0.0380859375
2 0.6384803921568627 0.44775390625 0.04820261437908497 0.0400390625
