4 0.0984375 0.5068359375 0.196875 0.201171875
9 0.519921875 0.4248046875 0.01953125 0.0078125
0 0.32890625 0.5126953125 0.0203125 0.068359375
0 0.346484375 0.51025390625 0.02578125 0.0751953125
0 0.748828125 0.49169921875 0.01328125 0.0576171875
0 0.7671875 0.49267578125 0.009375 0.0517578125
0 0.784765625 0.49169921875 0.01015625 0.0498046875
1 0.046875 0.7392578125 0.09375 0.1640625
1 0.09140625 0.62744140625 0.03125 0.1064453125
1 0.359765625 0.52734375 0.02578125 0.04296875
2 0.613671875 0.4599609375 0.02578125 0.029296875
2 0.437890625 0.482421875 0.02890625 0.03125
2 0.3671875 0.48828125 0.0859375 0.052734375
0 0.071484375 0.669921875 0.13671875 0.25
8 0.3984375 0.52392578125 0.0125 0.0361328125
8 0.523046875 0.470703125 0.00546875 0.013671875
1 0.017578125 0.625 0.02578125 0.095703125
