9 0.6527777777777778 0.4215625 0.017777777777777778 0.029375
1 0.18888888888888888 0.5034375 0.04 0.068125
1 0.23194444444444445 0.49375 0.03277777777777778 0.0575
1 0.26416666666666666 0.485625 0.025 0.05125
1 0.31833333333333336 0.48 0.016666666666666666 0.02875
1 0.285 0.4809375 0.013333333333333334 0.029375
1 0.4061111111111111 0.4634375 0.012222222222222223 0.016875
1 0.39222222222222225 0.4625 0.008888888888888889 0.01625
1 0.37277777777777776 0.4740625 0.011111111111111112 0.024375
1 0.38305555555555554 0.4621875 0.009444444444444445 0.016875
2 0.30944444444444447 0.460625 0.06111111111111111 0.0625
2 0.47305555555555556 0.450625 0.015 0.0125
2 0.59 0.4590625 0.044444444444444446 0.031875
2 0.34555555555555556 0.463125 0.022222222222222223 0.045
2 0.4886111111111111 0.45 0.013888888888888888 0.01125
0 0.19361111111111112 0.47 0.03611111111111111 0.0975
0 0.23277777777777778 0.4653125 0.034444444444444444 0.079375
0 0.26416666666666666 0.461875 0.028333333333333332 0.06375
0 0.31833333333333336 0.465625 0.015555555555555555 0.03625
0 0.2836111111111111 0.465 0.011666666666666667 0.03375
0 0.4058333333333333 0.44875 0.011666666666666667 0.02125
0 0.39222222222222225 0.451875 0.008888888888888889 0.01625
0 0.37027777777777776 0.4571875 0.010555555555555556 0.029375
0 0.38305555555555554 0.450625 0.009444444444444445 0.0175
