7 0.049444444444444444 0.373125 0.016666666666666666 0.04625
7 0.5027777777777778 0.3353125 0.015555555555555555 0.033125
7 0.3013888888888889 0.2453125 0.03277777777777778 0.039375
7 0.21722222222222223 0.405625 0.011111111111111112 0.02625
7 0.215 0.4340625 0.01 0.011875
9 0.6569444444444444 0.4140625 0.008333333333333333 0.013125
9 0.5933333333333334 0.3975 0.01 0.02125
0 0.17583333333333334 0.4725 0.013888888888888888 0.045
1 0.8094444444444444 0.494375 0.06777777777777778 0.08125
2 0.10333333333333333 0.4778125 0.10555555555555556 0.040625
2 0.4802777777777778 0.47625 0.10277777777777777 0.09625
