0 0.54921875 0.60498046875 0.06875 0.2021484375
0 0.69296875 0.4716796875 0.025 0.06640625
0 0.12890625 0.48486328125 0.0296875 0.0380859375
0 0.259765625 0.51123046875 0.02265625 0.1005859375
0 0.21484375 0.501953125 0.021875 0.0625
1 0.171875 0.55712890625 0.0375 0.0830078125
1 0.251953125 0.5732421875 0.03984375 0.091796875
1 0.20625 0.578125 0.0453125 0.087890625
1 0.21171875 0.54736328125 0.0421875 0.0732421875
1 0.988671875 0.576171875 0.02265625 0.103515625
1 0.96875 0.57568359375 0.0625 0.0869140625
2 0.019921875 0.53173828125 0.03984375 0.0712890625
2 0.1078125 0.541015625 0.14375 0.0859375
