9 0.5594444444444444 0.4359375 0.015555555555555555 0.018125
9 0.4225 0.45 0.005 0.00625
9 0.4486111111111111 0.4515625 0.005 0.005625
6 0.6688888888888889 0.4359375 0.19555555555555557 0.205625
2 0.38027777777777777 0.465625 0.041666666666666664 0.04375
2 0.8925 0.4615625 0.16055555555555556 0.064375
2 0.5675 0.4696875 0.02388888888888889 0.035625
2 0.5425 0.466875 0.02722222222222222 0.02375
2 0.5225 0.464375 0.013888888888888888 0.0175
2 0.5013888888888889 0.4603125 0.010555555555555556 0.013125
2 0.4913888888888889 0.460625 0.012777777777777779 0.01375
2 0.45111111111111113 0.4628125 0.012222222222222223 0.014375
2 0.4386111111111111 0.4621875 0.012777777777777779 0.016875
2 0.4261111111111111 0.4646875 0.02 0.020625
2 0.4197222222222222 0.4678125 0.018333333333333333 0.018125
2 0.3030555555555556 0.4846875 0.06833333333333333 0.054375
2 0.2036111111111111 0.4734375 0.11166666666666666 0.040625
2 0.5158333333333334 0.4621875 0.009444444444444445 0.014375
2 0.3413888888888889 0.468125 0.017222222222222222 0.01875
