0 0.07222222222222222 0.47 0.03777777777777778 0.13125
0 0.24888888888888888 0.4590625 0.012222222222222223 0.026875
0 0.8352777777777778 0.43625 0.018333333333333333 0.05
0 0.7266666666666667 0.435 0.01888888888888889 0.03875
0 0.7580555555555556 0.4403125 0.019444444444444445 0.020625
0 0.6902777777777778 0.4375 0.017222222222222222 0.03625
0 0.7019444444444445 0.439375 0.02277777777777778 0.0425
0 0.5163888888888889 0.4665625 0.015 0.060625
0 0.5797222222222222 0.448125 0.008333333333333333 0.02
1 0.049444444444444444 0.5003125 0.043333333333333335 0.068125
1 0.2111111111111111 0.48625 0.023333333333333334 0.04625
1 0.18861111111111112 0.485 0.025 0.0475
1 0.6758333333333333 0.4759375 0.028333333333333332 0.064375
1 0.7 0.491875 0.03222222222222222 0.07375
1 0.7316666666666667 0.49625 0.043333333333333335 0.08625
1 0.7836111111111111 0.48875 0.06166666666666667 0.1125
1 0.8152777777777778 0.4940625 0.0661111111111111 0.089375
1 0.5386111111111112 0.505 0.042777777777777776 0.09
1 0.6130555555555556 0.5040625 0.051666666666666666 0.096875
1 0.5722222222222222 0.4709375 0.022222222222222223 0.029375
1 0.48083333333333333 0.4896875 0.019444444444444445 0.049375
2 0.35444444444444445 0.473125 0.03111111111111111 0.0475
2 0.3333333333333333 0.4784375 0.04555555555555556 0.055625
2 0.28055555555555556 0.4896875 0.10333333333333333 0.074375
2 0.4338888888888889 0.45875 0.017777777777777778 0.01375
2 0.48777777777777775 0.461875 0.044444444444444446 0.025
0 0.48277777777777775 0.4684375 0.025555555555555557 0.073125
0 0.5380555555555555 0.47375 0.041666666666666664 0.1275
0 0.6127777777777778 0.46625 0.051111111111111114 0.14375
