9 0.6640625 0.4755859375 0.017578125 0.021484375
9 0.6640625 0.4892578125 0.0068359375 0.005859375
0 0.595458984375 0.5419921875 0.01416015625 0.043619791666666664
2 0.116943359375 0.6331380208333334 0.17138671875 0.17252604166666666
2 0.2763671875 0.5872395833333334 0.126953125 0.11197916666666667
2 0.379150390625 0.5615234375 0.12060546875 0.10091145833333333
2 0.7568359375 0.6145833333333334 0.14453125 0.14973958333333334
2 0.67138671875 0.5950520833333334 0.060546875 0.07421875
2 0.655029296875 0.5631510416666666 0.04541015625 0.06380208333333333
2 0.63427734375 0.5582682291666666 0.0205078125 0.052734375
2 0.64208984375 0.5475260416666666 0.048828125 0.0546875
2 0.531005859375 0.5403645833333334 0.02587890625 0.028645833333333332
2 0.475341796875 0.5335286458333334 0.01513671875 0.025390625
2 0.487060546875 0.5338541666666666 0.01806640625 0.026041666666666668
2 0.5009765625 0.5354817708333334 0.013671875 0.027994791666666668
2 0.90625 0.5520833333333334 0.0830078125 0.06640625
2 0.864990234375 0.5550130208333334 0.08251953125 0.06966145833333333
2 0.73876953125 0.5247395833333334 0.048828125 0.029947916666666668
