9 0.37527777777777777 0.3859375 0.02722222222222222 0.043125
2 0.8936111111111111 0.48625 0.10611111111111111 0.09625
2 0.8338888888888889 0.4853125 0.034444444444444444 0.073125
2 0.8066666666666666 0.4759375 0.035555555555555556 0.038125
2 0.7752777777777777 0.4740625 0.026111111111111113 0.023125
2 0.6458333333333334 0.4746875 0.028333333333333332 0.025625
2 0.6197222222222222 0.4771875 0.03277777777777778 0.028125
2 0.6705555555555556 0.471875 0.017777777777777778 0.01625
2 0.7386111111111111 0.474375 0.010555555555555556 0.00875
2 0.6886111111111111 0.471875 0.018333333333333333 0.01625
