9 0.9377777777777778 0.215625 0.03222222222222222 0.06375
9 0.5875 0.40875 0.008333333333333333 0.01
9 0.5880555555555556 0.4003125 0.02277777777777778 0.009375
2 0.059166666666666666 0.49875 0.11833333333333333 0.22
2 0.6055555555555555 0.45875 0.06333333333333334 0.0425
2 0.5169444444444444 0.469375 0.05388888888888889 0.05
2 0.4872222222222222 0.4640625 0.035555555555555556 0.040625
2 0.46944444444444444 0.46375 0.012222222222222223 0.03
2 0.45611111111111113 0.4503125 0.011111111111111112 0.011875
2 0.45222222222222225 0.4465625 0.011111111111111112 0.011875
2 0.2936111111111111 0.466875 0.04722222222222222 0.02625
2 0.3663888888888889 0.4721875 0.03388888888888889 0.026875
2 0.3736111111111111 0.455 0.02388888888888889 0.0125
2 0.3958333333333333 0.464375 0.019444444444444445 0.02125
2 0.39916666666666667 0.4465625 0.012777777777777779 0.010625
2 0.4263888888888889 0.4340625 0.011666666666666667 0.010625
2 0.45111111111111113 0.4384375 0.01 0.008125
