7 0.9513888888888888 0.3046875 0.04003267973856209 0.10546875
7 0.9440359477124183 0.53857421875 0.018790849673202614 0.0498046875
7 0.8104575163398693 0.517578125 0.011437908496732025 0.03125
7 0.7977941176470589 0.47509765625 0.012254901960784314 0.0244140625
7 0.6670751633986928 0.50830078125 0.004084967320261438 0.0068359375
7 0.5428921568627451 0.51123046875 0.004084967320261438 0.0048828125
9 0.18341503267973855 0.48291015625 0.02042483660130719 0.0205078125
9 0.1830065359477124 0.498046875 0.014705882352941176 0.009765625
9 0.9534313725490197 0.40478515625 0.06535947712418301 0.0771484375
9 0.7879901960784313 0.404296875 0.008986928104575163 0.0078125
9 0.7708333333333334 0.41259765625 0.04330065359477124 0.0126953125
9 0.7708333333333334 0.435546875 0.03022875816993464 0.037109375
9 0.7708333333333334 0.45947265625 0.025326797385620915 0.0107421875
9 0.6723856209150327 0.43505859375 0.0196078431372549 0.0087890625
9 0.673202614379085 0.44482421875 0.017973856209150325 0.0107421875
9 0.6727941176470589 0.45654296875 0.01715686274509804 0.0107421875
9 0.6736111111111112 0.47119140625 0.01715686274509804 0.0166015625
9 0.6613562091503268 0.4755859375 0.013888888888888888 0.015625
9 0.6368464052287581 0.47998046875 0.010620915032679739 0.0146484375
0 0.6209150326797386 0.51708984375 0.011437908496732025 0.0361328125
0 0.6000816993464052 0.517578125 0.010620915032679739 0.033203125
0 0.568218954248366 0.5205078125 0.007352941176470588 0.0234375
0 0.5575980392156863 0.51953125 0.008986928104575163 0.02734375
0 0.5502450980392157 0.5224609375 0.005718954248366013 0.01953125
0 0.5359477124183006 0.5244140625 0.006535947712418301 0.017578125
1 0.6646241830065359 0.5224609375 0.025326797385620915 0.01953125
3 0.35294117647058826 0.68212890625 0.10294117647058823 0.2138671875
3 0.18831699346405228 0.6943359375 0.08088235294117647 0.158203125
2 0.035130718954248366 0.72265625 0.07026143790849673 0.18359375
2 0.8035130718954249 0.65966796875 0.3161764705882353 0.2451171875
0 0.18709150326797386 0.646484375 0.08496732026143791 0.23046875
0 0.3525326797385621 0.64892578125 0.09558823529411764 0.2373046875
0 0.6638071895424836 0.5146484375 0.012254901960784314 0.03515625
