9 0.6791666666666667 0.389375 0.02277777777777778 0.0275
9 0.24138888888888888 0.3309375 0.03944444444444444 0.039375
0 0.9233333333333333 0.5125 0.08444444444444445 0.20125
0 0.8569444444444444 0.484375 0.0661111111111111 0.1625
0 0.7130555555555556 0.493125 0.055 0.105
0 0.7594444444444445 0.465625 0.024444444444444446 0.045
0 0.7808333333333334 0.4625 0.03833333333333333 0.04875
0 0.8038888888888889 0.4934375 0.056666666666666664 0.121875
0 0.6247222222222222 0.4684375 0.025 0.071875
0 0.9805555555555555 0.5721875 0.03888888888888889 0.224375
1 0.9733333333333334 0.4584375 0.04666666666666667 0.095625
1 0.8413888888888889 0.5090625 0.14166666666666666 0.120625
1 0.6580555555555555 0.5140625 0.17166666666666666 0.133125
3 0.31027777777777776 0.490625 0.09722222222222222 0.08
2 0.5516666666666666 0.4628125 0.04777777777777778 0.033125
2 0.5275 0.4725 0.02388888888888889 0.07375
2 0.2783333333333333 0.4690625 0.058888888888888886 0.028125
2 0.46305555555555555 0.4815625 0.1272222222222222 0.128125
0 0.6619444444444444 0.47375 0.08055555555555556 0.1875
