7 0.3736111111111111 0.4153125 0.005 0.010625
7 0.04611111111111111 0.0971875 0.05555555555555555 0.070625
7 0.18333333333333332 0.1459375 0.04777777777777778 0.059375
7 0.37277777777777776 0.13875 0.051111111111111114 0.05875
7 0.7172222222222222 0.3115625 0.052222222222222225 0.059375
7 0.6825 0.3209375 0.011666666666666667 0.035625
7 0.7194444444444444 0.3709375 0.016666666666666666 0.024375
9 0.2388888888888889 0.153125 0.03 0.04875
9 0.43805555555555553 0.14375 0.030555555555555555 0.05
0 0.0825 0.4946875 0.051666666666666666 0.096875
0 0.9297222222222222 0.4534375 0.03722222222222222 0.088125
2 0.028333333333333332 0.5025 0.056666666666666664 0.0475
2 0.08833333333333333 0.49125 0.07555555555555556 0.06375
2 0.14972222222222223 0.4909375 0.08166666666666667 0.056875
2 0.20416666666666666 0.4865625 0.04611111111111111 0.044375
2 0.2338888888888889 0.4809375 0.03222222222222222 0.040625
2 0.5275 0.5328125 0.3572222222222222 0.325625
2 0.9697222222222223 0.43375 0.015 0.02125
2 0.9508333333333333 0.4328125 0.03277777777777778 0.023125
14 0.2863888888888889 0.4665625 0.08833333333333333 0.080625
2 0.2827777777777778 0.4746875 0.07333333333333333 0.063125
