7 0.07277777777777777 0.4346875 0.01 0.011875
7 0.07166666666666667 0.410625 0.01 0.03125
7 0.29194444444444445 0.305625 0.012777777777777779 0.03375
7 0.39361111111111113 0.3109375 0.012777777777777779 0.034375
7 0.5413888888888889 0.3859375 0.015 0.034375
7 0.7388888888888889 0.410625 0.011111111111111112 0.01125
7 0.7136111111111111 0.3746875 0.009444444444444445 0.024375
7 0.9538888888888889 0.168125 0.027777777777777776 0.085
7 0.7713888888888889 0.153125 0.06277777777777778 0.1475
9 0.31416666666666665 0.3034375 0.013888888888888888 0.015625
9 0.535 0.3421875 0.016666666666666666 0.010625
9 0.7988888888888889 0.3778125 0.021111111111111112 0.035625
9 0.7852777777777777 0.3784375 0.006111111111111111 0.035625
9 0.7894444444444444 0.4125 0.005555555555555556 0.02375
0 0.2247222222222222 0.47125 0.007222222222222222 0.02375
0 0.5788888888888889 0.4575 0.012222222222222223 0.02875
0 0.6394444444444445 0.4515625 0.012222222222222223 0.034375
0 0.6588888888888889 0.4484375 0.012222222222222223 0.040625
0 0.8763888888888889 0.4640625 0.03944444444444444 0.128125
0 0.9047222222222222 0.465 0.03833333333333333 0.12125
0 0.9533333333333334 0.4571875 0.03111111111111111 0.126875
0 0.9841666666666666 0.4490625 0.03166666666666667 0.134375
1 0.10166666666666667 0.48625 0.017777777777777778 0.02625
1 0.6991666666666667 0.565 0.07944444444444444 0.1675
2 0.020277777777777777 0.5703125 0.04055555555555555 0.191875
2 0.24833333333333332 0.4721875 0.03777777777777778 0.043125
2 0.4141666666666667 0.5896875 0.44166666666666665 0.373125
2 0.8075 0.454375 0.115 0.0575
0 0.10166666666666667 0.4759375 0.016666666666666666 0.046875
0 0.7113888888888888 0.4803125 0.07166666666666667 0.191875
0 0.7252777777777778 0.505625 0.1238888888888889 0.2375
