4 0.4802777777777778 0.4465625 0.009444444444444445 0.010625
7 0.25333333333333335 0.29 0.016666666666666666 0.0575
7 0.24222222222222223 0.35875 0.01 0.0175
7 0.051944444444444446 0.33875 0.012777777777777779 0.025
7 0.059166666666666666 0.2625 0.019444444444444445 0.06375
7 0.8747222222222222 0.37375 0.018333333333333333 0.01625
7 0.8713888888888889 0.30625 0.013888888888888888 0.055
7 0.24416666666666667 0.3571875 0.021666666666666667 0.020625
9 0.027777777777777776 0.310625 0.016666666666666666 0.0225
9 0.3661111111111111 0.46 0.014444444444444444 0.0225
9 0.5247222222222222 0.441875 0.006111111111111111 0.0075
9 0.8305555555555556 0.421875 0.012222222222222223 0.0175
9 0.8922222222222222 0.3553125 0.06222222222222222 0.018125
9 0.73 0.4090625 0.01 0.018125
0 0.34055555555555556 0.46125 0.021111111111111112 0.05875
0 0.2644444444444444 0.460625 0.03111111111111111 0.10625
0 0.22805555555555557 0.451875 0.042777777777777776 0.1075
0 0.05416666666666667 0.444375 0.02722222222222222 0.10875
0 0.08888888888888889 0.4425 0.035555555555555556 0.12
0 0.14027777777777778 0.4384375 0.026111111111111113 0.098125
0 0.15527777777777776 0.441875 0.018333333333333333 0.08875
0 0.46555555555555556 0.4578125 0.07 0.119375
0 0.4961111111111111 0.45625 0.008888888888888889 0.03125
2 0.4847222222222222 0.451875 0.009444444444444445 0.01
2 0.49416666666666664 0.4596875 0.011666666666666667 0.016875
2 0.5219444444444444 0.460625 0.059444444444444446 0.02875
2 0.6488888888888888 0.4696875 0.021111111111111112 0.043125
2 0.5963888888888889 0.4565625 0.08833333333333333 0.075625
2 0.44333333333333336 0.456875 0.016666666666666666 0.02875
2 0.4330555555555556 0.4584375 0.02277777777777778 0.033125
2 0.4211111111111111 0.4559375 0.023333333333333334 0.043125
2 0.39805555555555555 0.455625 0.055 0.0575
2 0.38027777777777777 0.463125 0.06277777777777778 0.0525
2 0.6988888888888889 0.465625 0.09333333333333334 0.0825
2 0.9763888888888889 0.4396875 0.04722222222222222 0.008125
2 0.9416666666666667 0.49375 0.11666666666666667 0.10125
8 0.27666666666666667 0.46875 0.01 0.03
