7 0.563720703125 0.4951171875 0.00830078125 0.012369791666666666
7 0.59130859375 0.5133463541666666 0.0087890625 0.013671875
9 0.169921875 0.439453125 0.029296875 0.037760416666666664
9 0.13134765625 0.4423828125 0.0361328125 0.012369791666666666
1 0.753662109375 0.62109375 0.03955078125 0.140625
2 0.296630859375 0.556640625 0.07666015625 0.06770833333333333
2 0.3486328125 0.5494791666666666 0.04296875 0.055989583333333336
2 0.385986328125 0.5478515625 0.04638671875 0.050130208333333336
2 0.46630859375 0.5416666666666666 0.0693359375 0.06770833333333333
0 0.754150390625 0.5810546875 0.04345703125 0.16080729166666666
