7 0.30083333333333334 0.424375 0.010555555555555556 0.01625
7 0.2997222222222222 0.4390625 0.009444444444444445 0.009375
7 0.4922222222222222 0.380625 0.013333333333333334 0.0175
7 0.5744444444444444 0.41625 0.015555555555555555 0.01625
7 0.5744444444444444 0.431875 0.011111111111111112 0.0125
9 0.37972222222222224 0.34 0.018333333333333333 0.02125
9 0.6391666666666667 0.3640625 0.028333333333333332 0.046875
0 0.6558333333333334 0.4559375 0.01611111111111111 0.060625
0 0.6288888888888889 0.446875 0.016666666666666666 0.055
0 0.7294444444444445 0.46125 0.021111111111111112 0.07625
0 0.5133333333333333 0.45875 0.013333333333333334 0.04
0 0.18555555555555556 0.46 0.011111111111111112 0.0325
2 0.028888888888888888 0.4896875 0.057777777777777775 0.126875
2 0.27305555555555555 0.46875 0.06277777777777778 0.05375
2 0.4011111111111111 0.4571875 0.035555555555555556 0.025625
