7 0.4411111111111111 0.4440625 0.008888888888888889 0.009375
9 0.7258333333333333 0.4009375 0.011666666666666667 0.019375
9 0.6686111111111112 0.4146875 0.009444444444444445 0.014375
2 0.6108333333333333 0.479375 0.06277777777777778 0.04625
2 0.5116666666666667 0.46625 0.03111111111111111 0.03125
2 0.49333333333333335 0.46125 0.011111111111111112 0.00875
2 0.43583333333333335 0.4671875 0.012777777777777779 0.014375
2 0.41333333333333333 0.4653125 0.03 0.028125
2 0.375 0.4734375 0.027777777777777776 0.033125
2 0.345 0.4746875 0.05 0.040625
2 0.2386111111111111 0.488125 0.11277777777777778 0.0725
