1 0.704345703125 0.6373697916666666 0.03857421875 0.109375
1 0.650634765625 0.6223958333333334 0.02783203125 0.08203125
2 0.9267578125 0.7340494791666666 0.0859375 0.2623697916666667
2 0.865234375 0.6162109375 0.2080078125 0.251953125
2 0.744873046875 0.5768229166666666 0.05517578125 0.08984375
2 0.6181640625 0.5361328125 0.0146484375 0.016276041666666668
2 0.618896484375 0.5260416666666666 0.01904296875 0.026041666666666668
2 0.17236328125 0.6061197916666666 0.224609375 0.20052083333333334
2 0.364990234375 0.5709635416666666 0.10302734375 0.08723958333333333
2 0.41357421875 0.5524088541666666 0.072265625 0.08528645833333333
2 0.462890625 0.55078125 0.0341796875 0.048177083333333336
2 0.487548828125 0.54296875 0.02294921875 0.036458333333333336
2 0.53125 0.5325520833333334 0.0224609375 0.022135416666666668
2 0.50634765625 0.5387369791666666 0.0205078125 0.039713541666666664
2 0.513427734375 0.5328776041666666 0.01611328125 0.031901041666666664
0 0.7021484375 0.5856119791666666 0.048828125 0.17903645833333334
0 0.64990234375 0.5817057291666666 0.052734375 0.15169270833333334
