0 0.7265625 0.65771484375 0.059375 0.2666015625
0 0.355078125 0.5185546875 0.02734375 0.107421875
0 0.331640625 0.525390625 0.01953125 0.09375
0 0.3078125 0.52294921875 0.034375 0.1142578125
0 0.469921875 0.46142578125 0.00703125 0.0263671875
0 0.649609375 0.49267578125 0.01484375 0.0498046875
0 0.63046875 0.48193359375 0.0203125 0.0341796875
0 0.61171875 0.4775390625 0.015625 0.0234375
0 0.1328125 0.51416015625 0.0296875 0.0849609375
2 0.0578125 0.64208984375 0.115625 0.1982421875
2 0.1765625 0.58154296875 0.221875 0.1376953125
2 0.2 0.515625 0.10625 0.052734375
2 0.26484375 0.5361328125 0.053125 0.080078125
2 0.26953125 0.5087890625 0.0828125 0.087890625
2 0.315234375 0.48046875 0.03046875 0.02734375
2 0.3671875 0.4853515625 0.0375 0.041015625
2 0.339453125 0.47998046875 0.01796875 0.0205078125
2 0.389453125 0.47314453125 0.03203125 0.0341796875
2 0.405078125 0.45849609375 0.02890625 0.0283203125
2 0.420703125 0.45361328125 0.01171875 0.0185546875
2 0.424609375 0.44921875 0.01484375 0.021484375
2 0.4359375 0.4453125 0.0125 0.01953125
2 0.870703125 0.67236328125 0.25859375 0.3291015625
2 0.7296875 0.58154296875 0.1265625 0.1474609375
2 0.683984375 0.56689453125 0.11640625 0.1259765625
2 0.606640625 0.529296875 0.08515625 0.080078125
2 0.562109375 0.5029296875 0.05859375 0.056640625
2 0.545703125 0.48486328125 0.05859375 0.0634765625
2 0.513671875 0.4716796875 0.02734375 0.037109375
2 0.500390625 0.46484375 0.01796875 0.029296875
2 0.48671875 0.4501953125 0.01875 0.0234375
2 0.9109375 0.48876953125 0.178125 0.0498046875
2 0.823828125 0.49169921875 0.11171875 0.0771484375
2 0.951171875 0.45166015625 0.09765625 0.0478515625
2 0.491796875 0.46142578125 0.00859375 0.0244140625
2 0.487890625 0.458984375 0.00703125 0.017578125
2 0.658203125 0.44921875 0.05390625 0.025390625
