9 0.1322222222222222 0.4415625 0.01 0.015625
9 0.2036111111111111 0.42875 0.009444444444444445 0.01625
9 0.3288888888888889 0.425625 0.008888888888888889 0.0125
9 0.43166666666666664 0.3834375 0.0044444444444444444 0.006875
9 0.4152777777777778 0.390625 0.0038888888888888888 0.005
9 0.3516666666666667 0.4165625 0.0044444444444444444 0.008125
2 0.07222222222222222 0.52 0.14444444444444443 0.10375
2 0.18388888888888888 0.504375 0.09222222222222222 0.075
2 0.25194444444444447 0.5009375 0.06388888888888888 0.053125
2 0.2588888888888889 0.456875 0.042222222222222223 0.03375
2 0.2247222222222222 0.4565625 0.019444444444444445 0.034375
2 0.25583333333333336 0.4371875 0.02277777777777778 0.026875
2 0.3013888888888889 0.4390625 0.025 0.030625
2 0.2877777777777778 0.489375 0.06222222222222222 0.05875
2 0.31833333333333336 0.4796875 0.034444444444444444 0.050625
2 0.3413888888888889 0.4765625 0.020555555555555556 0.035625
2 0.35444444444444445 0.4684375 0.03666666666666667 0.034375
2 0.3680555555555556 0.4503125 0.03388888888888889 0.033125
2 0.3813888888888889 0.444375 0.025 0.03
2 0.3894444444444444 0.4390625 0.01888888888888889 0.028125
2 0.3972222222222222 0.4290625 0.022222222222222223 0.025625
2 0.41083333333333333 0.425 0.010555555555555556 0.01625
2 0.41305555555555556 0.418125 0.02277777777777778 0.02
2 0.4247222222222222 0.4115625 0.013888888888888888 0.014375
2 0.43027777777777776 0.4078125 0.010555555555555556 0.011875
2 0.43444444444444447 0.4053125 0.011111111111111112 0.011875
2 0.43944444444444447 0.4003125 0.01 0.010625
2 0.4469444444444444 0.39375 0.005 0.005
2 0.46166666666666667 0.395625 0.008888888888888889 0.0075
2 0.47944444444444445 0.3978125 0.01 0.008125
2 0.5052777777777778 0.406875 0.015 0.01375
2 0.5116666666666667 0.418125 0.015555555555555555 0.015
2 0.5083333333333333 0.4134375 0.013333333333333334 0.013125
2 0.5175 0.42375 0.020555555555555556 0.02
2 0.5272222222222223 0.4375 0.025555555555555557 0.02375
2 0.6047222222222223 0.45375 0.06944444444444445 0.03125
2 0.5680555555555555 0.4825 0.035 0.03875
2 0.5938888888888889 0.4940625 0.04111111111111111 0.051875
2 0.6127777777777778 0.4990625 0.034444444444444444 0.063125
2 0.6833333333333333 0.496875 0.13555555555555557 0.1075
2 0.47833333333333333 0.4925 0.056666666666666664 0.04625
