7 0.1736111111111111 0.3690625 0.02277777777777778 0.026875
7 0.6116666666666667 0.3703125 0.016666666666666666 0.023125
0 0.7463888888888889 0.45 0.029444444444444443 0.0725
0 0.8141666666666667 0.470625 0.03277777777777778 0.16
0 0.8313888888888888 0.4671875 0.059444444444444446 0.176875
0 0.9511111111111111 0.4290625 0.03222222222222222 0.109375
0 0.6691666666666667 0.4396875 0.017222222222222222 0.026875
0 0.6294444444444445 0.443125 0.011111111111111112 0.02125
0 0.9833333333333333 0.4159375 0.03333333333333333 0.103125
2 0.018055555555555554 0.4865625 0.03611111111111111 0.120625
2 0.5461111111111111 0.4584375 0.057777777777777775 0.048125
