9 0.482421875 0.451171875 0.00546875 0.009765625
0 0.40234375 0.4951171875 0.015625 0.05859375
1 0.4578125 0.4921875 0.009375 0.01953125
2 0.078125 0.6123046875 0.15625 0.19140625
2 0.171484375 0.59033203125 0.08828125 0.1240234375
2 0.20859375 0.57080078125 0.0484375 0.0869140625
2 0.248828125 0.544921875 0.07109375 0.080078125
2 0.280078125 0.525390625 0.07578125 0.080078125
2 0.32265625 0.51806640625 0.0375 0.0498046875
2 0.32734375 0.5087890625 0.046875 0.0546875
2 0.36953125 0.49560546875 0.03125 0.0302734375
2 0.387109375 0.48779296875 0.01953125 0.0283203125
2 0.43828125 0.47412109375 0.01875 0.0205078125
2 0.866796875 0.79736328125 0.26640625 0.4052734375
2 0.94609375 0.5380859375 0.053125 0.107421875
2 0.926171875 0.48095703125 0.08046875 0.0634765625
2 0.780859375 0.6357421875 0.28046875 0.26171875
2 0.625 0.5576171875 0.13125 0.138671875
2 0.564453125 0.54296875 0.04453125 0.09765625
2 0.54453125 0.521484375 0.0515625 0.068359375
2 0.533984375 0.50244140625 0.05234375 0.0556640625
2 0.50546875 0.4931640625 0.01875 0.033203125
2 0.497265625 0.48095703125 0.03359375 0.0361328125
2 0.412109375 0.47900390625 0.00859375 0.0224609375
2 0.480078125 0.47900390625 0.01328125 0.0322265625
0 0.4578125 0.4814453125 0.009375 0.025390625
