7 0.13970588235294118 0.5263671875 0.00980392156862745 0.033203125
7 0.13848039215686275 0.36962890625 0.01715686274509804 0.0595703125
7 0.18913398692810457 0.52099609375 0.007352941176470588 0.0107421875
7 0.8823529411764706 0.42529296875 0.0196078431372549 0.0458984375
7 0.8157679738562091 0.392578125 0.018790849673202614 0.072265625
7 0.8080065359477124 0.533203125 0.011437908496732025 0.033203125
7 0.7761437908496732 0.46923828125 0.013071895424836602 0.0283203125
7 0.7806372549019608 0.513671875 0.005718954248366013 0.01171875
7 0.7863562091503268 0.5361328125 0.005718954248366013 0.015625
7 0.6474673202614379 0.4873046875 0.007352941176470588 0.01953125
7 0.6405228758169934 0.51904296875 0.004901960784313725 0.0087890625
7 0.6143790849673203 0.5087890625 0.0032679738562091504 0.01171875
9 0.14256535947712418 0.443359375 0.04003267973856209 0.046875
9 0.1454248366013072 0.48828125 0.017973856209150325 0.03125
9 0.19852941176470587 0.47900390625 0.00980392156862745 0.0302734375
9 0.2916666666666667 0.5048828125 0.008169934640522876 0.009765625
9 0.3321078431372549 0.494140625 0.01715686274509804 0.01953125
9 0.3974673202614379 0.50927734375 0.007352941176470588 0.0087890625
9 0.6376633986928104 0.5048828125 0.012254901960784314 0.015625
9 0.5821078431372549 0.49951171875 0.013888888888888888 0.0166015625
9 0.5825163398692811 0.51123046875 0.011437908496732025 0.0068359375
9 0.5522875816993464 0.505859375 0.008169934640522876 0.009765625
9 0.5522875816993464 0.5126953125 0.008169934640522876 0.00390625
9 0.05800653594771242 0.4931640625 0.00980392156862745 0.013671875
9 0.33905228758169936 0.51708984375 0.008169934640522876 0.0107421875
0 0.24387254901960784 0.55078125 0.010620915032679739 0.0390625
0 0.25326797385620914 0.55029296875 0.00980392156862745 0.0322265625
0 0.26348039215686275 0.54931640625 0.010620915032679739 0.0341796875
0 0.3574346405228758 0.5322265625 0.007352941176470588 0.013671875
0 0.9395424836601307 0.5947265625 0.0392156862745098 0.138671875
0 0.7001633986928104 0.56640625 0.017973856209150325 0.064453125
0 0.6633986928104575 0.5673828125 0.016339869281045753 0.056640625
0 0.6421568627450981 0.56396484375 0.0196078431372549 0.0576171875
0 0.6638071895424836 0.52099609375 0.01715686274509804 0.0400390625
0 0.6102941176470589 0.54638671875 0.00980392156862745 0.0322265625
2 0.34354575163398693 0.5517578125 0.03839869281045752 0.03125
2 0.9550653594771242 0.5712890625 0.08986928104575163 0.07421875
2 0.49019607843137253 0.53173828125 0.014705882352941176 0.0126953125
2 0.4681372549019608 0.52734375 0.011437908496732025 0.0078125
