9 0.5991666666666666 0.4684375 0.002777777777777778 0.006875
0 0.5344444444444445 0.4740625 0.0077777777777777776 0.021875
0 0.5077777777777778 0.48375 0.017777777777777778 0.05625
0 0.5655555555555556 0.4925 0.01888888888888889 0.07125
0 0.6188888888888889 0.49125 0.024444444444444446 0.07625
0 0.5794444444444444 0.4696875 0.005555555555555556 0.023125
6 0.6552777777777777 0.46375 0.075 0.05
2 0.955 0.4846875 0.09 0.126875
2 0.9127777777777778 0.4821875 0.051111111111111114 0.101875
2 0.8655555555555555 0.48125 0.08888888888888889 0.1
2 0.8177777777777778 0.4934375 0.04888888888888889 0.040625
2 0.7186111111111111 0.4778125 0.051666666666666666 0.058125
2 0.6811111111111111 0.480625 0.03666666666666667 0.04125
2 0.78 0.4621875 0.12111111111111111 0.100625
2 0.6844444444444444 0.4678125 0.07 0.044375
2 0.5913888888888889 0.469375 0.01611111111111111 0.015
2 0.5258333333333334 0.4721875 0.015 0.020625
2 0.5530555555555555 0.46875 0.011666666666666667 0.01375
14 0.11416666666666667 0.5178125 0.22833333333333333 0.120625
14 0.20277777777777778 0.4853125 0.40555555555555556 0.090625
14 0.4461111111111111 0.484375 0.11222222222222222 0.0425
14 0.24972222222222223 0.4796875 0.18055555555555555 0.065625
