7 0.6133333333333333 0.365625 0.013333333333333334 0.03625
7 0.5077777777777778 0.4346875 0.0033333333333333335 0.005625
7 0.1461111111111111 0.3653125 0.016666666666666666 0.046875
7 0.15 0.416875 0.011111111111111112 0.0375
0 0.9713888888888889 0.4453125 0.02722222222222222 0.036875
0 0.9641666666666666 0.4315625 0.029444444444444443 0.060625
0 0.9408333333333333 0.4353125 0.01611111111111111 0.035625
0 0.4961111111111111 0.461875 0.006666666666666667 0.01875
0 0.9861111111111112 0.4271875 0.027777777777777776 0.040625
2 0.12583333333333332 0.53375 0.25166666666666665 0.18375
2 0.365 0.481875 0.07222222222222222 0.055
2 0.4747222222222222 0.4653125 0.02388888888888889 0.020625
2 0.4425 0.461875 0.018333333333333333 0.01875
2 0.45472222222222225 0.463125 0.009444444444444445 0.01625
