7 0.9240196078431373 0.3837890625 0.014705882352941176 0.03515625
7 0.9019607843137255 0.33544921875 0.026143790849673203 0.0791015625
7 0.2079248366013072 0.32470703125 0.012254901960784314 0.0341796875
7 0.17320261437908496 0.19189453125 0.0457516339869281 0.1572265625
7 0.20383986928104575 0.240234375 0.025326797385620915 0.08203125
7 0.3410947712418301 0.27880859375 0.022058823529411766 0.0869140625
7 0.4987745098039216 0.390625 0.004084967320261438 0.013671875
7 0.5269607843137255 0.3974609375 0.004901960784313725 0.005859375
7 0.3374183006535948 0.3984375 0.00980392156862745 0.01953125
7 0.1270424836601307 0.2978515625 0.022058823529411766 0.052734375
9 0.7871732026143791 0.37255859375 0.018790849673202614 0.0244140625
9 0.6511437908496732 0.3740234375 0.008169934640522876 0.009765625
9 0.6936274509803921 0.36962890625 0.008169934640522876 0.0107421875
9 0.176062091503268 0.3125 0.04656862745098039 0.072265625
9 0.4934640522875817 0.39111328125 0.004901960784313725 0.0087890625
0 0.9477124183006536 0.44970703125 0.013071895424836602 0.0537109375
0 0.9268790849673203 0.46728515625 0.02696078431372549 0.1005859375
0 0.8982843137254902 0.49609375 0.08088235294117647 0.1640625
0 0.8427287581699346 0.43701171875 0.013888888888888888 0.0322265625
0 0.8006535947712419 0.4853515625 0.04411764705882353 0.158203125
0 0.7908496732026143 0.42822265625 0.00980392156862745 0.0380859375
0 0.7810457516339869 0.4296875 0.00980392156862745 0.037109375
0 0.6621732026143791 0.44970703125 0.035130718954248366 0.1240234375
0 0.7299836601307189 0.42333984375 0.012254901960784314 0.0302734375
0 0.7128267973856209 0.4208984375 0.015522875816993464 0.033203125
0 0.6973039215686274 0.42138671875 0.015522875816993464 0.0283203125
0 0.5870098039215687 0.45068359375 0.049836601307189546 0.1513671875
0 0.5383986928104575 0.4697265625 0.05718954248366013 0.12890625
0 0.5151143790849673 0.4619140625 0.061274509803921566 0.1484375
0 0.41421568627450983 0.4248046875 0.04738562091503268 0.103515625
0 0.38766339869281047 0.4033203125 0.022058823529411766 0.064453125
0 0.36233660130718953 0.43603515625 0.04003267973856209 0.1298828125
0 0.31495098039215685 0.40478515625 0.02369281045751634 0.0693359375
0 0.28717320261437906 0.404296875 0.022058823529411766 0.0703125
0 0.26348039215686275 0.39501953125 0.02042483660130719 0.0537109375
0 0.2340686274509804 0.4287109375 0.059640522875817 0.125
0 0.13929738562091504 0.451171875 0.04820261437908497 0.17578125
0 0.008169934640522876 0.38916015625 0.016339869281045753 0.0810546875
0 0.017973856209150325 0.38037109375 0.014705882352941176 0.0498046875
0 0.035130718954248366 0.38134765625 0.013071895424836602 0.0419921875
0 0.04861111111111111 0.38720703125 0.02042483660130719 0.0830078125
0 0.060866013071895424 0.359375 0.012254901960784314 0.03515625
0 0.06658496732026144 0.43310546875 0.05473856209150327 0.1884765625
0 0.1017156862745098 0.40625 0.02696078431372549 0.109375
0 0.1417483660130719 0.373046875 0.02369281045751634 0.0625
0 0.12091503267973856 0.39794921875 0.021241830065359478 0.0830078125
