7 0.450390625 0.44091796875 0.01171875 0.0263671875
7 0.916796875 0.439453125 0.01171875 0.029296875
7 0.7921875 0.45068359375 0.0125 0.0244140625
7 0.695703125 0.40087890625 0.00703125 0.0205078125
7 0.467578125 0.44921875 0.01171875 0.025390625
7 0.618359375 0.35986328125 0.01015625 0.0302734375
7 0.53515625 0.36865234375 0.0109375 0.0322265625
2 0.844921875 0.51318359375 0.04296875 0.0419921875
2 0.816015625 0.54833984375 0.09609375 0.0849609375
2 0.929296875 0.50244140625 0.07421875 0.0341796875
2 0.728515625 0.50390625 0.03828125 0.0390625
2 0.75859375 0.5009765625 0.0296875 0.03125
2 0.712890625 0.494140625 0.02578125 0.029296875
2 0.66640625 0.49658203125 0.03125 0.0263671875
2 0.5875 0.51171875 0.0484375 0.041015625
2 0.496875 0.52734375 0.08125 0.05859375
2 0.66328125 0.4697265625 0.0390625 0.015625
2 0.657421875 0.4580078125 0.02109375 0.0078125
2 0.745703125 0.46240234375 0.03828125 0.0185546875
2 0.722265625 0.45947265625 0.02421875 0.0107421875
2 0.714453125 0.46630859375 0.02578125 0.0107421875
2 0.69921875 0.46435546875 0.015625 0.0126953125
2 0.5203125 0.46533203125 0.025 0.0166015625
2 0.533984375 0.4619140625 0.02265625 0.015625
2 0.50234375 0.462890625 0.01875 0.01171875
