7 0.4681372549019608 0.3896484375 0.0032679738562091504 0.0078125
9 0.28513071895424835 0.408203125 0.021241830065359478 0.03515625
9 0.2295751633986928 0.4140625 0.0196078431372549 0.041015625
9 0.4411764705882353 0.3662109375 0.00980392156862745 0.015625
9 0.7136437908496732 0.365234375 0.022058823529411766 0.013671875
9 0.6033496732026143 0.37890625 0.007352941176470588 0.015625
0 0.19526143790849673 0.42529296875 0.03104575163398693 0.0966796875
0 0.9808006535947712 0.46142578125 0.03839869281045752 0.1162109375
0 0.7994281045751634 0.43505859375 0.013888888888888888 0.0478515625
1 0.6662581699346405 0.4501953125 0.02042483660130719 0.037109375
6 0.5134803921568627 0.3720703125 0.08905228758169935 0.115234375
2 0.2455065359477124 0.4033203125 0.035130718954248366 0.02734375
2 0.31576797385620914 0.4072265625 0.04820261437908497 0.029296875
2 0.3770424836601307 0.4013671875 0.02042483660130719 0.0234375
2 0.4097222222222222 0.4013671875 0.028594771241830064 0.01171875
2 0.5147058823529411 0.447265625 0.09313725490196079 0.08984375
2 0.6025326797385621 0.43359375 0.06781045751633986 0.068359375
2 0.5661764705882353 0.41845703125 0.027777777777777776 0.0283203125
0 0.6646241830065359 0.4326171875 0.018790849673202614 0.0546875
