7 0.48638888888888887 0.455 0.006111111111111111 0.015
7 0.4855555555555556 0.475625 0.0044444444444444444 0.01125
7 0.6341666666666667 0.5034375 0.005 0.019375
7 0.3163888888888889 0.46875 0.006111111111111111 0.0225
0 0.8083333333333333 0.475 0.027777777777777776 0.10125
0 0.04611111111111111 0.4953125 0.016666666666666666 0.055625
0 0.03222222222222222 0.4946875 0.021111111111111112 0.059375
1 0.7463888888888889 0.5278125 0.04388888888888889 0.089375
1 0.6586111111111111 0.503125 0.02388888888888889 0.05875
1 0.5730555555555555 0.5021875 0.015 0.031875
1 0.6202777777777778 0.5015625 0.019444444444444445 0.046875
2 0.40166666666666667 0.5065625 0.15333333333333332 0.123125
2 0.5133333333333333 0.4971875 0.05 0.040625
2 0.5502777777777778 0.5065625 0.02722222222222222 0.023125
2 0.6105555555555555 0.51125 0.01888888888888889 0.0125
0 0.7463888888888889 0.49125 0.041666666666666664 0.115
0 0.6583333333333333 0.4840625 0.02666666666666667 0.083125
0 0.6194444444444445 0.4825 0.022222222222222223 0.05625
0 0.5727777777777778 0.4896875 0.013333333333333334 0.045625
