9 0.51171875 0.46630859375 0.00625 0.0068359375
9 0.55390625 0.4619140625 0.00625 0.005859375
9 0.4078125 0.4619140625 0.0046875 0.0078125
0 0.283203125 0.50341796875 0.01171875 0.0458984375
0 0.30390625 0.50244140625 0.0109375 0.0439453125
0 0.29921875 0.50146484375 0.009375 0.0439453125
0 0.3703125 0.49169921875 0.00625 0.0244140625
0 0.3765625 0.4912109375 0.00625 0.025390625
0 0.391015625 0.4833984375 0.00546875 0.017578125
0 0.412890625 0.48681640625 0.00859375 0.0283203125
0 0.441796875 0.48388671875 0.00390625 0.0146484375
0 0.45078125 0.49462890625 0.01875 0.0400390625
2 0.471484375 0.49169921875 0.02421875 0.0244140625
2 0.8625 0.63427734375 0.2265625 0.1806640625
2 0.7609375 0.59228515625 0.1328125 0.1318359375
2 0.6953125 0.55517578125 0.1171875 0.1279296875
2 0.627734375 0.53515625 0.06484375 0.072265625
2 0.60546875 0.52783203125 0.04375 0.0615234375
2 0.59375 0.5185546875 0.0359375 0.05078125
2 0.58515625 0.51025390625 0.0578125 0.0576171875
2 0.540625 0.498046875 0.0296875 0.03125
2 0.525390625 0.494140625 0.01484375 0.0234375
2 0.514453125 0.48974609375 0.01171875 0.0205078125
2 0.50625 0.48583984375 0.0109375 0.0146484375
2 0.497265625 0.48486328125 0.00703125 0.0126953125
2 0.49375 0.4833984375 0.00625 0.01171875
2 0.487890625 0.48193359375 0.00703125 0.0107421875
2 0.6625 0.49462890625 0.0375 0.0205078125
2 0.771875 0.49609375 0.0265625 0.03515625
