7 0.7186111111111111 0.3646875 0.010555555555555556 0.031875
7 0.6011111111111112 0.41125 0.0077777777777777776 0.025
7 0.5925 0.406875 0.007222222222222222 0.0275
7 0.5008333333333334 0.35125 0.008333333333333333 0.0225
7 0.6033333333333334 0.433125 0.005555555555555556 0.00875
7 0.215 0.4425 0.011111111111111112 0.03
7 0.21972222222222224 0.4075 0.01611111111111111 0.03625
7 0.11277777777777778 0.43125 0.0044444444444444444 0.015
7 0.12055555555555555 0.4309375 0.005555555555555556 0.013125
7 0.1272222222222222 0.3271875 0.01 0.031875
9 0.5811111111111111 0.360625 0.04111111111111111 0.0125
9 0.5788888888888889 0.44375 0.01 0.01375
9 0.036944444444444446 0.3478125 0.04055555555555555 0.015625
0 0.034444444444444444 0.4890625 0.011111111111111112 0.039375
0 0.021111111111111112 0.4840625 0.011111111111111112 0.036875
2 0.74 0.4659375 0.034444444444444444 0.039375
2 0.6658333333333334 0.4625 0.09166666666666666 0.0375
2 0.5075 0.4634375 0.03388888888888889 0.033125
2 0.4230555555555556 0.4696875 0.050555555555555555 0.045625
2 0.36972222222222223 0.4678125 0.03611111111111111 0.031875
2 0.2836111111111111 0.494375 0.13277777777777777 0.09625
2 0.025555555555555557 0.47875 0.051111111111111114 0.03375
