4 0.38472222222222224 0.46 0.07055555555555555 0.0725
7 0.61 0.3734375 0.011111111111111112 0.034375
7 0.15361111111111111 0.3678125 0.013888888888888888 0.039375
7 0.49944444444444447 0.440625 0.005555555555555556 0.0075
0 0.19444444444444445 0.473125 0.016666666666666666 0.045
0 0.1775 0.47125 0.015 0.035
0 0.5386111111111112 0.4659375 0.009444444444444445 0.029375
0 0.9069444444444444 0.4534375 0.026111111111111113 0.073125
0 0.5977777777777777 0.460625 0.01 0.02375
1 0.8055555555555556 0.50375 0.12444444444444444 0.11
1 0.7872222222222223 0.496875 0.12333333333333334 0.09125
2 0.4597222222222222 0.4715625 0.059444444444444446 0.058125
8 0.2633333333333333 0.489375 0.01 0.02625
