4 0.516845703125 0.5146484375 0.15478515625 0.09309895833333333
0 0.578857421875 0.5537109375 0.01806640625 0.08528645833333333
0 0.555419921875 0.5569661458333334 0.02099609375 0.08528645833333333
0 0.814453125 0.5279947916666666 0.0146484375 0.06380208333333333
1 0.83544921875 0.5413411458333334 0.02734375 0.041015625
2 0.159423828125 0.6064453125 0.18310546875 0.13216145833333334
2 0.321044921875 0.5888671875 0.15478515625 0.111328125
2 0.465576171875 0.5735677083333334 0.13525390625 0.09244791666666667
2 0.618896484375 0.5458984375 0.04931640625 0.050130208333333336
0 0.836669921875 0.525390625 0.02099609375 0.05078125
0 0.772216796875 0.5319010416666666 0.02490234375 0.06380208333333333
6 0.83935546875 0.5087890625 0.1083984375 0.07486979166666667
