7 0.03111111111111111 0.42875 0.01 0.0275
7 0.03805555555555556 0.429375 0.009444444444444445 0.02625
7 0.6036111111111111 0.41125 0.009444444444444445 0.01125
7 0.6016666666666667 0.3840625 0.012222222222222223 0.028125
7 0.6388888888888888 0.3978125 0.011111111111111112 0.015625
7 0.6294444444444445 0.3984375 0.006666666666666667 0.014375
7 0.6883333333333334 0.375625 0.011111111111111112 0.0225
7 0.6147222222222222 0.35625 0.015 0.03875
7 0.6322222222222222 0.3540625 0.02 0.044375
7 0.42944444444444446 0.3275 0.012222222222222223 0.03
7 0.32805555555555554 0.326875 0.012777777777777779 0.02875
7 0.0913888888888889 0.231875 0.01611111111111111 0.05125
9 0.08805555555555555 0.4496875 0.02277777777777778 0.026875
9 0.9066666666666666 0.3121875 0.021111111111111112 0.019375
9 0.9044444444444445 0.2803125 0.024444444444444446 0.044375
9 0.5297222222222222 0.4140625 0.008333333333333333 0.011875
9 0.5305555555555556 0.425 0.0077777777777777776 0.01
9 0.5577777777777778 0.4096875 0.017777777777777778 0.023125
9 0.6638888888888889 0.3846875 0.015555555555555555 0.030625
9 0.47 0.3490625 0.04888888888888889 0.015625
9 0.3452777777777778 0.325625 0.019444444444444445 0.02125
9 0.05444444444444444 0.23375 0.03 0.04
9 0.06277777777777778 0.4934375 0.008888888888888889 0.016875
0 0.7516666666666667 0.4328125 0.01 0.029375
0 0.7161111111111111 0.4346875 0.0077777777777777776 0.030625
0 0.6741666666666667 0.433125 0.006111111111111111 0.0225
0 0.6833333333333333 0.435625 0.008888888888888889 0.02125
1 0.6958333333333333 0.4540625 0.03611111111111111 0.025625
2 0.17333333333333334 0.486875 0.10555555555555556 0.07625
2 0.26055555555555554 0.4571875 0.017777777777777778 0.014375
2 0.28 0.4621875 0.027777777777777776 0.025625
2 0.29638888888888887 0.4559375 0.011666666666666667 0.013125
2 0.32416666666666666 0.46125 0.03611111111111111 0.02875
2 0.4775 0.4571875 0.055 0.053125
2 0.06833333333333333 0.4634375 0.03222222222222222 0.016875
2 0.4066666666666667 0.4475 0.013333333333333334 0.01125
0 0.695 0.4425 0.013333333333333334 0.03625
