9 0.28305555555555556 0.418125 0.011666666666666667 0.01375
9 0.28305555555555556 0.4325 0.008333333333333333 0.0125
9 0.30944444444444447 0.4221875 0.011111111111111112 0.010625
9 0.31 0.435 0.006666666666666667 0.01125
0 0.1738888888888889 0.465 0.013333333333333334 0.03875
1 0.7186111111111111 0.4965625 0.05722222222222222 0.104375
1 0.7783333333333333 0.499375 0.06222222222222222 0.08875
1 0.8466666666666667 0.5271875 0.06555555555555556 0.138125
1 0.8877777777777778 0.501875 0.07333333333333333 0.16
1 0.9255555555555556 0.511875 0.06666666666666667 0.1475
1 0.6236111111111111 0.4825 0.03166666666666667 0.05875
1 0.6538888888888889 0.483125 0.028888888888888888 0.0575
1 0.5202777777777777 0.470625 0.010555555555555556 0.02125
1 0.5013888888888889 0.4675 0.009444444444444445 0.02
1 0.42027777777777775 0.4728125 0.008333333333333333 0.018125
1 0.09666666666666666 0.55625 0.07111111111111111 0.125
1 0.16305555555555556 0.5009375 0.04611111111111111 0.066875
2 0.40194444444444444 0.464375 0.020555555555555556 0.0225
2 0.3902777777777778 0.468125 0.021666666666666667 0.02375
2 0.375 0.471875 0.02 0.025
2 0.35833333333333334 0.470625 0.02 0.03125
2 0.33111111111111113 0.473125 0.04777777777777778 0.04
2 0.25583333333333336 0.4840625 0.08388888888888889 0.059375
0 0.52 0.46125 0.01 0.0275
0 0.5016666666666667 0.459375 0.008888888888888889 0.0275
0 0.42027777777777775 0.4653125 0.009444444444444445 0.025625
0 0.09694444444444444 0.5003125 0.07166666666666667 0.174375
