9 0.4375 0.43798828125 0.012254901960784314 0.0146484375
9 0.44485294117647056 0.4599609375 0.007352941176470588 0.0078125
9 0.49387254901960786 0.4677734375 0.018790849673202614 0.005859375
9 0.4934640522875817 0.47216796875 0.00980392156862745 0.0029296875
9 0.5543300653594772 0.44287109375 0.03349673202614379 0.0400390625
9 0.5547385620915033 0.474609375 0.021241830065359478 0.0234375
9 0.6740196078431373 0.40087890625 0.00980392156862745 0.0166015625
9 0.6797385620915033 0.41650390625 0.058823529411764705 0.0126953125
9 0.6801470588235294 0.43212890625 0.05800653594771242 0.0107421875
9 0.6842320261437909 0.4013671875 0.007352941176470588 0.015625
3 0.3562091503267974 0.50341796875 0.0196078431372549 0.0283203125
2 0.26919934640522875 0.48779296875 0.02696078431372549 0.0263671875
2 0.6156045751633987 0.474609375 0.013888888888888888 0.037109375
0 0.3562091503267974 0.4951171875 0.0196078431372549 0.03515625
