7 0.404052734375 0.5113932291666666 0.01025390625 0.035807291666666664
7 0.630615234375 0.5126953125 0.00927734375 0.031901041666666664
9 0.407958984375 0.5384114583333334 0.00927734375 0.015625
9 0.631591796875 0.5374348958333334 0.01025390625 0.017578125
9 0.830322265625 0.4635416666666667 0.01513671875 0.032552083333333336
9 0.817138671875 0.4951171875 0.01416015625 0.030598958333333332
0 0.044921875 0.5709635416666666 0.0244140625 0.061197916666666664
0 0.684814453125 0.572265625 0.00634765625 0.032552083333333336
1 0.06982421875 0.6263020833333334 0.0771484375 0.08203125
1 0.63720703125 0.6227213541666666 0.0205078125 0.060546875
2 0.50927734375 0.6227213541666666 0.1337890625 0.14127604166666666
2 0.587158203125 0.5712890625 0.05517578125 0.043619791666666664
0 0.068115234375 0.6061197916666666 0.02685546875 0.10807291666666667
0 0.635498046875 0.5921223958333334 0.02490234375 0.08528645833333333
