6 0.6463888888888889 0.4571875 0.10055555555555555 0.109375
6 0.5880555555555556 0.44875 0.051666666666666666 0.08875
6 0.3136111111111111 0.46625 0.15166666666666667 0.1725
2 0.8555555555555555 0.525625 0.28888888888888886 0.31875
2 0.6933333333333334 0.495 0.08666666666666667 0.065
2 0.5930555555555556 0.46625 0.021666666666666667 0.06125
2 0.5377777777777778 0.478125 0.04666666666666667 0.03875
2 0.5161111111111111 0.475 0.013333333333333334 0.0325
2 0.5186111111111111 0.4640625 0.02388888888888889 0.015625
2 0.5266666666666666 0.4534375 0.021111111111111112 0.009375
2 0.48194444444444445 0.4734375 0.05388888888888889 0.026875
2 0.49527777777777776 0.4571875 0.011666666666666667 0.011875
2 0.5133333333333333 0.451875 0.014444444444444444 0.01375
2 0.49527777777777776 0.4478125 0.006111111111111111 0.005625
2 0.4855555555555556 0.448125 0.006666666666666667 0.00625
2 0.4847222222222222 0.455 0.008333333333333333 0.00875
2 0.44166666666666665 0.4696875 0.03888888888888889 0.040625
2 0.43722222222222223 0.4775 0.017777777777777778 0.03125
2 0.41 0.4778125 0.044444444444444446 0.054375
2 0.23333333333333334 0.5284375 0.13333333333333333 0.144375
2 0.09472222222222222 0.55125 0.18944444444444444 0.33125
4 0.4708333333333333 0.451875 0.018333333333333333 0.02
