4 0.4177777777777778 0.463125 0.034444444444444444 0.0475
7 0.2561111111111111 0.398125 0.011111111111111112 0.035
7 0.5702777777777778 0.4021875 0.010555555555555556 0.028125
7 0.49805555555555553 0.4475 0.005 0.0075
7 0.3863888888888889 0.4496875 0.006111111111111111 0.009375
0 0.6511111111111111 0.4596875 0.012222222222222223 0.028125
0 0.6369444444444444 0.455 0.011666666666666667 0.0125
0 0.6741666666666667 0.4603125 0.011666666666666667 0.019375
0 0.7691666666666667 0.4490625 0.019444444444444445 0.031875
0 0.9019444444444444 0.4434375 0.021666666666666667 0.033125
0 0.9316666666666666 0.4471875 0.03333333333333333 0.065625
0 0.9605555555555556 0.446875 0.024444444444444446 0.06
1 0.6408333333333334 0.4915625 0.050555555555555555 0.049375
1 0.9611111111111111 0.5203125 0.07777777777777778 0.145625
1 0.9308333333333333 0.5159375 0.13833333333333334 0.154375
2 0.12583333333333332 0.523125 0.25166666666666665 0.225
2 0.32555555555555554 0.4903125 0.08333333333333333 0.071875
2 0.46444444444444444 0.476875 0.06555555555555556 0.065
