9 0.15890522875816993 0.47216796875 0.01715686274509804 0.0322265625
9 0.2687908496732026 0.484375 0.014705882352941176 0.017578125
9 0.2696078431372549 0.49658203125 0.013071895424836602 0.0068359375
9 0.2687908496732026 0.50439453125 0.011437908496732025 0.0087890625
9 0.3292483660130719 0.501953125 0.00980392156862745 0.017578125
0 0.8819444444444444 0.5634765625 0.02696078431372549 0.080078125
0 0.8521241830065359 0.5673828125 0.0196078431372549 0.0859375
3 0.48651960784313725 0.57763671875 0.02696078431372549 0.0595703125
2 0.516748366013072 0.50927734375 0.010620915032679739 0.0107421875
2 0.5016339869281046 0.5087890625 0.00980392156862745 0.01171875
2 0.4889705882352941 0.5078125 0.012254901960784314 0.013671875
2 0.46977124183006536 0.5166015625 0.024509803921568627 0.01953125
2 0.44607843137254904 0.52197265625 0.021241830065359478 0.0244140625
2 0.4113562091503268 0.5517578125 0.04330065359477124 0.0390625
2 0.33700980392156865 0.552734375 0.049836601307189546 0.04296875
2 0.17565359477124182 0.58349609375 0.12908496732026145 0.0810546875
2 0.4832516339869281 0.55859375 0.04820261437908497 0.05078125
2 0.5285947712418301 0.51904296875 0.016339869281045753 0.0185546875
0 0.4861111111111111 0.56103515625 0.024509803921568627 0.0634765625
