2 0.6833333333333333 0.4646875 0.051111111111111114 0.039375
2 0.6322222222222222 0.4621875 0.028888888888888888 0.025625
2 0.5997222222222223 0.45875 0.026111111111111113 0.02875
2 0.5655555555555556 0.4615625 0.027777777777777776 0.024375
2 0.5225 0.4553125 0.03611111111111111 0.034375
2 0.30333333333333334 0.4634375 0.07777777777777778 0.039375
2 0.21638888888888888 0.485625 0.14166666666666666 0.07
2 0.10472222222222222 0.47125 0.1272222222222222 0.06
2 0.2063888888888889 0.4440625 0.04388888888888889 0.019375
2 0.7625 0.458125 0.03722222222222222 0.015
2 0.03 0.4709375 0.06 0.055625
2 0.3586111111111111 0.460625 0.02388888888888889 0.02125
