9 0.3500816993464052 0.48486328125 0.008986928104575163 0.0126953125
9 0.34967320261437906 0.494140625 0.00980392156862745 0.005859375
9 0.7062908496732027 0.43115234375 0.013888888888888888 0.0166015625
9 0.6891339869281046 0.451171875 0.03349673202614379 0.009765625
9 0.6360294117647058 0.46484375 0.02369281045751634 0.009765625
9 0.6519607843137255 0.44970703125 0.004901960784313725 0.0107421875
9 0.7054738562091504 0.458984375 0.01715686274509804 0.02734375
9 0.6495098039215687 0.47900390625 0.013071895424836602 0.0068359375
0 0.19321895424836602 0.537109375 0.015522875816993464 0.025390625
0 0.6299019607843137 0.53076171875 0.00980392156862745 0.0361328125
0 0.6196895424836601 0.5322265625 0.010620915032679739 0.0390625
0 0.5935457516339869 0.52685546875 0.007352941176470588 0.0263671875
0 0.8929738562091504 0.5361328125 0.02287581699346405 0.04296875
0 0.6834150326797386 0.54833984375 0.018790849673202614 0.0380859375
6 0.4097222222222222 0.51708984375 0.04003267973856209 0.0595703125
3 0.4599673202614379 0.5712890625 0.03104575163398693 0.0546875
2 0.22875816993464052 0.57763671875 0.09313725490196079 0.0927734375
2 0.3247549019607843 0.6162109375 0.17238562091503268 0.171875
2 0.46282679738562094 0.51318359375 0.008986928104575163 0.0107421875
2 0.4616013071895425 0.54638671875 0.05718954248366013 0.0537109375
0 0.4599673202614379 0.55517578125 0.032679738562091505 0.0693359375
