7 0.37050653594771243 0.4521484375 0.010620915032679739 0.033203125
7 0.5580065359477124 0.48046875 0.0032679738562091504 0.009765625
7 0.5800653594771242 0.478515625 0.0032679738562091504 0.009765625
7 0.6327614379084967 0.47216796875 0.004084967320261438 0.0087890625
7 0.6429738562091504 0.4775390625 0.0032679738562091504 0.009765625
7 0.6294934640522876 0.43310546875 0.007352941176470588 0.0283203125
7 0.6245915032679739 0.4990234375 0.005718954248366013 0.017578125
7 0.6964869281045751 0.48193359375 0.005718954248366013 0.0224609375
7 0.6454248366013072 0.49951171875 0.0032679738562091504 0.0126953125
7 0.3713235294117647 0.52685546875 0.007352941176470588 0.0205078125
9 0.37050653594771243 0.50830078125 0.015522875816993464 0.0087890625
9 0.37050653594771243 0.48193359375 0.02042483660130719 0.0244140625
9 0.9738562091503268 0.41552734375 0.05228758169934641 0.0205078125
9 0.9734477124183006 0.43701171875 0.05310457516339869 0.0166015625
9 0.9730392156862745 0.4580078125 0.05392156862745098 0.01953125
9 0.9730392156862745 0.48193359375 0.05392156862745098 0.0205078125
9 0.5318627450980392 0.4873046875 0.006535947712418301 0.0078125
9 0.5318627450980392 0.49462890625 0.0032679738562091504 0.0068359375
0 0.15236928104575165 0.529296875 0.022058823529411766 0.03515625
0 0.18259803921568626 0.52734375 0.03022875816993464 0.0390625
0 0.4199346405228758 0.51416015625 0.004901960784313725 0.0185546875
2 0.14256535947712418 0.64892578125 0.28513071895424835 0.2080078125
2 0.3974673202614379 0.65478515625 0.22303921568627452 0.2255859375
2 0.43790849673202614 0.55078125 0.0915032679738562 0.03515625
2 0.45465686274509803 0.5498046875 0.061274509803921566 0.05078125
2 0.43995098039215685 0.51611328125 0.02042483660130719 0.0185546875
2 0.4579248366013072 0.515625 0.01715686274509804 0.01953125
2 0.4750816993464052 0.5205078125 0.01715686274509804 0.017578125
2 0.4979575163398693 0.5263671875 0.028594771241830064 0.033203125
2 0.5073529411764706 0.53173828125 0.03594771241830065 0.0361328125
2 0.516748366013072 0.53955078125 0.02696078431372549 0.0400390625
2 0.5477941176470589 0.55078125 0.05800653594771242 0.064453125
2 0.5763888888888888 0.54443359375 0.06944444444444445 0.0322265625
2 0.5988562091503268 0.59423828125 0.119281045751634 0.1142578125
2 0.7802287581699346 0.63232421875 0.3006535947712418 0.2587890625
2 0.8999183006535948 0.79541015625 0.20016339869281047 0.4091796875
