9 0.6238888888888889 0.4021875 0.016666666666666666 0.035625
9 0.3713888888888889 0.428125 0.007222222222222222 0.01125
2 0.5872222222222222 0.4734375 0.06111111111111111 0.055625
2 0.2544444444444444 0.485 0.10333333333333333 0.07875
2 0.3977777777777778 0.4665625 0.03 0.024375
2 0.40805555555555556 0.461875 0.02388888888888889 0.02625
2 0.4736111111111111 0.436875 0.013888888888888888 0.01375
2 0.4513888888888889 0.4440625 0.02388888888888889 0.013125
2 0.4841666666666667 0.415625 0.009444444444444445 0.01
2 0.4708333333333333 0.4159375 0.008333333333333333 0.008125
2 0.49 0.40375 0.0077777777777777776 0.0075
2 0.47305555555555556 0.410625 0.006111111111111111 0.0075
2 0.47583333333333333 0.40625 0.007222222222222222 0.0075
2 0.45944444444444443 0.4246875 0.017777777777777778 0.021875
