7 0.9121732026143791 0.4287109375 0.0024509803921568627 0.0078125
7 0.8995098039215687 0.42333984375 0.0032679738562091504 0.0068359375
7 0.9358660130718954 0.4296875 0.0024509803921568627 0.005859375
7 0.8852124183006536 0.42626953125 0.005718954248366013 0.0068359375
7 0.49060457516339867 0.2216796875 0.02696078431372549 0.04296875
9 0.4534313725490196 0.25634765625 0.09640522875816994 0.0302734375
9 0.45751633986928103 0.216796875 0.05718954248366013 0.044921875
9 0.6119281045751634 0.3603515625 0.04738562091503268 0.029296875
9 0.5947712418300654 0.38134765625 0.008169934640522876 0.0107421875
0 0.502859477124183 0.58837890625 0.24918300653594772 0.6162109375
3 0.7904411764705882 0.6962890625 0.3700980392156863 0.427734375
2 0.8950163398692811 0.5185546875 0.2099673202614379 0.17578125
2 0.7483660130718954 0.46435546875 0.12091503267973856 0.0830078125
2 0.6785130718954249 0.43408203125 0.07924836601307189 0.0771484375
2 0.6348039215686274 0.435546875 0.03431372549019608 0.05078125
2 0.613562091503268 0.42626953125 0.042483660130718956 0.0439453125
