7 0.087646484375 0.3444010416666667 0.02001953125 0.08333333333333333
7 0.085693359375 0.4371744791666667 0.01416015625 0.027994791666666668
7 0.493408203125 0.13509114583333334 0.02099609375 0.07356770833333333
7 0.741943359375 0.3391927083333333 0.02587890625 0.09244791666666667
9 0.6806640625 0.4703776041666667 0.0107421875 0.018880208333333332
9 0.6826171875 0.4436848958333333 0.021484375 0.035807291666666664
9 0.900390625 0.390625 0.0546875 0.016927083333333332
0 0.92626953125 0.7041015625 0.08203125 0.486328125
0 0.574951171875 0.5615234375 0.04736328125 0.14908854166666666
0 0.55126953125 0.5611979166666666 0.0380859375 0.16015625
0 0.248291015625 0.6998697916666666 0.21337890625 0.6002604166666666
1 0.164306640625 0.6061197916666666 0.07275390625 0.125
2 0.31298828125 0.5452473958333334 0.0849609375 0.061848958333333336
2 0.586669921875 0.5325520833333334 0.03076171875 0.0546875
2 0.62744140625 0.55078125 0.0771484375 0.08072916666666667
