7 0.67041015625 0.4895833333333333 0.0087890625 0.028645833333333332
7 0.61865234375 0.4534505208333333 0.009765625 0.027994791666666668
7 0.56494140625 0.4895833333333333 0.0087890625 0.02734375
9 0.936767578125 0.447265625 0.01904296875 0.037760416666666664
0 0.162353515625 0.5537109375 0.03857421875 0.150390625
0 0.4833984375 0.5364583333333334 0.0107421875 0.037760416666666664
0 0.470458984375 0.5325520833333334 0.00830078125 0.029947916666666668
0 0.41943359375 0.5390625 0.015625 0.048177083333333336
1 0.083984375 0.6285807291666666 0.068359375 0.13216145833333334
2 0.874755859375 0.65625 0.18798828125 0.22395833333333334
2 0.792724609375 0.6090494791666666 0.09912109375 0.14388020833333334
2 0.76416015625 0.5771484375 0.10546875 0.12174479166666667
2 0.69287109375 0.5511067708333334 0.0576171875 0.060546875
