9 0.32972222222222225 0.37625 0.008333333333333333 0.01125
9 0.5461111111111111 0.3875 0.008888888888888889 0.01625
1 0.27416666666666667 0.4425 0.02388888888888889 0.05
1 0.2936111111111111 0.4346875 0.018333333333333333 0.040625
1 0.3136111111111111 0.42875 0.017222222222222222 0.03375
1 0.3411111111111111 0.42125 0.016666666666666666 0.02875
1 0.3625 0.4190625 0.013888888888888888 0.025625
1 0.39305555555555555 0.413125 0.008333333333333333 0.01875
1 0.38472222222222224 0.41625 0.006111111111111111 0.01375
1 0.375 0.41875 0.0077777777777777776 0.01375
1 0.4116666666666667 0.403125 0.0077777777777777776 0.015
1 0.39944444444444444 0.4053125 0.005555555555555556 0.010625
1 0.4036111111111111 0.404375 0.0038888888888888888 0.01
1 0.4191666666666667 0.400625 0.005 0.01
2 0.3422222222222222 0.403125 0.044444444444444446 0.0425
2 0.46694444444444444 0.3940625 0.009444444444444445 0.009375
2 0.5527777777777778 0.39875 0.03333333333333333 0.03
0 0.27555555555555555 0.41875 0.025555555555555557 0.07
0 0.29555555555555557 0.415625 0.015555555555555555 0.04375
0 0.31472222222222224 0.4115625 0.018333333333333333 0.038125
0 0.3413888888888889 0.4065625 0.018333333333333333 0.034375
0 0.36277777777777775 0.4034375 0.015555555555555555 0.034375
0 0.37527777777777777 0.4090625 0.009444444444444445 0.015625
0 0.38416666666666666 0.4028125 0.010555555555555556 0.019375
0 0.3927777777777778 0.4003125 0.008888888888888889 0.018125
0 0.39944444444444444 0.398125 0.005555555555555556 0.0125
0 0.40305555555555556 0.3971875 0.0038888888888888888 0.008125
0 0.4116666666666667 0.39375 0.0077777777777777776 0.01625
0 0.4191666666666667 0.39375 0.005 0.01
