9 0.434375 0.5322265625 0.0046875 0.005859375
0 0.876171875 0.681640625 0.05703125 0.236328125
0 0.412890625 0.55615234375 0.00703125 0.0302734375
0 0.428125 0.55859375 0.00625 0.025390625
1 0.39765625 0.5537109375 0.0046875 0.005859375
2 0.050390625 0.67431640625 0.10078125 0.1376953125
2 0.03125 0.59033203125 0.0625 0.0439453125
2 0.148046875 0.63232421875 0.10859375 0.1005859375
2 0.194140625 0.60986328125 0.08515625 0.0908203125
2 0.25390625 0.58544921875 0.0640625 0.0771484375
2 0.2921875 0.583984375 0.025 0.044921875
2 0.30546875 0.57958984375 0.028125 0.0400390625
2 0.6171875 0.66796875 0.159375 0.15234375
2 0.572265625 0.62841796875 0.12578125 0.1376953125
2 0.51328125 0.6201171875 0.04375 0.09375
2 0.501171875 0.60302734375 0.03671875 0.0654296875
2 0.483203125 0.587890625 0.04296875 0.052734375
2 0.469140625 0.580078125 0.01953125 0.041015625
2 0.469140625 0.57470703125 0.02890625 0.0439453125
2 0.459765625 0.5712890625 0.02109375 0.041015625
2 0.451953125 0.56689453125 0.01484375 0.0341796875
2 0.30625 0.57177734375 0.0390625 0.0478515625
2 0.329296875 0.5732421875 0.01328125 0.03515625
2 0.33515625 0.5712890625 0.0125 0.033203125
2 0.33515625 0.56396484375 0.0265625 0.0322265625
2 0.3515625 0.56103515625 0.0125 0.0263671875
2 0.35625 0.55810546875 0.0203125 0.0283203125
2 0.36875 0.556640625 0.0109375 0.021484375
2 0.380859375 0.552734375 0.01328125 0.015625
2 0.387890625 0.5498046875 0.01171875 0.013671875
2 0.448046875 0.5615234375 0.01796875 0.03125
2 0.441015625 0.55908203125 0.01328125 0.0263671875
2 0.200390625 0.556640625 0.03671875 0.017578125
2 0.171875 0.556640625 0.0203125 0.017578125
0 0.39765625 0.5498046875 0.003125 0.009765625
