7 0.51875 0.42626953125 0.0046875 0.0166015625
7 0.5109375 0.4296875 0.0046875 0.013671875
7 0.4640625 0.39794921875 0.00625 0.0146484375
7 0.387890625 0.43212890625 0.00546875 0.0146484375
7 0.51875 0.4423828125 0.003125 0.005859375
7 0.343359375 0.40234375 0.00390625 0.015625
9 0.903515625 0.34521484375 0.02265625 0.0419921875
0 0.625390625 0.48876953125 0.01953125 0.0615234375
0 0.640625 0.48681640625 0.0140625 0.0517578125
0 0.098828125 0.5166015625 0.01796875 0.08203125
1 0.109375 0.54931640625 0.03125 0.0595703125
2 0.87734375 0.615234375 0.2453125 0.255859375
2 0.736328125 0.57373046875 0.13515625 0.1240234375
2 0.690625 0.5517578125 0.1015625 0.099609375
2 0.659375 0.46142578125 0.04375 0.0361328125
2 0.528125 0.47412109375 0.0375 0.0419921875
2 0.4203125 0.46533203125 0.0296875 0.0400390625
6 0.66171875 0.45556640625 0.1109375 0.0517578125
