7 0.22722222222222221 0.389375 0.017777777777777778 0.0425
7 0.5658333333333333 0.3859375 0.010555555555555556 0.026875
7 0.04138888888888889 0.393125 0.011666666666666667 0.03
7 0.020277777777777777 0.424375 0.009444444444444445 0.015
7 0.8033333333333333 0.3746875 0.012222222222222223 0.030625
7 0.8252777777777778 0.3890625 0.020555555555555556 0.010625
7 0.8647222222222222 0.36125 0.029444444444444443 0.04
7 0.9072222222222223 0.335 0.015555555555555555 0.03875
7 0.9433333333333334 0.383125 0.021111111111111112 0.0225
7 0.8227777777777778 0.4040625 0.01 0.016875
9 0.5652777777777778 0.41625 0.015 0.02375
9 0.8644444444444445 0.323125 0.01888888888888889 0.0175
0 0.6152777777777778 0.45125 0.013888888888888888 0.0425
0 0.6313888888888889 0.4540625 0.013888888888888888 0.038125
0 0.6455555555555555 0.454375 0.013333333333333334 0.04375
0 0.6644444444444444 0.4540625 0.013333333333333334 0.048125
0 0.6725 0.449375 0.011666666666666667 0.03875
0 0.6852777777777778 0.4546875 0.013888888888888888 0.041875
0 0.015555555555555555 0.463125 0.017777777777777778 0.045
2 0.13916666666666666 0.5071875 0.25833333333333336 0.181875
2 0.36527777777777776 0.468125 0.065 0.0525
2 0.455 0.490625 0.11555555555555555 0.105
