0 0.5127777777777778 0.4584375 0.017777777777777778 0.043125
0 0.5283333333333333 0.4559375 0.012222222222222223 0.034375
0 0.5422222222222223 0.4565625 0.015555555555555555 0.044375
0 0.5530555555555555 0.4565625 0.008333333333333333 0.029375
0 0.5594444444444444 0.4590625 0.01 0.034375
0 0.5708333333333333 0.46375 0.021666666666666667 0.08625
0 0.5902777777777778 0.4659375 0.03166666666666667 0.118125
0 0.6125 0.461875 0.026111111111111113 0.0875
0 0.6286111111111111 0.4621875 0.017222222222222222 0.061875
0 0.7538888888888889 0.4803125 0.06666666666666667 0.208125
0 0.835 0.48125 0.06444444444444444 0.2
0 0.9513888888888888 0.48125 0.085 0.22125
0 0.9866666666666667 0.49 0.02666666666666667 0.19125
2 0.44277777777777777 0.4575 0.017777777777777778 0.015
2 0.41888888888888887 0.4571875 0.028888888888888888 0.039375
2 0.40444444444444444 0.465625 0.04111111111111111 0.03875
2 0.4663888888888889 0.4625 0.03166666666666667 0.02875
