7 0.13071895424836602 0.51171875 0.011437908496732025 0.02734375
7 0.12908496732026145 0.44775390625 0.013071895424836602 0.0380859375
7 0.9550653594771242 0.45166015625 0.014705882352941176 0.0322265625
7 0.9497549019607843 0.50244140625 0.008986928104575163 0.0263671875
7 0.5563725490196079 0.5185546875 0.004901960784313725 0.01171875
7 0.5445261437908496 0.51708984375 0.005718954248366013 0.0068359375
7 0.4665032679738562 0.50732421875 0.004901960784313725 0.0107421875
9 0.13071895424836602 0.48486328125 0.02287581699346405 0.0283203125
9 0.40808823529411764 0.48095703125 0.01715686274509804 0.0185546875
9 0.741421568627451 0.48583984375 0.03676470588235294 0.0126953125
9 0.741421568627451 0.466796875 0.04003267973856209 0.013671875
9 0.741421568627451 0.447265625 0.04003267973856209 0.01171875
9 0.7410130718954249 0.42822265625 0.03758169934640523 0.0126953125
9 0.7197712418300654 0.50341796875 0.013071895424836602 0.0068359375
9 0.7197712418300654 0.4892578125 0.016339869281045753 0.01953125
9 0.6331699346405228 0.51513671875 0.011437908496732025 0.0126953125
9 0.6331699346405228 0.50341796875 0.011437908496732025 0.0107421875
9 0.6343954248366013 0.48974609375 0.010620915032679739 0.0126953125
9 0.6045751633986928 0.51416015625 0.00980392156862745 0.0107421875
0 0.9562908496732027 0.55419921875 0.02042483660130719 0.0595703125
0 0.9150326797385621 0.5556640625 0.017973856209150325 0.083984375
0 0.8594771241830066 0.5634765625 0.026143790849673203 0.09375
0 0.8100490196078431 0.556640625 0.02369281045751634 0.091796875
0 0.8843954248366013 0.5517578125 0.02042483660130719 0.076171875
0 0.19730392156862744 0.54345703125 0.013888888888888888 0.0380859375
0 0.1772875816993464 0.55078125 0.013071895424836602 0.046875
0 0.29125816993464054 0.541015625 0.012254901960784314 0.03515625
0 0.1772875816993464 0.53759765625 0.014705882352941176 0.0283203125
0 0.3700980392156863 0.53662109375 0.008169934640522876 0.0244140625
1 0.14256535947712418 0.5810546875 0.028594771241830064 0.05859375
1 0.09558823529411764 0.5830078125 0.04738562091503268 0.0546875
1 0.1156045751633987 0.57080078125 0.03349673202614379 0.0263671875
2 0.5359477124183006 0.5390625 0.0196078431372549 0.021484375
2 0.5151143790849673 0.5341796875 0.015522875816993464 0.015625
2 0.9758986928104575 0.79833984375 0.04820261437908497 0.2255859375
0 0.08782679738562091 0.572265625 0.02369281045751634 0.060546875
0 0.11437908496732026 0.55419921875 0.026143790849673203 0.0537109375
0 0.1409313725490196 0.55859375 0.02369281045751634 0.056640625
14 0.8823529411764706 0.58984375 0.0196078431372549 0.041015625
