9 0.23805555555555555 0.4103125 0.009444444444444445 0.018125
9 0.49805555555555553 0.4325 0.007222222222222222 0.01375
9 0.11333333333333333 0.41125 0.008888888888888889 0.0175
0 0.9519444444444445 0.5203125 0.04388888888888889 0.154375
2 0.03861111111111111 0.465625 0.07722222222222222 0.0875
2 0.11972222222222222 0.47375 0.17166666666666666 0.08
2 0.07194444444444445 0.433125 0.07388888888888889 0.03
2 0.19333333333333333 0.4615625 0.09555555555555556 0.069375
2 0.25527777777777777 0.46125 0.051666666666666666 0.055
2 0.8638888888888889 0.510625 0.2722222222222222 0.1375
2 0.7911111111111111 0.4928125 0.18555555555555556 0.088125
