7 0.5669444444444445 0.45375 0.0038888888888888888 0.00875
7 0.5941666666666666 0.4428125 0.005 0.011875
9 0.7325 0.4009375 0.011666666666666667 0.019375
9 0.7322222222222222 0.4215625 0.012222222222222223 0.020625
9 0.6013888888888889 0.45375 0.008333333333333333 0.00375
9 0.5366666666666666 0.4671875 0.008888888888888889 0.006875
9 0.4261111111111111 0.451875 0.005555555555555556 0.01
9 0.605 0.4325 0.01 0.015
0 0.2411111111111111 0.4784375 0.017777777777777778 0.059375
2 0.7513888888888889 0.5025 0.12277777777777778 0.09875
2 0.8869444444444444 0.515625 0.22611111111111112 0.16625
2 0.5888888888888889 0.4796875 0.034444444444444444 0.036875
2 0.6241666666666666 0.4821875 0.05611111111111111 0.050625
2 0.6811111111111111 0.488125 0.08444444444444445 0.07875
2 0.5302777777777777 0.4790625 0.019444444444444445 0.018125
2 0.5630555555555555 0.4790625 0.02388888888888889 0.024375
2 0.5455555555555556 0.476875 0.013333333333333334 0.01375
2 0.4661111111111111 0.4778125 0.01888888888888889 0.014375
2 0.4872222222222222 0.4765625 0.017777777777777778 0.015625
2 0.38472222222222224 0.4796875 0.020555555555555556 0.016875
2 0.42 0.480625 0.044444444444444446 0.02125
