9 0.8155555555555556 0.5028125 0.023333333333333334 0.008125
9 0.3786111111111111 0.4559375 0.007222222222222222 0.010625
9 0.20805555555555555 0.455 0.008333333333333333 0.01375
9 0.20722222222222222 0.4315625 0.012222222222222223 0.020625
9 0.20416666666666666 0.41 0.011666666666666667 0.02125
2 0.7880555555555555 0.5028125 0.175 0.149375
2 0.6422222222222222 0.475625 0.09666666666666666 0.0825
2 0.5886111111111111 0.4790625 0.028333333333333332 0.038125
2 0.5838888888888889 0.47625 0.03777777777777778 0.04125
2 0.5591666666666667 0.4778125 0.01611111111111111 0.021875
2 0.5463888888888889 0.4753125 0.01611111111111111 0.020625
2 0.5347222222222222 0.479375 0.008333333333333333 0.01375
2 0.4986111111111111 0.475 0.05388888888888889 0.0525
2 0.45694444444444443 0.4775 0.01611111111111111 0.02125
2 0.43277777777777776 0.4784375 0.03888888888888889 0.035625
2 0.4008333333333333 0.4828125 0.03388888888888889 0.019375
2 0.29444444444444445 0.4878125 0.11 0.089375
