1 0.4216666666666667 0.539375 0.11555555555555555 0.11125
1 0.6888888888888889 0.541875 0.15777777777777777 0.105
2 0.07833333333333334 0.503125 0.15666666666666668 0.1025
2 0.24194444444444443 0.4775 0.07611111111111112 0.07375
2 0.3088888888888889 0.4890625 0.10444444444444445 0.076875
2 0.3672222222222222 0.4728125 0.05 0.053125
2 0.5775 0.4746875 0.06944444444444445 0.064375
2 0.5394444444444444 0.4753125 0.022222222222222223 0.041875
2 0.5277777777777778 0.4721875 0.014444444444444444 0.033125
2 0.5208333333333334 0.4728125 0.012777777777777779 0.031875
2 0.4975 0.4734375 0.008333333333333333 0.009375
0 0.4197222222222222 0.495625 0.07833333333333334 0.165
0 0.6847222222222222 0.494375 0.07611111111111112 0.16375
