7 0.25333333333333335 0.288125 0.01888888888888889 0.05875
7 0.24444444444444444 0.3575 0.024444444444444446 0.025
7 0.8725 0.3734375 0.02277777777777778 0.020625
7 0.8708333333333333 0.306875 0.018333333333333333 0.0525
9 0.3663888888888889 0.4596875 0.012777777777777779 0.020625
9 0.8905555555555555 0.355 0.058888888888888886 0.01625
0 0.33361111111111114 0.459375 0.015 0.05
0 0.4613888888888889 0.459375 0.041666666666666664 0.105
0 0.4747222222222222 0.4590625 0.05611111111111111 0.116875
0 0.6630555555555555 0.4665625 0.03722222222222222 0.094375
0 0.6713888888888889 0.4615625 0.03833333333333333 0.110625
2 0.0575 0.46375 0.115 0.165
2 0.3794444444444444 0.4646875 0.06222222222222222 0.055625
2 0.3958333333333333 0.45625 0.049444444444444444 0.0575
2 0.4211111111111111 0.4571875 0.022222222222222223 0.046875
2 0.43333333333333335 0.459375 0.021111111111111112 0.035
2 0.5844444444444444 0.454375 0.05333333333333334 0.05375
2 0.6163888888888889 0.46375 0.050555555555555555 0.0475
2 0.6338888888888888 0.4703125 0.044444444444444446 0.043125
2 0.7125 0.465 0.0661111111111111 0.08375
8 0.2761111111111111 0.465625 0.015555555555555555 0.04125
