7 0.74853515625 0.3548177083333333 0.0205078125 0.07552083333333333
7 0.492919921875 0.16927083333333334 0.02099609375 0.06770833333333333
7 0.230712890625 0.365234375 0.02001953125 0.06510416666666667
9 0.657958984375 0.4853515625 0.00927734375 0.018880208333333332
9 0.641845703125 0.4951171875 0.00830078125 0.016276041666666668
0 0.880126953125 0.5354817708333334 0.02099609375 0.11263020833333333
0 0.8681640625 0.5478515625 0.0224609375 0.12174479166666667
0 0.84033203125 0.5504557291666666 0.033203125 0.12044270833333333
0 0.25634765625 0.5286458333333334 0.0146484375 0.059895833333333336
0 0.277587890625 0.541015625 0.02099609375 0.08072916666666667
0 0.346923828125 0.5322265625 0.01416015625 0.054036458333333336
1 0.07275390625 0.564453125 0.0498046875 0.059895833333333336
1 0.099365234375 0.5595703125 0.05615234375 0.059244791666666664
1 0.371826171875 0.5944010416666666 0.03759765625 0.07552083333333333
2 0.62158203125 0.5354817708333334 0.02734375 0.025390625
2 0.46533203125 0.5305989583333334 0.033203125 0.045572916666666664
0 0.37255859375 0.5647786458333334 0.0361328125 0.107421875
8 0.685546875 0.5823567708333334 0.0185546875 0.044921875
