9 0.665 0.324375 0.06222222222222222 0.13125
9 0.20194444444444445 0.4528125 0.02722222222222222 0.010625
9 0.2336111111111111 0.456875 0.007222222222222222 0.00875
9 0.34444444444444444 0.4521875 0.005555555555555556 0.009375
9 0.3988888888888889 0.4325 0.0077777777777777776 0.02125
2 0.3433333333333333 0.47 0.03111111111111111 0.02125
2 0.2863888888888889 0.4696875 0.010555555555555556 0.010625
2 0.31027777777777776 0.4690625 0.009444444444444445 0.010625
2 0.29888888888888887 0.4721875 0.017777777777777778 0.015625
2 0.3013888888888889 0.4628125 0.006111111111111111 0.005625
2 0.2936111111111111 0.4628125 0.006111111111111111 0.005625
