4 0.7279411764705882 0.45068359375 0.28594771241830064 0.3818359375
7 0.502859477124183 0.50830078125 0.004084967320261438 0.0087890625
9 0.38031045751633985 0.521484375 0.004084967320261438 0.00390625
0 0.7720588235294118 0.44677734375 0.1977124183006536 0.3701171875
0 0.9325980392156863 0.53662109375 0.02369281045751634 0.0849609375
0 0.11274509803921569 0.5380859375 0.016339869281045753 0.052734375
0 0.17647058823529413 0.53369140625 0.008169934640522876 0.0361328125
0 0.2312091503267974 0.52978515625 0.00980392156862745 0.0302734375
0 0.24673202614379086 0.53369140625 0.008169934640522876 0.0263671875
0 0.25980392156862747 0.533203125 0.008169934640522876 0.02734375
0 0.2855392156862745 0.53076171875 0.007352941176470588 0.0283203125
0 0.2777777777777778 0.53173828125 0.004901960784313725 0.0244140625
0 0.29411764705882354 0.52978515625 0.00980392156862745 0.0341796875
0 0.3758169934640523 0.533203125 0.006535947712418301 0.0234375
0 0.335375816993464 0.5361328125 0.005718954248366013 0.017578125
0 0.3304738562091503 0.53515625 0.005718954248366013 0.01953125
2 0.45955882352941174 0.57666015625 0.12336601307189543 0.1259765625
2 0.5065359477124183 0.53271484375 0.027777777777777776 0.0341796875
2 0.5400326797385621 0.5361328125 0.014705882352941176 0.01171875
2 0.5245098039215687 0.53271484375 0.00980392156862745 0.0107421875
