7 0.26944444444444443 0.4171875 0.0077777777777777776 0.021875
9 0.2783333333333333 0.44 0.012222222222222223 0.02125
0 0.10583333333333333 0.4753125 0.012777777777777779 0.029375
0 0.13111111111111112 0.4740625 0.017777777777777778 0.058125
0 0.15194444444444444 0.4771875 0.01611111111111111 0.050625
0 0.165 0.4815625 0.021111111111111112 0.033125
0 0.23166666666666666 0.4778125 0.016666666666666666 0.049375
0 0.215 0.4775 0.012222222222222223 0.045
0 0.20416666666666666 0.4784375 0.012777777777777779 0.048125
0 0.18861111111111112 0.47875 0.013888888888888888 0.0475
0 0.6988888888888889 0.476875 0.017777777777777778 0.06375
0 0.6783333333333333 0.4725 0.012222222222222223 0.03875
0 0.6716666666666666 0.468125 0.01 0.03875
0 0.6608333333333334 0.4709375 0.010555555555555556 0.040625
0 0.8505555555555555 0.459375 0.013333333333333334 0.02375
0 0.8155555555555556 0.4609375 0.014444444444444444 0.021875
0 0.8011111111111111 0.4809375 0.017777777777777778 0.058125
0 0.7841666666666667 0.478125 0.020555555555555556 0.0675
0 0.7655555555555555 0.4784375 0.02 0.065625
2 0.5158333333333334 0.563125 0.3472222222222222 0.3325
2 0.32722222222222225 0.500625 0.08555555555555555 0.07375
