9 0.390625 0.43017578125 0.015625 0.0185546875
9 0.39140625 0.4423828125 0.009375 0.005859375
9 0.65390625 0.40966796875 0.0234375 0.0283203125
9 0.654296875 0.427734375 0.01484375 0.0078125
0 0.2234375 0.60546875 0.04375 0.16796875
1 0.451171875 0.5341796875 0.02890625 0.068359375
2 0.09765625 0.6416015625 0.1953125 0.193359375
2 0.23671875 0.56640625 0.1234375 0.111328125
2 0.325390625 0.5283203125 0.07578125 0.080078125
2 0.348046875 0.51123046875 0.07265625 0.0791015625
2 0.383203125 0.5087890625 0.02109375 0.056640625
2 0.423046875 0.48583984375 0.03671875 0.0341796875
2 0.4375 0.47265625 0.0203125 0.015625
2 0.45078125 0.47021484375 0.021875 0.0244140625
2 0.466015625 0.4658203125 0.01171875 0.013671875
2 0.480859375 0.46044921875 0.01015625 0.0126953125
2 0.4796875 0.4853515625 0.040625 0.037109375
2 0.543359375 0.52001953125 0.10546875 0.1201171875
2 0.491796875 0.45947265625 0.00546875 0.0087890625
2 0.61328125 0.50244140625 0.0390625 0.0517578125
2 0.61484375 0.51904296875 0.025 0.0634765625
2 0.658203125 0.52392578125 0.09140625 0.0927734375
2 0.660546875 0.46923828125 0.07421875 0.0224609375
2 0.57734375 0.4697265625 0.0390625 0.02734375
2 0.774609375 0.56689453125 0.20546875 0.1943359375
2 0.851953125 0.50927734375 0.07734375 0.0771484375
2 0.76015625 0.46533203125 0.0515625 0.0107421875
2 0.82421875 0.45849609375 0.075 0.0244140625
2 0.874609375 0.46923828125 0.07734375 0.0322265625
2 0.905078125 0.5 0.05390625 0.0703125
2 0.953125 0.49853515625 0.09375 0.0888671875
2 0.980078125 0.509765625 0.03984375 0.072265625
2 0.8921875 0.6611328125 0.215625 0.234375
2 0.967578125 0.78076171875 0.06484375 0.1962890625
0 0.450390625 0.51708984375 0.02890625 0.0810546875
