1 0.17109375 0.65576171875 0.075 0.1474609375
1 0.405078125 0.72900390625 0.09453125 0.2080078125
1 0.478125 0.4638671875 0.0046875 0.01171875
1 0.457421875 0.4658203125 0.00546875 0.013671875
2 0.9296875 0.84228515625 0.140625 0.3154296875
2 0.848046875 0.701171875 0.30390625 0.328125
2 0.74453125 0.6162109375 0.1921875 0.220703125
2 0.6671875 0.54541015625 0.084375 0.0732421875
2 0.578125 0.52685546875 0.0828125 0.0810546875
2 0.5609375 0.50634765625 0.0796875 0.0888671875
2 0.66484375 0.4990234375 0.1375 0.064453125
2 0.827734375 0.4853515625 0.11484375 0.0546875
2 0.815625 0.47705078125 0.153125 0.0654296875
2 0.6890625 0.45751953125 0.040625 0.0205078125
2 0.518359375 0.49365234375 0.04140625 0.0634765625
2 0.5015625 0.48583984375 0.015625 0.0400390625
2 0.494140625 0.48388671875 0.01328125 0.0302734375
2 0.503125 0.462890625 0.0171875 0.009765625
2 0.48828125 0.45947265625 0.0140625 0.0146484375
2 0.528515625 0.453125 0.01015625 0.013671875
2 0.503125 0.45263671875 0.0078125 0.0087890625
2 0.467578125 0.46240234375 0.01015625 0.0146484375
2 0.435546875 0.46484375 0.02265625 0.0234375
2 0.453125 0.462890625 0.00625 0.013671875
2 0.409375 0.4833984375 0.03125 0.03125
2 0.375 0.4755859375 0.021875 0.025390625
2 0.373828125 0.4833984375 0.01640625 0.03125
2 0.361328125 0.48388671875 0.02578125 0.0341796875
2 0.352734375 0.4921875 0.03515625 0.04296875
2 0.335546875 0.4990234375 0.03359375 0.041015625
2 0.319921875 0.505859375 0.04921875 0.05078125
2 0.26875 0.52734375 0.078125 0.0703125
2 0.225390625 0.515625 0.08359375 0.056640625
2 0.1421875 0.58984375 0.1265625 0.13671875
2 0.048828125 0.6181640625 0.09765625 0.197265625
2 0.023046875 0.50439453125 0.04609375 0.0478515625
0 0.17109375 0.59130859375 0.071875 0.2236328125
0 0.398828125 0.646484375 0.10703125 0.310546875
0 0.60625 0.638671875 0.1015625 0.306640625
0 0.478125 0.458984375 0.0046875 0.013671875
0 0.457421875 0.46142578125 0.00546875 0.0146484375
11 0.61796875 0.7919921875 0.046875 0.037109375
