7 0.76318359375 0.4973958333333333 0.015625 0.029947916666666668
7 0.77685546875 0.3899739583333333 0.0341796875 0.05078125
7 0.63818359375 0.5309244791666666 0.0087890625 0.025390625
7 0.40283203125 0.5299479166666666 0.0078125 0.032552083333333336
9 0.779296875 0.4651692708333333 0.046875 0.025390625
0 0.365966796875 0.5732421875 0.00927734375 0.029296875
0 0.344970703125 0.5758463541666666 0.01318359375 0.033203125
0 0.80322265625 0.6123046875 0.03515625 0.134765625
0 0.827392578125 0.6129557291666666 0.03662109375 0.138671875
0 0.859130859375 0.619140625 0.03759765625 0.14192708333333334
2 0.604736328125 0.5794270833333334 0.03076171875 0.03125
2 0.55810546875 0.591796875 0.0419921875 0.045572916666666664
