4 0.6715686274509803 0.40185546875 0.14705882352941177 0.1943359375
7 0.3799019607843137 0.35302734375 0.014705882352941176 0.0498046875
7 0.3888888888888889 0.35546875 0.008169934640522876 0.044921875
7 0.43709150326797386 0.38720703125 0.006535947712418301 0.0205078125
9 0.2716503267973856 0.2734375 0.03022875816993464 0.037109375
0 0.7888071895424836 0.46044921875 0.015522875816993464 0.0634765625
0 0.9133986928104575 0.4765625 0.03431372549019608 0.08984375
0 0.42810457516339867 0.4267578125 0.008169934640522876 0.03125
0 0.4170751633986928 0.42724609375 0.010620915032679739 0.0361328125
0 0.4113562091503268 0.423828125 0.007352941176470588 0.029296875
0 0.3700980392156863 0.44287109375 0.0196078431372549 0.0712890625
0 0.2369281045751634 0.41015625 0.014705882352941176 0.025390625
1 0.8202614379084967 0.490234375 0.024509803921568627 0.048828125
3 0.05800653594771242 0.5029296875 0.10947712418300654 0.1875
3 0.44689542483660133 0.42724609375 0.00980392156862745 0.0205078125
2 0.14787581699346405 0.47509765625 0.21241830065359477 0.1806640625
2 0.29820261437908496 0.4521484375 0.1323529411764706 0.13671875
2 0.5249183006535948 0.47900390625 0.16258169934640523 0.1923828125
2 0.45669934640522875 0.41162109375 0.00980392156862745 0.0205078125
