9 0.7602777777777778 0.379375 0.013888888888888888 0.02625
9 0.5838888888888889 0.4165625 0.012222222222222223 0.015625
0 0.9933333333333333 0.4734375 0.013333333333333334 0.078125
2 0.024722222222222222 0.49875 0.049444444444444444 0.09375
2 0.125 0.5171875 0.23777777777777778 0.141875
2 0.9186111111111112 0.4346875 0.045 0.049375
2 0.8519444444444444 0.449375 0.115 0.05625
2 0.6902777777777778 0.4584375 0.16166666666666665 0.073125
2 0.5330555555555555 0.4471875 0.020555555555555556 0.020625
2 0.37305555555555553 0.46125 0.05277777777777778 0.025
2 0.42944444444444446 0.4521875 0.03222222222222222 0.023125
14 0.3244444444444444 0.47125 0.04666666666666667 0.0425
12 0.9752777777777778 0.485 0.02722222222222222 0.05625
2 0.27694444444444444 0.475625 0.07944444444444444 0.05125
