9 0.5463888888888889 0.4146875 0.005 0.005625
9 0.5086111111111111 0.4184375 0.002777777777777778 0.001875
9 0.5086111111111111 0.4153125 0.0038888888888888888 0.004375
2 0.8155555555555556 0.48125 0.13333333333333333 0.0975
2 0.7502777777777778 0.4478125 0.10722222222222222 0.095625
2 0.6652777777777777 0.4378125 0.07388888888888889 0.053125
2 0.45222222222222225 0.431875 0.03222222222222222 0.03
2 0.4683333333333333 0.431875 0.01 0.01875
2 0.4738888888888889 0.4290625 0.01 0.018125
2 0.5119444444444444 0.4259375 0.020555555555555556 0.013125
2 0.49166666666666664 0.424375 0.008888888888888889 0.00875
