4 0.8549836601307189 0.40185546875 0.2900326797385621 0.8017578125
4 0.5110294117647058 0.384765625 0.0661764705882353 0.083984375
7 0.6695261437908496 0.37353515625 0.007352941176470588 0.0244140625
7 0.43790849673202614 0.34912109375 0.00980392156862745 0.0341796875
0 0.31781045751633985 0.40673828125 0.021241830065359478 0.0595703125
0 0.29983660130718953 0.40185546875 0.00980392156862745 0.0634765625
0 0.33088235294117646 0.4013671875 0.011437908496732025 0.052734375
0 0.30718954248366015 0.39794921875 0.00980392156862745 0.0498046875
0 0.7005718954248366 0.4365234375 0.015522875816993464 0.05078125
0 0.7107843137254902 0.43798828125 0.016339869281045753 0.0478515625
0 0.6862745098039216 0.43017578125 0.013071895424836602 0.0400390625
0 0.6458333333333334 0.431640625 0.013888888888888888 0.044921875
0 0.681781045751634 0.4267578125 0.008986928104575163 0.03515625
2 0.5812908496732027 0.4404296875 0.10702614379084967 0.1171875
2 0.5330882352941176 0.4169921875 0.028594771241830064 0.04296875
2 0.3966503267973856 0.4228515625 0.0923202614379085 0.10546875
2 0.45016339869281047 0.416015625 0.03104575163398693 0.072265625
2 0.46486928104575165 0.40625 0.011437908496732025 0.025390625
