7 0.432861328125 0.28125 0.02392578125 0.07291666666666667
7 0.69140625 0.4026692708333333 0.0185546875 0.06966145833333333
7 0.8544921875 0.3727213541666667 0.0224609375 0.08268229166666667
7 0.690673828125 0.4768880208333333 0.01318359375 0.022786458333333332
9 0.68408203125 0.4521484375 0.033203125 0.021484375
9 0.6787109375 0.3235677083333333 0.0419921875 0.0234375
9 0.484130859375 0.2711588541666667 0.03076171875 0.039713541666666664
9 0.950439453125 0.14322916666666666 0.03466796875 0.07942708333333333
9 0.884033203125 0.4274088541666667 0.02783203125 0.017578125
2 0.1416015625 0.595703125 0.10546875 0.07421875
2 0.271728515625 0.5693359375 0.04541015625 0.046223958333333336
2 0.32080078125 0.5729166666666666 0.0634765625 0.05859375
2 0.419677734375 0.5524088541666666 0.03857421875 0.042317708333333336
2 0.548095703125 0.5436197916666666 0.01904296875 0.01953125
