7 0.07444444444444444 0.33875 0.01888888888888889 0.05625
7 0.06805555555555555 0.4090625 0.018333333333333333 0.023125
7 0.7741666666666667 0.31375 0.021666666666666667 0.05875
7 0.7858333333333334 0.3846875 0.021666666666666667 0.024375
9 0.07583333333333334 0.376875 0.041666666666666664 0.01625
9 0.7772222222222223 0.3525 0.043333333333333335 0.0175
2 0.91 0.491875 0.18 0.25125
2 0.7502777777777778 0.4634375 0.17166666666666666 0.065625
2 0.6316666666666667 0.469375 0.09444444444444444 0.04875
2 0.5708333333333333 0.468125 0.055 0.03875
2 0.5394444444444444 0.4653125 0.023333333333333334 0.031875
2 0.01972222222222222 0.496875 0.03944444444444444 0.06875
2 0.058055555555555555 0.4884375 0.04722222222222222 0.049375
2 0.1463888888888889 0.4915625 0.18722222222222223 0.084375
2 0.22111111111111112 0.4915625 0.07222222222222222 0.056875
2 0.2866666666666667 0.4815625 0.08888888888888889 0.046875
2 0.3672222222222222 0.4721875 0.052222222222222225 0.035625
2 0.4027777777777778 0.4690625 0.03 0.021875
2 0.4177777777777778 0.4684375 0.014444444444444444 0.018125
2 0.4313888888888889 0.4671875 0.020555555555555556 0.016875
2 0.45472222222222225 0.468125 0.015 0.01375
2 0.44472222222222224 0.46625 0.007222222222222222 0.01
2 0.47194444444444444 0.468125 0.013888888888888888 0.01
2 0.4886111111111111 0.4640625 0.009444444444444445 0.008125
2 0.4747222222222222 0.4621875 0.010555555555555556 0.008125
2 0.46444444444444444 0.4615625 0.006666666666666667 0.005625
2 0.5141666666666667 0.4646875 0.03166666666666667 0.020625
2 0.3322222222222222 0.4790625 0.03777777777777778 0.035625
