4 0.18055555555555555 0.2802734375 0.3611111111111111 0.560546875
4 0.4714052287581699 0.38916015625 0.05065359477124183 0.0986328125
7 0.5951797385620915 0.3603515625 0.008986928104575163 0.009765625
7 0.41625816993464054 0.3583984375 0.007352941176470588 0.025390625
7 0.40032679738562094 0.34521484375 0.00980392156862745 0.0126953125
0 0.7508169934640523 0.43603515625 0.014705882352941176 0.0498046875
0 0.5829248366013072 0.42333984375 0.007352941176470588 0.0302734375
0 0.4048202614379085 0.40673828125 0.007352941176470588 0.0244140625
0 0.3713235294117647 0.40576171875 0.005718954248366013 0.0244140625
6 0.6850490196078431 0.4013671875 0.11029411764705882 0.1484375
2 0.8709150326797386 0.5751953125 0.2581699346405229 0.396484375
2 0.5355392156862745 0.4248046875 0.04330065359477124 0.044921875
2 0.4526143790849673 0.4267578125 0.06535947712418301 0.078125
