9 0.400146484375 0.48828125 0.01806640625 0.009114583333333334
9 0.525634765625 0.5110677083333334 0.00732421875 0.010416666666666666
1 0.56591796875 0.5686848958333334 0.013671875 0.027994791666666668
1 0.583740234375 0.5693359375 0.01318359375 0.026692708333333332
2 0.5546875 0.5377604166666666 0.021484375 0.03125
2 0.537841796875 0.5341796875 0.01611328125 0.021484375
2 0.46240234375 0.541015625 0.0302734375 0.04296875
2 0.440673828125 0.5611979166666666 0.03662109375 0.061197916666666664
2 0.420654296875 0.5667317708333334 0.04443359375 0.072265625
2 0.398681640625 0.5823567708333334 0.04833984375 0.087890625
2 0.3251953125 0.5807291666666666 0.1279296875 0.12890625
2 0.1298828125 0.6162109375 0.1953125 0.24283854166666666
2 0.57421875 0.5432942708333334 0.0224609375 0.029296875
2 0.595703125 0.546875 0.0224609375 0.0390625
2 0.615966796875 0.5543619791666666 0.03759765625 0.044921875
2 0.684326171875 0.5677083333333334 0.04833984375 0.06901041666666667
2 0.715087890625 0.5791015625 0.05517578125 0.08268229166666667
2 0.781494140625 0.6018880208333334 0.13720703125 0.13346354166666666
2 0.90380859375 0.7239583333333334 0.1376953125 0.2994791666666667
0 0.566650390625 0.5514322916666666 0.01318359375 0.044270833333333336
0 0.583984375 0.5546875 0.0126953125 0.04296875
