2 0.88515625 0.75830078125 0.2296875 0.3466796875
2 0.0453125 0.63134765625 0.090625 0.2509765625
2 0.116796875 0.5830078125 0.13046875 0.16015625
2 0.1953125 0.5400390625 0.115625 0.12890625
2 0.2703125 0.5302734375 0.053125 0.08984375
2 0.290625 0.525390625 0.03125 0.064453125
2 0.354296875 0.48828125 0.05390625 0.048828125
2 0.3921875 0.47802734375 0.040625 0.0380859375
2 0.409375 0.47021484375 0.0421875 0.0439453125
2 0.43046875 0.47119140625 0.0171875 0.0341796875
2 0.442578125 0.466796875 0.02421875 0.029296875
2 0.4546875 0.46533203125 0.0109375 0.0263671875
2 0.46484375 0.462890625 0.0203125 0.025390625
2 0.478125 0.4619140625 0.0125 0.0234375
2 0.490234375 0.4580078125 0.01796875 0.01953125
2 0.500390625 0.45556640625 0.01328125 0.0205078125
2 0.50703125 0.45361328125 0.0125 0.0205078125
2 0.52421875 0.4521484375 0.028125 0.017578125
2 0.54453125 0.4453125 0.015625 0.015625
2 0.56171875 0.4716796875 0.040625 0.0546875
2 0.5765625 0.43798828125 0.01875 0.0205078125
2 0.548046875 0.48583984375 0.05078125 0.0517578125
2 0.810546875 0.62744140625 0.25078125 0.2412109375
2 0.669140625 0.58544921875 0.14296875 0.1357421875
2 0.937109375 0.4833984375 0.12578125 0.060546875
2 0.70625 0.46630859375 0.03125 0.0517578125
2 0.695703125 0.46142578125 0.05078125 0.0537109375
2 0.791015625 0.4609375 0.14453125 0.078125
