7 0.406494140625 0.5299479166666666 0.01513671875 0.020833333333333332
7 0.63916015625 0.5309244791666666 0.015625 0.025390625
7 0.7626953125 0.4951171875 0.015625 0.029296875
7 0.776123046875 0.388671875 0.02587890625 0.03515625
7 0.040771484375 0.3447265625 0.01904296875 0.06575520833333333
7 0.6103515625 0.5485026041666666 0.0087890625 0.011067708333333334
7 0.538818359375 0.5524088541666666 0.00732421875 0.009765625
9 0.768310546875 0.5595703125 0.01416015625 0.024088541666666668
9 0.779541015625 0.4641927083333333 0.04833984375 0.022135416666666668
0 0.501220703125 0.6057942708333334 0.02685546875 0.119140625
0 0.07080078125 0.5856119791666666 0.01953125 0.080078125
0 0.3466796875 0.5732421875 0.0087890625 0.030598958333333332
0 0.3662109375 0.5716145833333334 0.0078125 0.02734375
2 0.605224609375 0.5794270833333334 0.03076171875 0.032552083333333336
2 0.56591796875 0.583984375 0.0322265625 0.0390625
