1 0.395703125 0.4921875 0.01015625 0.02734375
2 0.796484375 0.630859375 0.21484375 0.19921875
2 0.703515625 0.568359375 0.14609375 0.158203125
2 0.631640625 0.537109375 0.10703125 0.125
2 0.5875 0.52783203125 0.034375 0.0849609375
2 0.59765625 0.5146484375 0.06875 0.091796875
2 0.566796875 0.494140625 0.05546875 0.068359375
2 0.540625 0.48974609375 0.0265625 0.0576171875
2 0.529296875 0.48681640625 0.01640625 0.0419921875
2 0.528125 0.48046875 0.021875 0.041015625
2 0.519921875 0.47509765625 0.01484375 0.0380859375
2 0.51484375 0.47216796875 0.0171875 0.0341796875
2 0.50546875 0.46875 0.0125 0.02734375
2 0.492578125 0.46044921875 0.00546875 0.0107421875
2 0.46796875 0.46435546875 0.0234375 0.0263671875
2 0.584765625 0.45166015625 0.02421875 0.0126953125
2 0.449609375 0.45751953125 0.00390625 0.0107421875
2 0.44296875 0.458984375 0.0125 0.013671875
2 0.441015625 0.4599609375 0.01171875 0.015625
2 0.428515625 0.46630859375 0.01796875 0.0166015625
2 0.4296875 0.45654296875 0.0140625 0.0048828125
2 0.413671875 0.47265625 0.01796875 0.021484375
2 0.403515625 0.47607421875 0.02578125 0.0244140625
2 0.379296875 0.486328125 0.03515625 0.03515625
2 0.308984375 0.4765625 0.07578125 0.037109375
2 0.316015625 0.48486328125 0.04140625 0.0380859375
2 0.2578125 0.4912109375 0.0359375 0.05078125
2 0.194921875 0.49951171875 0.10859375 0.0615234375
2 0.125 0.5224609375 0.1671875 0.072265625
2 0.01953125 0.51611328125 0.0390625 0.0576171875
2 0.050390625 0.4951171875 0.09296875 0.0390625
2 0.07890625 0.47900390625 0.078125 0.0361328125
2 0.35703125 0.47265625 0.028125 0.0234375
0 0.395703125 0.482421875 0.01015625 0.03515625
