9 0.08660130718954248 0.4296875 0.03431372549019608 0.044921875
9 0.0857843137254902 0.46142578125 0.029411764705882353 0.0166015625
9 0.6041666666666666 0.48779296875 0.007352941176470588 0.0087890625
9 0.6049836601307189 0.49462890625 0.007352941176470588 0.0048828125
9 0.6049836601307189 0.501953125 0.007352941176470588 0.009765625
9 0.2708333333333333 0.509765625 0.010620915032679739 0.01171875
0 0.11887254901960784 0.58056640625 0.03676470588235294 0.0771484375
0 0.14297385620915032 0.5810546875 0.03594771241830065 0.07421875
2 0.016748366013071895 0.55029296875 0.03349673202614379 0.0556640625
2 0.20261437908496732 0.5537109375 0.058823529411764705 0.041015625
2 0.47549019607843135 0.55908203125 0.17973856209150327 0.2490234375
