1 0.121875 0.6728515625 0.0625 0.146484375
2 0.880859375 0.779296875 0.23828125 0.375
2 0.8078125 0.6357421875 0.271875 0.26171875
2 0.683984375 0.59130859375 0.11640625 0.1630859375
2 0.6578125 0.56591796875 0.1109375 0.1181640625
2 0.61328125 0.529296875 0.090625 0.087890625
2 0.575 0.51708984375 0.0734375 0.0771484375
2 0.569921875 0.4873046875 0.06171875 0.044921875
2 0.537109375 0.4912109375 0.02890625 0.04296875
2 0.536328125 0.4833984375 0.03359375 0.04296875
2 0.518359375 0.48095703125 0.02109375 0.0419921875
2 0.50859375 0.47265625 0.0171875 0.029296875
2 0.5015625 0.46923828125 0.0109375 0.0263671875
2 0.494140625 0.4658203125 0.01171875 0.021484375
2 0.487890625 0.46142578125 0.00859375 0.0146484375
2 0.471484375 0.46435546875 0.01953125 0.0205078125
2 0.460546875 0.4619140625 0.00859375 0.01171875
2 0.069140625 0.6162109375 0.13828125 0.1953125
0 0.129296875 0.61669921875 0.06015625 0.2158203125
2 0.12109375 0.5107421875 0.071875 0.05078125
2 0.03515625 0.4833984375 0.059375 0.025390625
2 0.1625 0.48828125 0.1328125 0.083984375
2 0.24765625 0.4970703125 0.05 0.04296875
2 0.33203125 0.521484375 0.065625 0.0703125
2 0.2609375 0.48486328125 0.0640625 0.0419921875
2 0.3203125 0.484375 0.0578125 0.02734375
2 0.330078125 0.474609375 0.04765625 0.0234375
2 0.3734375 0.47607421875 0.0234375 0.0224609375
2 0.3734375 0.47119140625 0.0390625 0.0205078125
2 0.41171875 0.4765625 0.021875 0.01953125
2 0.427734375 0.47021484375 0.01484375 0.0166015625
2 0.437890625 0.4658203125 0.01171875 0.01171875
2 0.4421875 0.46240234375 0.0125 0.0126953125
2 0.448828125 0.4599609375 0.00859375 0.01171875
2 0.01875 0.681640625 0.0375 0.142578125
