4 0.4113888888888889 0.4103125 0.11944444444444445 0.191875
9 0.03138888888888889 0.0434375 0.06277777777777778 0.086875
9 0.03361111111111111 0.1521875 0.06722222222222222 0.119375
0 0.6116666666666667 0.4809375 0.042222222222222223 0.096875
6 0.08472222222222223 0.421875 0.13833333333333334 0.07625
2 0.9202777777777778 0.571875 0.15944444444444444 0.1625
2 0.7741666666666667 0.4740625 0.295 0.139375
2 0.5322222222222223 0.4684375 0.05555555555555555 0.058125
2 0.4286111111111111 0.493125 0.125 0.11375
4 0.21027777777777779 0.438125 0.11166666666666666 0.115
12 0.6019444444444444 0.4990625 0.05611111111111111 0.060625
9 0.5308333333333334 0.420625 0.025 0.02375
9 0.9730555555555556 0.374375 0.013888888888888888 0.03375
9 0.9716666666666667 0.40875 0.016666666666666666 0.0375
