4 0.44485294117647056 0.48388671875 0.01715686274509804 0.0185546875
7 0.7365196078431373 0.4501953125 0.005718954248366013 0.009765625
7 0.5535130718954249 0.48046875 0.0024509803921568627 0.005859375
7 0.579248366013072 0.474609375 0.0016339869281045752 0.00390625
7 0.8214869281045751 0.4404296875 0.005718954248366013 0.01171875
9 0.9538398692810458 0.4384765625 0.028594771241830064 0.01171875
9 0.9526143790849673 0.42578125 0.029411764705882353 0.013671875
9 0.9530228758169934 0.41064453125 0.03022875816993464 0.0146484375
9 0.9509803921568627 0.3828125 0.03758169934640523 0.041015625
0 0.9893790849673203 0.52392578125 0.021241830065359478 0.0966796875
0 0.9550653594771242 0.52880859375 0.029411764705882353 0.0927734375
0 0.8684640522875817 0.53271484375 0.02287581699346405 0.0810546875
0 0.8513071895424836 0.5322265625 0.0196078431372549 0.087890625
0 0.22712418300653595 0.51220703125 0.02287581699346405 0.0654296875
0 0.7647058823529411 0.4990234375 0.011437908496732025 0.03515625
3 0.4056372549019608 0.50830078125 0.012254901960784314 0.0205078125
3 0.3639705882352941 0.5419921875 0.035130718954248366 0.068359375
3 0.6437908496732027 0.56982421875 0.05718954248366013 0.1005859375
2 0.6556372549019608 0.5234375 0.07598039215686274 0.0703125
2 0.6078431372549019 0.51318359375 0.05065359477124183 0.0517578125
2 0.5955882352941176 0.5068359375 0.05065359477124183 0.05078125
2 0.5669934640522876 0.50390625 0.021241830065359478 0.02734375
2 0.5535130718954249 0.5009765625 0.012254901960784314 0.021484375
2 0.5473856209150327 0.49609375 0.014705882352941176 0.017578125
2 0.5236928104575164 0.5048828125 0.026143790849673203 0.029296875
2 0.5326797385620915 0.5009765625 0.011437908496732025 0.021484375
2 0.4309640522875817 0.49365234375 0.012254901960784314 0.0126953125
2 0.46854575163398693 0.5390625 0.09722222222222222 0.103515625
2 0.39419934640522875 0.4970703125 0.01715686274509804 0.01953125
2 0.3737745098039216 0.5 0.015522875816993464 0.01953125
2 0.34477124183006536 0.5107421875 0.026143790849673203 0.033203125
2 0.3255718954248366 0.50390625 0.025326797385620915 0.03125
2 0.3043300653594771 0.51123046875 0.04656862745098039 0.0322265625
2 0.2928921568627451 0.486328125 0.035130718954248366 0.01953125
2 0.2777777777777778 0.51025390625 0.021241830065359478 0.0302734375
2 0.2581699346405229 0.51171875 0.032679738562091505 0.033203125
2 0.22834967320261437 0.51611328125 0.03839869281045752 0.0361328125
2 0.1895424836601307 0.5166015625 0.0457516339869281 0.041015625
2 0.15808823529411764 0.521484375 0.03676470588235294 0.0390625
2 0.06413398692810457 0.5322265625 0.05800653594771242 0.05078125
2 0.10702614379084967 0.53466796875 0.09803921568627451 0.0634765625
0 0.40604575163398693 0.4990234375 0.011437908496732025 0.021484375
0 0.3639705882352941 0.51953125 0.028594771241830064 0.060546875
0 0.6458333333333334 0.5380859375 0.05473856209150327 0.1015625
