4 0.622140522875817 0.38623046875 0.035130718954248366 0.0166015625
9 0.460375816993464 0.369140625 0.008986928104575163 0.01171875
9 0.5249183006535948 0.37939453125 0.005718954248366013 0.0087890625
9 0.5731209150326797 0.38525390625 0.004084967320261438 0.0068359375
6 0.6638071895424836 0.39453125 0.012254901960784314 0.013671875
2 0.6576797385620915 0.3994140625 0.008169934640522876 0.0078125
2 0.5886437908496732 0.404296875 0.012254901960784314 0.015625
2 0.5964052287581699 0.408203125 0.00980392156862745 0.0234375
2 0.6029411764705882 0.41552734375 0.011437908496732025 0.0400390625
2 0.5612745098039216 0.39990234375 0.024509803921568627 0.0302734375
2 0.5257352941176471 0.40380859375 0.025326797385620915 0.0302734375
2 0.5016339869281046 0.4052734375 0.03594771241830065 0.033203125
2 0.4795751633986928 0.40966796875 0.03104575163398693 0.0302734375
2 0.4411764705882353 0.40673828125 0.0392156862745098 0.0458984375
2 0.2716503267973856 0.42333984375 0.025326797385620915 0.0654296875
2 0.11887254901960784 0.412109375 0.23774509803921567 0.19921875
2 0.35375816993464054 0.4296875 0.16013071895424835 0.181640625
2 0.6245915032679739 0.4208984375 0.049836601307189546 0.05859375
2 0.6891339869281046 0.404296875 0.02042483660130719 0.009765625
2 0.7128267973856209 0.4013671875 0.01715686274509804 0.015625
2 0.7258986928104575 0.40673828125 0.01715686274509804 0.0087890625
2 0.7504084967320261 0.40869140625 0.03022875816993464 0.0087890625
2 0.8872549019607843 0.57421875 0.22549019607843138 0.298828125
