7 0.43423202614379086 0.3466796875 0.010620915032679739 0.02734375
7 0.5657679738562091 0.35205078125 0.012254901960784314 0.0302734375
9 0.3047385620915033 0.30859375 0.027777777777777776 0.03515625
0 0.36437908496732024 0.404296875 0.013071895424836602 0.041015625
0 0.43504901960784315 0.41455078125 0.012254901960784314 0.0361328125
0 0.4215686274509804 0.416015625 0.011437908496732025 0.037109375
0 0.4456699346405229 0.4091796875 0.008986928104575163 0.02734375
0 0.7406045751633987 0.43798828125 0.012254901960784314 0.0478515625
0 0.6911764705882353 0.4345703125 0.00980392156862745 0.029296875
0 0.4812091503267974 0.408203125 0.00980392156862745 0.03125
0 0.6801470588235294 0.42431640625 0.007352941176470588 0.0263671875
0 0.6090686274509803 0.41845703125 0.004084967320261438 0.0126953125
2 0.766748366013072 0.4248046875 0.04493464052287582 0.04296875
2 0.5531045751633987 0.41943359375 0.016339869281045753 0.0205078125
