7 0.4991830065359477 0.38720703125 0.00980392156862745 0.0263671875
7 0.766748366013072 0.384765625 0.008986928104575163 0.025390625
7 0.09844771241830065 0.3759765625 0.051470588235294115 0.0625
7 0.028186274509803922 0.37890625 0.04330065359477124 0.0625
9 0.4542483660130719 0.40673828125 0.017973856209150325 0.0205078125
9 0.5326797385620915 0.42431640625 0.011437908496732025 0.0126953125
9 0.5008169934640523 0.4208984375 0.011437908496732025 0.01171875
9 0.5322712418300654 0.40478515625 0.007352941176470588 0.0185546875
9 0.6699346405228758 0.4091796875 0.00980392156862745 0.01171875
9 0.670751633986928 0.4208984375 0.008169934640522876 0.009765625
9 0.7283496732026143 0.4208984375 0.03022875816993464 0.0078125
0 0.008169934640522876 0.50439453125 0.016339869281045753 0.0576171875
0 0.1294934640522876 0.49560546875 0.01715686274509804 0.0732421875
0 0.21609477124183007 0.47119140625 0.008986928104575163 0.0224609375
0 0.7790032679738562 0.453125 0.015522875816993464 0.02734375
0 0.9701797385620915 0.44921875 0.012254901960784314 0.03125
1 0.10130718954248366 0.52001953125 0.026143790849673203 0.0400390625
3 0.4444444444444444 0.47314453125 0.013071895424836602 0.0244140625
3 0.5616830065359477 0.50634765625 0.041666666666666664 0.0712890625
3 0.5931372549019608 0.46923828125 0.032679738562091505 0.0302734375
2 0.9150326797385621 0.623046875 0.16993464052287582 0.361328125
2 0.35866013071895425 0.48681640625 0.06045751633986928 0.0537109375
2 0.608251633986928 0.462890625 0.031862745098039214 0.033203125
2 0.4959150326797386 0.462890625 0.027777777777777776 0.025390625
2 0.5616830065359477 0.43994140625 0.012254901960784314 0.0107421875
2 0.5412581699346405 0.44384765625 0.012254901960784314 0.0146484375
0 0.09844771241830065 0.49658203125 0.018790849673202614 0.0595703125
0 0.4440359477124183 0.466796875 0.010620915032679739 0.0234375
0 0.5637254901960784 0.48388671875 0.032679738562091505 0.0771484375
0 0.5878267973856209 0.4599609375 0.013888888888888888 0.033203125
