7 0.8615196078431373 0.51708984375 0.028594771241830064 0.0966796875
7 0.7941176470588235 0.4814453125 0.013071895424836602 0.01953125
7 0.7928921568627451 0.42041015625 0.031862745098039214 0.0341796875
7 0.5645424836601307 0.4638671875 0.011437908496732025 0.037109375
7 0.8459967320261438 0.12255859375 0.0661764705882353 0.1806640625
7 0.32883986928104575 0.458984375 0.012254901960784314 0.033203125
7 0.335375816993464 0.541015625 0.005718954248366013 0.0078125
7 0.5629084967320261 0.5390625 0.004901960784313725 0.005859375
7 0.29411764705882354 0.55224609375 0.004901960784313725 0.0107421875
9 0.8647875816993464 0.4462890625 0.035130718954248366 0.037109375
9 0.8394607843137255 0.3212890625 0.08905228758169935 0.02734375
9 0.8231209150326797 0.36474609375 0.05310457516339869 0.0419921875
9 0.5947712418300654 0.40576171875 0.0392156862745098 0.0166015625
9 0.5951797385620915 0.423828125 0.041666666666666664 0.01953125
9 0.6160130718954249 0.43994140625 0.05392156862745098 0.0126953125
9 0.616421568627451 0.45751953125 0.05473856209150327 0.0185546875
9 0.6172385620915033 0.478515625 0.05310457516339869 0.017578125
9 0.5224673202614379 0.5302734375 0.010620915032679739 0.01171875
9 0.11805555555555555 0.52392578125 0.01715686274509804 0.0205078125
9 0.29616013071895425 0.56298828125 0.008986928104575163 0.0048828125
0 0.7622549019607843 0.611328125 0.05555555555555555 0.251953125
2 0.4011437908496732 0.5634765625 0.06045751633986928 0.0703125
2 0.47467320261437906 0.5859375 0.12745098039215685 0.119140625
2 0.2295751633986928 0.57861328125 0.08660130718954248 0.0576171875
