7 0.6691666666666667 0.379375 0.017222222222222222 0.015
7 0.6652777777777777 0.32 0.012777777777777779 0.035
7 0.44472222222222224 0.24 0.011666666666666667 0.0325
7 0.27805555555555556 0.259375 0.009444444444444445 0.025
7 0.8719444444444444 0.2884375 0.01611111111111111 0.043125
9 0.68 0.365 0.02666666666666667 0.00875
9 0.6561111111111111 0.275625 0.056666666666666664 0.025
9 0.5533333333333333 0.400625 0.01 0.01375
0 0.6919444444444445 0.4503125 0.03388888888888889 0.068125
2 0.8930555555555556 0.4015625 0.21388888888888888 0.145625
2 0.4661111111111111 0.4546875 0.18333333333333332 0.076875
2 0.2833333333333333 0.448125 0.042222222222222223 0.02625
