9 0.04972222222222222 0.423125 0.006111111111111111 0.01125
0 0.625 0.4740625 0.025555555555555557 0.076875
0 0.5736111111111111 0.4696875 0.015 0.038125
0 0.4772222222222222 0.4690625 0.025555555555555557 0.058125
6 0.5277777777777778 0.4515625 0.03111111111111111 0.031875
2 0.9808333333333333 0.5671875 0.03833333333333333 0.235625
2 0.5569444444444445 0.4675 0.051666666666666666 0.04625
2 0.23166666666666666 0.4628125 0.03888888888888889 0.033125
2 0.20305555555555554 0.4665625 0.04388888888888889 0.039375
2 0.1761111111111111 0.4653125 0.042222222222222223 0.040625
2 0.03111111111111111 0.47125 0.06222222222222222 0.1
2 0.04611111111111111 0.44 0.028888888888888888 0.02375
