9 0.29333333333333333 0.4353125 0.011111111111111112 0.013125
9 0.29333333333333333 0.4475 0.0077777777777777776 0.005
9 0.7108333333333333 0.3925 0.015 0.02375
9 0.6094444444444445 0.386875 0.016666666666666666 0.02625
9 0.5355555555555556 0.42125 0.008888888888888889 0.01375
9 0.5119444444444444 0.4278125 0.011666666666666667 0.014375
9 0.5125 0.44 0.007222222222222222 0.005
9 0.6094444444444445 0.4103125 0.01 0.016875
9 0.5613888888888889 0.4253125 0.006111111111111111 0.010625
9 0.5613888888888889 0.4334375 0.005 0.004375
0 0.2594444444444444 0.47 0.006666666666666667 0.02
0 0.8111111111111111 0.445 0.016666666666666666 0.02375
0 0.7780555555555555 0.4378125 0.01611111111111111 0.016875
2 0.9002777777777777 0.569375 0.19944444444444445 0.3025
2 0.7536111111111111 0.510625 0.205 0.13875
2 0.6508333333333334 0.491875 0.0961111111111111 0.09125
2 0.6047222222222223 0.4834375 0.07166666666666667 0.071875
2 0.5755555555555556 0.4778125 0.03888888888888889 0.058125
2 0.5569444444444445 0.46875 0.058333333333333334 0.0575
2 0.5280555555555555 0.473125 0.015 0.035
2 0.5186111111111111 0.46875 0.018333333333333333 0.0325
2 0.4886111111111111 0.4625 0.017222222222222222 0.015
2 0.48 0.463125 0.006666666666666667 0.01125
2 0.4627777777777778 0.465625 0.03 0.02
2 0.3883333333333333 0.4671875 0.021111111111111112 0.015625
2 0.35833333333333334 0.4678125 0.028888888888888888 0.028125
