4 0.5969444444444445 0.385625 0.17944444444444443 0.28875
7 0.8830555555555556 0.4075 0.006111111111111111 0.015
7 0.8227777777777778 0.3740625 0.006666666666666667 0.016875
7 0.017222222222222222 0.194375 0.034444444444444444 0.125
9 0.8086111111111111 0.4053125 0.010555555555555556 0.015625
9 0.8691666666666666 0.423125 0.005 0.00625
9 0.8691666666666666 0.4284375 0.0038888888888888888 0.004375
0 0.8833333333333333 0.4409375 0.012222222222222223 0.030625
2 0.8397222222222223 0.4396875 0.008333333333333333 0.009375
2 0.8558333333333333 0.4409375 0.010555555555555556 0.014375
2 0.7175 0.4521875 0.03388888888888889 0.024375
2 0.6908333333333333 0.4546875 0.03388888888888889 0.025625
2 0.07055555555555555 0.488125 0.1411111111111111 0.1
2 0.19055555555555556 0.47375 0.027777777777777776 0.01125
2 0.3761111111111111 0.469375 0.07444444444444444 0.04625
2 0.46 0.46125 0.04777777777777778 0.04125
2 0.5269444444444444 0.466875 0.03722222222222222 0.0225
