7 0.056666666666666664 0.261875 0.023333333333333334 0.07125
7 0.042222222222222223 0.3628125 0.02666666666666667 0.030625
7 0.14666666666666667 0.3484375 0.03777777777777778 0.039375
7 0.2594444444444444 0.3353125 0.012222222222222223 0.041875
7 0.25305555555555553 0.393125 0.010555555555555556 0.01875
7 0.3436111111111111 0.3996875 0.015 0.016875
7 0.35138888888888886 0.3509375 0.011666666666666667 0.039375
7 0.7911111111111111 0.3696875 0.012222222222222223 0.040625
7 0.7811111111111111 0.415 0.015555555555555555 0.01625
9 0.023333333333333334 0.3275 0.025555555555555557 0.025
9 0.7922222222222223 0.399375 0.03222222222222222 0.01125
9 0.6808333333333333 0.4384375 0.007222222222222222 0.013125
9 0.1025 0.3021875 0.06833333333333333 0.018125
9 0.23916666666666667 0.3725 0.013888888888888888 0.02
2 0.06277777777777778 0.4678125 0.12555555555555556 0.095625
2 0.49972222222222223 0.5575 0.3283333333333333 0.3
2 0.8711111111111111 0.51 0.2577777777777778 0.35
2 0.6458333333333334 0.47 0.04833333333333333 0.04125
