9 0.2791666666666667 0.4040625 0.030555555555555555 0.035625
0 0.7316666666666667 0.4665625 0.014444444444444444 0.065625
0 0.5213888888888889 0.4696875 0.01611111111111111 0.039375
0 0.5333333333333333 0.4653125 0.006666666666666667 0.023125
2 0.47555555555555556 0.4659375 0.008888888888888889 0.008125
2 0.4508333333333333 0.464375 0.017222222222222222 0.01625
2 0.4216666666666667 0.464375 0.014444444444444444 0.01375
2 0.335 0.45875 0.027777777777777776 0.01375
2 0.3022222222222222 0.4578125 0.025555555555555557 0.016875
2 0.2763888888888889 0.466875 0.055 0.0375
2 0.1988888888888889 0.45875 0.05555555555555555 0.02625
2 0.11361111111111111 0.48375 0.11944444444444445 0.08125
2 0.0975 0.4484375 0.08166666666666667 0.033125
2 0.030555555555555555 0.4796875 0.06111111111111111 0.078125
0 0.3933333333333333 0.4659375 0.0077777777777777776 0.028125
8 0.3705555555555556 0.47125 0.006666666666666667 0.01875
