4 0.4117647058823529 0.52685546875 0.12091503267973856 0.0498046875
4 0.7540849673202614 0.52001953125 0.20261437908496732 0.0810546875
0 0.5776143790849673 0.53955078125 0.006535947712418301 0.0205078125
0 0.6270424836601307 0.53857421875 0.008986928104575163 0.0263671875
0 0.6348039215686274 0.54052734375 0.004901960784313725 0.0244140625
0 0.6397058823529411 0.53955078125 0.004901960784313725 0.0244140625
0 0.8982843137254902 0.53662109375 0.010620915032679739 0.0302734375
0 0.9321895424836601 0.5390625 0.013071895424836602 0.025390625
2 0.10743464052287582 0.54052734375 0.04003267973856209 0.0224609375
2 0.2826797385620915 0.5390625 0.06535947712418301 0.0703125
2 0.3831699346405229 0.5400390625 0.04738562091503268 0.0234375
2 0.49019607843137253 0.541015625 0.03431372549019608 0.021484375
