7 0.5559640522875817 0.48046875 0.004084967320261438 0.0078125
7 0.44281045751633985 0.4814453125 0.0032679738562091504 0.009765625
9 0.6062091503267973 0.47119140625 0.00980392156862745 0.0126953125
9 0.6070261437908496 0.48193359375 0.00980392156862745 0.0126953125
9 0.684640522875817 0.4912109375 0.006535947712418301 0.015625
0 0.7716503267973857 0.52490234375 0.012254901960784314 0.0361328125
0 0.7410130718954249 0.53125 0.011437908496732025 0.0390625
0 0.26633986928104575 0.51806640625 0.011437908496732025 0.0458984375
0 0.22140522875816993 0.5146484375 0.014705882352941176 0.044921875
0 0.33905228758169936 0.505859375 0.00980392156862745 0.021484375
3 0.23570261437908496 0.544921875 0.056372549019607844 0.052734375
2 0.8431372549019608 0.591796875 0.1977124183006536 0.13671875
2 0.7071078431372549 0.5234375 0.049836601307189546 0.0234375
2 0.6156045751633987 0.515625 0.04656862745098039 0.052734375
2 0.47467320261437906 0.5634765625 0.10130718954248366 0.103515625
2 0.49142156862745096 0.51123046875 0.05310457516339869 0.0400390625
2 0.43586601307189543 0.5068359375 0.028594771241830064 0.033203125
2 0.42116013071895425 0.513671875 0.02369281045751634 0.03125
2 0.40155228758169936 0.52099609375 0.03676470588235294 0.0439453125
2 0.375 0.52783203125 0.049019607843137254 0.0478515625
2 0.36151960784313725 0.5361328125 0.04820261437908497 0.048828125
2 0.31209150326797386 0.54345703125 0.0784313725490196 0.0634765625
2 0.26919934640522875 0.51806640625 0.03022875816993464 0.0302734375
2 0.15890522875816993 0.5830078125 0.1380718954248366 0.13671875
2 0.061683006535947715 0.58154296875 0.12336601307189543 0.2236328125
2 0.5269607843137255 0.49853515625 0.0196078431372549 0.0126953125
2 0.556781045751634 0.5009765625 0.01715686274509804 0.009765625
