7 0.06805555555555555 0.3653125 0.015 0.053125
7 0.09388888888888888 0.409375 0.015555555555555555 0.02
7 0.6055555555555555 0.3453125 0.015555555555555555 0.050625
7 0.6008333333333333 0.3959375 0.013888888888888888 0.019375
7 0.8172222222222222 0.33125 0.022222222222222223 0.05125
9 0.82 0.3628125 0.02 0.015625
9 0.865 0.369375 0.03222222222222222 0.01125
9 0.5516666666666666 0.40125 0.014444444444444444 0.0175
9 0.5519444444444445 0.4240625 0.008333333333333333 0.011875
9 0.5386111111111112 0.425 0.008333333333333333 0.0125
9 0.5375 0.4134375 0.006111111111111111 0.009375
0 0.375 0.569375 0.2544444444444444 0.505
2 0.07305555555555555 0.4953125 0.1461111111111111 0.094375
2 0.25222222222222224 0.4734375 0.06444444444444444 0.044375
2 0.4663888888888889 0.4559375 0.028333333333333332 0.028125
2 0.5266666666666666 0.465 0.042222222222222223 0.03375
2 0.9658333333333333 0.4646875 0.06833333333333333 0.068125
8 0.5897222222222223 0.474375 0.011666666666666667 0.03625
0 0.7625 0.456875 0.02722222222222222 0.0675
