9 0.6547222222222222 0.41625 0.015 0.01875
9 0.6322222222222222 0.42375 0.017777777777777778 0.02
9 0.8041666666666667 0.3440625 0.05388888888888889 0.028125
0 0.3883333333333333 0.4728125 0.008888888888888889 0.016875
6 0.4675 0.459375 0.026111111111111113 0.03625
6 0.5347222222222222 0.431875 0.03833333333333333 0.03125
2 0.97 0.4990625 0.06 0.055625
2 0.9361111111111111 0.4878125 0.0811111111111111 0.060625
2 0.8733333333333333 0.488125 0.06111111111111111 0.0475
2 0.83 0.4828125 0.04666666666666667 0.043125
2 0.6713888888888889 0.4734375 0.018333333333333333 0.014375
2 0.6661111111111111 0.4696875 0.022222222222222223 0.016875
2 0.6458333333333334 0.4709375 0.013888888888888888 0.013125
2 0.6361111111111111 0.46875 0.014444444444444444 0.0125
2 0.625 0.4678125 0.012222222222222223 0.013125
2 0.5361111111111111 0.475 0.05555555555555555 0.06125
2 0.4891666666666667 0.466875 0.012777777777777779 0.01125
2 0.4825 0.4665625 0.005 0.010625
2 0.28944444444444445 0.4584375 0.03222222222222222 0.029375
2 0.6019444444444444 0.4675 0.011666666666666667 0.01375
