7 0.7328431372549019 0.35205078125 0.011437908496732025 0.0263671875
7 0.5273692810457516 0.35498046875 0.012254901960784314 0.0224609375
7 0.9187091503267973 0.43115234375 0.004084967320261438 0.0068359375
7 0.9129901960784313 0.42919921875 0.004084967320261438 0.0087890625
7 0.8909313725490197 0.4306640625 0.004084967320261438 0.005859375
7 0.8937908496732027 0.4287109375 0.0032679738562091504 0.009765625
9 0.45751633986928103 0.21728515625 0.05718954248366013 0.0439453125
9 0.4534313725490196 0.2568359375 0.09477124183006536 0.03125
9 0.2013888888888889 0.30517578125 0.01715686274509804 0.0361328125
9 0.5179738562091504 0.376953125 0.00980392156862745 0.01171875
9 0.516748366013072 0.38525390625 0.008986928104575163 0.0048828125
0 0.49019607843137253 0.44580078125 0.058823529411764705 0.1787109375
3 0.8149509803921569 0.70654296875 0.3700980392156863 0.4287109375
2 0.5375816993464052 0.40869140625 0.04738562091503268 0.0400390625
2 0.5898692810457516 0.40673828125 0.0718954248366013 0.0634765625
2 0.613562091503268 0.42236328125 0.049019607843137254 0.0537109375
2 0.6556372549019608 0.4296875 0.08088235294117647 0.064453125
2 0.7218137254901961 0.44677734375 0.08088235294117647 0.0771484375
2 0.8288398692810458 0.4248046875 0.125 0.048828125
0 0.7798202614379085 0.619140625 0.2508169934640523 0.560546875
