9 0.25194444444444447 0.385 0.018333333333333333 0.02375
9 0.21166666666666667 0.38375 0.011111111111111112 0.02625
0 0.07583333333333334 0.521875 0.07166666666666667 0.2175
0 0.13194444444444445 0.5103125 0.08055555555555556 0.239375
0 0.4913888888888889 0.441875 0.019444444444444445 0.06625
0 0.5072222222222222 0.4321875 0.017777777777777778 0.041875
0 0.5202777777777777 0.449375 0.012777777777777779 0.065
0 0.5077777777777778 0.4528125 0.015555555555555555 0.060625
0 0.5325 0.4465625 0.02388888888888889 0.074375
0 0.61 0.4546875 0.035555555555555556 0.143125
0 0.6411111111111111 0.459375 0.04555555555555556 0.15
0 0.6722222222222223 0.465625 0.021111111111111112 0.145
0 0.6936111111111111 0.4940625 0.075 0.249375
0 0.7430555555555556 0.515625 0.06944444444444445 0.27375
2 0.8847222222222222 0.4996875 0.23055555555555557 0.269375
2 0.4088888888888889 0.4396875 0.08666666666666667 0.065625
2 0.3972222222222222 0.5234375 0.22111111111111112 0.199375
2 0.03277777777777778 0.514375 0.06555555555555556 0.17125
2 0.05611111111111111 0.486875 0.11222222222222222 0.1425
2 0.15305555555555556 0.4665625 0.11944444444444445 0.094375
2 0.1925 0.45625 0.105 0.0875
2 0.058055555555555555 0.408125 0.08166666666666667 0.015
2 0.23555555555555555 0.4478125 0.13111111111111112 0.090625
2 0.31305555555555553 0.436875 0.055 0.0725
