0 0.7683333333333333 0.4953125 0.035555555555555556 0.101875
0 0.7302777777777778 0.4878125 0.03611111111111111 0.109375
0 0.6683333333333333 0.4896875 0.035555555555555556 0.101875
0 0.6416666666666667 0.4878125 0.022222222222222223 0.098125
0 0.6263888888888889 0.48625 0.03388888888888889 0.1075
0 0.5916666666666667 0.488125 0.03222222222222222 0.0975
0 0.5725 0.48625 0.010555555555555556 0.045
0 0.5611111111111111 0.4846875 0.013333333333333334 0.048125
0 0.5513888888888889 0.485 0.008333333333333333 0.03625
0 0.5366666666666666 0.484375 0.015555555555555555 0.0425
0 0.5266666666666666 0.4825 0.011111111111111112 0.03875
0 0.5166666666666667 0.484375 0.013333333333333334 0.03625
0 0.5011111111111111 0.4828125 0.008888888888888889 0.041875
0 0.49194444444444446 0.4840625 0.009444444444444445 0.029375
1 0.8558333333333333 0.51 0.06722222222222222 0.08125
2 0.0475 0.5653125 0.095 0.311875
2 0.455 0.4909375 0.03111111111111111 0.028125
2 0.4266666666666667 0.4878125 0.025555555555555557 0.020625
2 0.3663888888888889 0.4875 0.07833333333333334 0.07125
8 0.09805555555555556 0.4746875 0.025 0.066875
