0 0.254296875 0.54736328125 0.03828125 0.1181640625
0 0.47109375 0.4697265625 0.0109375 0.02734375
1 0.33125 0.53662109375 0.01875 0.0556640625
1 0.4859375 0.490234375 0.0109375 0.02734375
2 0.4875 0.47119140625 0.0234375 0.0263671875
2 0.45 0.46142578125 0.0125 0.0146484375
2 0.408984375 0.46728515625 0.01484375 0.0205078125
2 0.3953125 0.47705078125 0.015625 0.0283203125
2 0.377734375 0.47998046875 0.02890625 0.0322265625
2 0.358984375 0.4912109375 0.03515625 0.04296875
2 0.332421875 0.49853515625 0.04921875 0.0517578125
2 0.294921875 0.509765625 0.05234375 0.068359375
2 0.27421875 0.521484375 0.078125 0.076171875
2 0.233203125 0.55078125 0.04453125 0.0859375
2 0.1671875 0.5634765625 0.1296875 0.1328125
2 0.050390625 0.634765625 0.10078125 0.22265625
2 0.533984375 0.46875 0.01328125 0.029296875
2 0.5640625 0.4716796875 0.0203125 0.0234375
2 0.603515625 0.46337890625 0.06171875 0.0537109375
2 0.630078125 0.462890625 0.06953125 0.02734375
2 0.6234375 0.48876953125 0.075 0.0537109375
2 0.6921875 0.49267578125 0.0828125 0.0751953125
2 0.778125 0.50439453125 0.1 0.0927734375
2 0.8328125 0.4755859375 0.040625 0.072265625
2 0.9296875 0.4716796875 0.140625 0.05078125
2 0.92421875 0.50439453125 0.1515625 0.0732421875
2 0.9296875 0.578125 0.140625 0.166015625
2 0.758984375 0.62841796875 0.21484375 0.1767578125
0 0.33125 0.51708984375 0.021875 0.0732421875
0 0.485546875 0.47998046875 0.01171875 0.0380859375
