9 0.15944444444444444 0.38625 0.017777777777777778 0.0275
9 0.23583333333333334 0.396875 0.026111111111111113 0.03125
0 0.9563888888888888 0.6115625 0.08722222222222223 0.328125
0 0.9733333333333334 0.58375 0.05333333333333334 0.325
0 0.8988888888888888 0.5578125 0.09444444444444444 0.318125
0 0.7891666666666667 0.5365625 0.09055555555555556 0.295625
0 0.6586111111111111 0.489375 0.020555555555555556 0.06
0 0.5997222222222223 0.4959375 0.02722222222222222 0.086875
0 0.5794444444444444 0.485 0.01888888888888889 0.04
2 0.4747222222222222 0.5571875 0.26166666666666666 0.228125
2 0.2752777777777778 0.4890625 0.17833333333333334 0.153125
2 0.2247222222222222 0.5290625 0.05722222222222222 0.109375
2 0.10611111111111111 0.506875 0.21222222222222223 0.25375
