9 0.488671875 0.412109375 0.00859375 0.009765625
9 0.488671875 0.4189453125 0.00546875 0.00390625
9 0.381640625 0.42138671875 0.00859375 0.0087890625
9 0.38125 0.427734375 0.00625 0.00390625
0 0.3984375 0.44970703125 0.00625 0.0224609375
1 0.387109375 0.46875 0.00703125 0.015625
1 0.491796875 0.505859375 0.01484375 0.03515625
1 0.07734375 0.5224609375 0.053125 0.0546875
1 0.110546875 0.53125 0.04609375 0.0546875
2 0.050390625 0.6259765625 0.10078125 0.171875
2 0.137109375 0.50439453125 0.12109375 0.0615234375
2 0.23203125 0.52197265625 0.0859375 0.0849609375
2 0.292578125 0.49609375 0.05234375 0.052734375
2 0.30625 0.4892578125 0.0390625 0.046875
2 0.323046875 0.48486328125 0.02421875 0.0419921875
2 0.3296875 0.47998046875 0.0234375 0.0400390625
2 0.3421875 0.46923828125 0.0375 0.0400390625
2 0.3546875 0.462890625 0.0296875 0.041015625
2 0.371484375 0.4619140625 0.01328125 0.03125
2 0.378515625 0.45947265625 0.01171875 0.0322265625
2 0.5046875 0.46728515625 0.0390625 0.0458984375
2 0.475390625 0.46142578125 0.01640625 0.0283203125
2 0.46328125 0.44580078125 0.0140625 0.0146484375
2 0.451953125 0.458984375 0.02890625 0.029296875
2 0.392578125 0.45263671875 0.01015625 0.0166015625
2 0.40625 0.4482421875 0.009375 0.015625
2 0.4109375 0.44677734375 0.0078125 0.0126953125
2 0.4140625 0.4443359375 0.00625 0.009765625
2 0.902734375 0.5283203125 0.19453125 0.1328125
2 0.841796875 0.5029296875 0.17890625 0.123046875
2 0.76953125 0.5 0.075 0.109375
2 0.70234375 0.50146484375 0.1 0.0830078125
2 0.650390625 0.48779296875 0.09140625 0.0654296875
2 0.57421875 0.4638671875 0.0421875 0.0390625
2 0.5984375 0.47021484375 0.0328125 0.0498046875
0 0.3875 0.4609375 0.009375 0.025390625
0 0.490234375 0.48291015625 0.01953125 0.0634765625
8 0.130078125 0.5517578125 0.01640625 0.04296875
