7 0.1463888888888889 0.3934375 0.01611111111111111 0.041875
7 0.16777777777777778 0.4246875 0.015555555555555555 0.019375
7 0.42333333333333334 0.4384375 0.005555555555555556 0.005625
7 0.5455555555555556 0.4059375 0.01 0.016875
7 0.5494444444444444 0.3690625 0.013333333333333334 0.035625
7 0.6505555555555556 0.32625 0.03777777777777778 0.03125
7 0.6941666666666667 0.3584375 0.015 0.038125
9 0.4255555555555556 0.4321875 0.01 0.004375
9 0.5133333333333333 0.4459375 0.005555555555555556 0.011875
9 0.5127777777777778 0.42375 0.006666666666666667 0.01
9 0.5119444444444444 0.4140625 0.005 0.006875
9 0.5227777777777778 0.424375 0.005555555555555556 0.01
9 0.5216666666666666 0.4040625 0.011111111111111112 0.014375
9 0.6638888888888889 0.295625 0.017777777777777778 0.02875
9 0.6488888888888888 0.2509375 0.035555555555555556 0.061875
0 0.5861111111111111 0.45375 0.02666666666666667 0.05625
0 0.6075 0.4553125 0.028333333333333332 0.054375
0 0.6219444444444444 0.4528125 0.020555555555555556 0.054375
0 0.5525 0.4590625 0.017222222222222222 0.043125
2 0.05277777777777778 0.54 0.10555555555555556 0.19375
2 0.21583333333333332 0.4890625 0.22166666666666668 0.091875
2 0.2788888888888889 0.4615625 0.044444444444444446 0.025625
2 0.3597222222222222 0.4665625 0.07833333333333334 0.061875
2 0.47944444444444445 0.455625 0.01 0.00625
2 0.49972222222222223 0.4590625 0.03388888888888889 0.030625
8 0.5419444444444445 0.4628125 0.009444444444444445 0.030625
