7 0.9863888888888889 0.309375 0.02722222222222222 0.075
7 0.9433333333333334 0.306875 0.02 0.0575
7 0.8661111111111112 0.1840625 0.03888888888888889 0.154375
7 0.8269444444444445 0.233125 0.012777777777777779 0.0825
7 0.8488888888888889 0.3446875 0.012222222222222223 0.035625
7 0.7438888888888889 0.238125 0.012222222222222223 0.0525
7 0.5402777777777777 0.4315625 0.008333333333333333 0.040625
7 0.5288888888888889 0.4409375 0.0044444444444444444 0.021875
7 0.28444444444444444 0.3909375 0.0077777777777777776 0.025625
9 0.9883333333333333 0.358125 0.023333333333333334 0.01375
9 0.9758333333333333 0.385625 0.04833333333333333 0.0275
9 0.8683333333333333 0.2925 0.021111111111111112 0.02625
9 0.9533333333333334 0.2084375 0.035555555555555556 0.039375
9 0.5283333333333333 0.4953125 0.014444444444444444 0.008125
9 0.5355555555555556 0.46875 0.012222222222222223 0.0125
9 0.5344444444444445 0.3984375 0.028888888888888888 0.011875
9 0.38916666666666666 0.3840625 0.021666666666666667 0.026875
9 0.30694444444444446 0.384375 0.020555555555555556 0.02625
9 0.4286111111111111 0.494375 0.008333333333333333 0.0075
9 0.4280555555555556 0.5053125 0.006111111111111111 0.013125
2 0.9088888888888889 0.505 0.022222222222222223 0.01125
2 0.5672222222222222 0.505 0.12 0.0475
2 0.12916666666666668 0.5034375 0.24944444444444444 0.169375
