7 0.1063888888888889 0.1290625 0.03388888888888889 0.075625
7 0.28805555555555556 0.0975 0.05722222222222222 0.08375
7 0.48305555555555557 0.3034375 0.02722222222222222 0.043125
7 0.6844444444444444 0.3871875 0.01888888888888889 0.040625
7 0.6866666666666666 0.424375 0.015555555555555555 0.01625
7 0.7911111111111111 0.28125 0.03222222222222222 0.12125
7 0.7730555555555556 0.379375 0.013888888888888888 0.04875
7 0.7752777777777777 0.415625 0.012777777777777779 0.015
7 0.7983333333333333 0.379375 0.025555555555555557 0.03
7 0.9266666666666666 0.335 0.022222222222222223 0.0575
7 0.18472222222222223 0.3809375 0.01611111111111111 0.058125
7 0.14722222222222223 0.3875 0.014444444444444444 0.04
7 0.18444444444444444 0.4271875 0.01 0.014375
7 0.145 0.4271875 0.0077777777777777776 0.013125
9 0.028055555555555556 0.205625 0.05611111111111111 0.035
9 0.1988888888888889 0.0903125 0.04888888888888889 0.068125
9 0.5125 0.3025 0.01611111111111111 0.01875
9 0.61 0.3509375 0.06666666666666667 0.019375
9 0.5847222222222223 0.42625 0.01611111111111111 0.01375
9 0.5238888888888888 0.464375 0.0044444444444444444 0.0075
0 0.6122222222222222 0.468125 0.01 0.03375
0 0.6597222222222222 0.4771875 0.013888888888888888 0.029375
0 0.6816666666666666 0.4746875 0.013333333333333334 0.049375
2 0.08222222222222222 0.484375 0.12777777777777777 0.05
2 0.20694444444444443 0.49125 0.115 0.085
2 0.28583333333333333 0.4775 0.058333333333333334 0.04875
2 0.3188888888888889 0.4753125 0.025555555555555557 0.043125
2 0.3566666666666667 0.4734375 0.06555555555555556 0.054375
2 0.4011111111111111 0.475625 0.027777777777777776 0.0275
2 0.42 0.475625 0.01888888888888889 0.0225
2 0.43694444444444447 0.4778125 0.018333333333333333 0.016875
2 0.4533333333333333 0.4821875 0.013333333333333334 0.010625
2 0.5011111111111111 0.4746875 0.034444444444444444 0.030625
8 0.9522222222222222 0.5103125 0.017777777777777778 0.044375
