4 0.2772222222222222 0.464375 0.044444444444444446 0.04
9 0.6277777777777778 0.4434375 0.01 0.019375
3 0.39055555555555554 0.5071875 0.04666666666666667 0.075625
2 0.5013888888888889 0.46625 0.04833333333333333 0.04875
2 0.4697222222222222 0.4671875 0.015 0.018125
2 0.44555555555555554 0.46625 0.015555555555555555 0.01375
2 0.42388888888888887 0.4715625 0.03111111111111111 0.030625
2 0.35638888888888887 0.483125 0.035 0.0525
2 0.3080555555555556 0.4684375 0.012777777777777779 0.010625
0 0.3902777777777778 0.4790625 0.04611111111111111 0.103125
