4 0.494281045751634 0.39111328125 0.017973856209150325 0.0205078125
4 0.4791666666666667 0.3916015625 0.01715686274509804 0.01953125
9 0.42197712418300654 0.38525390625 0.010620915032679739 0.0185546875
6 0.573937908496732 0.39794921875 0.01715686274509804 0.0185546875
6 0.5273692810457516 0.38916015625 0.010620915032679739 0.0126953125
2 0.49264705882352944 0.443359375 0.08169934640522876 0.076171875
2 0.5563725490196079 0.4140625 0.026143790849673203 0.0234375
2 0.5420751633986928 0.40869140625 0.015522875816993464 0.0166015625
2 0.5024509803921569 0.40283203125 0.016339869281045753 0.0068359375
2 0.48161764705882354 0.3994140625 0.010620915032679739 0.009765625
2 0.4632352941176471 0.3955078125 0.008169934640522876 0.0078125
2 0.4513888888888889 0.3896484375 0.007352941176470588 0.005859375
2 0.4571078431372549 0.390625 0.005718954248366013 0.005859375
2 0.4644607843137255 0.39013671875 0.008986928104575163 0.0068359375
2 0.9550653594771242 0.44921875 0.0457516339869281 0.044921875
2 0.883578431372549 0.4267578125 0.09722222222222222 0.080078125
2 0.8235294117647058 0.42919921875 0.026143790849673203 0.0224609375
2 0.7933006535947712 0.4296875 0.049019607843137254 0.0390625
2 0.8112745098039216 0.412109375 0.04411764705882353 0.02734375
2 0.7630718954248366 0.4228515625 0.021241830065359478 0.01953125
2 0.741421568627451 0.421875 0.03676470588235294 0.021484375
2 0.733251633986928 0.4130859375 0.025326797385620915 0.01953125
2 0.7107843137254902 0.412109375 0.02287581699346405 0.01953125
2 0.7062908496732027 0.41845703125 0.02696078431372549 0.0205078125
2 0.6850490196078431 0.4091796875 0.012254901960784314 0.009765625
2 0.690359477124183 0.41455078125 0.016339869281045753 0.0146484375
2 0.673202614379085 0.4130859375 0.0196078431372549 0.015625
2 0.6564542483660131 0.4111328125 0.018790849673202614 0.013671875
2 0.6674836601307189 0.4033203125 0.0196078431372549 0.009765625
2 0.6474673202614379 0.40869140625 0.015522875816993464 0.0146484375
2 0.6274509803921569 0.40771484375 0.014705882352941176 0.0126953125
2 0.6172385620915033 0.40625 0.008986928104575163 0.009765625
2 0.6062091503267973 0.40576171875 0.014705882352941176 0.0087890625
2 0.6041666666666666 0.400390625 0.012254901960784314 0.0078125
2 0.6196895424836601 0.3984375 0.01715686274509804 0.013671875
2 0.5910947712418301 0.40234375 0.013888888888888888 0.013671875
2 0.5625 0.39892578125 0.012254901960784314 0.0107421875
2 0.5502450980392157 0.3974609375 0.012254901960784314 0.009765625
2 0.5175653594771242 0.39453125 0.008986928104575163 0.0078125
2 0.5404411764705882 0.3994140625 0.010620915032679739 0.0078125
