9 0.8737745098039216 0.39453125 0.035130718954248366 0.04296875
9 0.8741830065359477 0.42333984375 0.027777777777777776 0.0146484375
9 0.8733660130718954 0.4365234375 0.027777777777777776 0.01171875
0 0.696078431372549 0.5556640625 0.0196078431372549 0.04296875
3 0.4963235294117647 0.5703125 0.03349673202614379 0.06640625
3 0.42320261437908496 0.55859375 0.014705882352941176 0.025390625
2 0.5841503267973857 0.56005859375 0.06535947712418301 0.0595703125
2 0.44076797385620914 0.51806640625 0.013888888888888888 0.0126953125
2 0.46119281045751637 0.51708984375 0.010620915032679739 0.0107421875
2 0.46486928104575165 0.5263671875 0.013071895424836602 0.013671875
2 0.4714052287581699 0.5322265625 0.016339869281045753 0.017578125
2 0.4522058823529412 0.529296875 0.015522875816993464 0.015625
2 0.3300653594771242 0.5498046875 0.058823529411764705 0.044921875
0 0.49550653594771243 0.54736328125 0.028594771241830064 0.0517578125
0 0.42483660130718953 0.5390625 0.016339869281045753 0.033203125
