9 0.67529296875 0.4654947916666667 0.0107421875 0.020833333333333332
9 0.703369140625 0.4485677083333333 0.01220703125 0.02734375
0 0.1298828125 0.5188802083333334 0.021484375 0.10677083333333333
0 0.171875 0.5192057291666666 0.0166015625 0.12044270833333333
0 0.285400390625 0.5091145833333334 0.01318359375 0.06640625
1 0.770263671875 0.5641276041666666 0.03857421875 0.10611979166666667
1 0.88525390625 0.5787760416666666 0.05078125 0.08203125
1 0.818359375 0.5660807291666666 0.056640625 0.087890625
2 0.4462890625 0.5120442708333334 0.0400390625 0.054036458333333336
2 0.475830078125 0.5188802083333334 0.02294921875 0.03125
2 0.483154296875 0.5130208333333334 0.02392578125 0.032552083333333336
2 0.6435546875 0.5208333333333334 0.03515625 0.037760416666666664
8 0.8115234375 0.609375 0.0361328125 0.0859375
