9 0.9772222222222222 0.364375 0.016666666666666666 0.05
9 0.8330555555555555 0.3453125 0.049444444444444444 0.015625
9 0.8330555555555555 0.3271875 0.015 0.019375
9 0.3488888888888889 0.435 0.006666666666666667 0.01
0 0.6591666666666667 0.465625 0.012777777777777779 0.05375
6 0.48138888888888887 0.4390625 0.045 0.066875
2 0.9280555555555555 0.5321875 0.1438888888888889 0.201875
2 0.37555555555555553 0.468125 0.05555555555555555 0.0475
2 0.5241666666666667 0.458125 0.012777777777777779 0.02125
2 0.5394444444444444 0.46125 0.017777777777777778 0.02875
2 0.5477777777777778 0.4628125 0.016666666666666666 0.030625
2 0.54 0.4571875 0.03 0.029375
2 0.5719444444444445 0.4640625 0.04833333333333333 0.043125
2 0.45472222222222225 0.4571875 0.012777777777777779 0.015625
2 0.4216666666666667 0.4590625 0.013333333333333334 0.013125
2 0.4313888888888889 0.4584375 0.011666666666666667 0.011875
2 0.43972222222222224 0.4584375 0.010555555555555556 0.011875
8 0.013055555555555556 0.518125 0.02277777777777778 0.05375
