9 0.226806640625 0.4430338541666667 0.01904296875 0.026692708333333332
9 0.2275390625 0.47265625 0.013671875 0.026041666666666668
0 0.497314453125 0.5286458333333334 0.00732421875 0.020833333333333332
1 0.518798828125 0.5390625 0.01025390625 0.029947916666666668
2 0.739990234375 0.5810546875 0.12060546875 0.123046875
2 0.451416015625 0.54296875 0.02978515625 0.029947916666666668
2 0.426513671875 0.5423177083333334 0.02685546875 0.04296875
2 0.411865234375 0.5445963541666666 0.02783203125 0.046223958333333336
2 0.4013671875 0.5498046875 0.029296875 0.048828125
2 0.37841796875 0.5546875 0.041015625 0.05859375
2 0.326904296875 0.5524088541666666 0.06689453125 0.09440104166666667
2 0.277587890625 0.5654296875 0.08056640625 0.09440104166666667
2 0.208984375 0.5755208333333334 0.10546875 0.10546875
2 0.1103515625 0.6025390625 0.15625 0.150390625
0 0.51904296875 0.529296875 0.01171875 0.0390625
7 0.60400390625 0.5348307291666666 0.0107421875 0.018880208333333332
