9 0.38515625 0.41748046875 0.0078125 0.0087890625
9 0.384765625 0.4228515625 0.00546875 0.001953125
9 0.48828125 0.41650390625 0.00625 0.0029296875
9 0.48828125 0.41015625 0.0078125 0.009765625
0 0.40078125 0.4443359375 0.00625 0.021484375
0 0.48046875 0.466796875 0.009375 0.0390625
1 0.3890625 0.46044921875 0.0078125 0.0146484375
1 0.4921875 0.49267578125 0.0171875 0.0478515625
2 0.022265625 0.65283203125 0.04453125 0.1552734375
2 0.06328125 0.5908203125 0.1265625 0.205078125
2 0.14453125 0.57275390625 0.0828125 0.1298828125
2 0.17734375 0.4912109375 0.1109375 0.0546875
2 0.262890625 0.505859375 0.07265625 0.072265625
2 0.31015625 0.4853515625 0.0453125 0.046875
2 0.323828125 0.4794921875 0.03359375 0.04296875
2 0.337109375 0.4755859375 0.01796875 0.037109375
2 0.341796875 0.47216796875 0.02109375 0.0361328125
2 0.350390625 0.4619140625 0.03359375 0.0390625
2 0.36171875 0.4560546875 0.0265625 0.037109375
2 0.37734375 0.45556640625 0.0125 0.0283203125
2 0.384765625 0.45068359375 0.01640625 0.0244140625
2 0.3984375 0.44677734375 0.0125 0.0166015625
2 0.4078125 0.44384765625 0.009375 0.0146484375
2 0.4125 0.44140625 0.0078125 0.013671875
2 0.416015625 0.43994140625 0.00546875 0.0107421875
2 0.463671875 0.44140625 0.01484375 0.015625
2 0.452734375 0.45361328125 0.02734375 0.0263671875
2 0.476171875 0.45556640625 0.01796875 0.0283203125
2 0.501953125 0.4609375 0.03515625 0.04296875
2 0.565625 0.458984375 0.0390625 0.037109375
2 0.629296875 0.47900390625 0.08046875 0.0576171875
2 0.654296875 0.494140625 0.05703125 0.0703125
2 0.707421875 0.49267578125 0.03984375 0.0849609375
2 0.780859375 0.4912109375 0.15859375 0.10546875
2 0.84765625 0.51171875 0.2171875 0.103515625
2 0.953515625 0.45947265625 0.09296875 0.0576171875
2 0.925 0.55810546875 0.15 0.1455078125
0 0.3890625 0.45263671875 0.0078125 0.0244140625
0 0.4921875 0.478515625 0.01875 0.05859375
8 0.179296875 0.529296875 0.01484375 0.037109375
