0 0.14208984375 0.5055338541666666 0.037109375 0.126953125
0 0.4755859375 0.5315755208333334 0.0078125 0.039713541666666664
0 0.418701171875 0.5260416666666666 0.00927734375 0.040364583333333336
2 0.103271484375 0.6409505208333334 0.14404296875 0.3118489583333333
2 0.187744140625 0.5374348958333334 0.05419921875 0.09440104166666667
2 0.242431640625 0.5299479166666666 0.06884765625 0.0703125
2 0.281982421875 0.5289713541666666 0.03271484375 0.06315104166666667
2 0.320068359375 0.5234375 0.04638671875 0.052083333333333336
2 0.341552734375 0.5224609375 0.02001953125 0.051432291666666664
2 0.3623046875 0.5244140625 0.0283203125 0.042317708333333336
2 0.3828125 0.5270182291666666 0.0166015625 0.030598958333333332
2 0.891845703125 0.6233723958333334 0.15380859375 0.19466145833333334
2 0.44580078125 0.529296875 0.0244140625 0.026041666666666668
2 0.580322265625 0.5787760416666666 0.11474609375 0.13020833333333334
2 0.524658203125 0.544921875 0.05908203125 0.08854166666666667
2 0.511962890625 0.529296875 0.03955078125 0.06640625
2 0.491455078125 0.5315755208333334 0.01318359375 0.042317708333333336
