4 0.37254901960784315 0.47509765625 0.0196078431372549 0.0244140625
9 0.16952614379084968 0.49365234375 0.010620915032679739 0.0126953125
9 0.6470588235294118 0.44921875 0.029411764705882353 0.03515625
9 0.6495098039215687 0.47314453125 0.013071895424836602 0.0146484375
9 0.5396241830065359 0.35498046875 0.04820261437908497 0.0224609375
9 0.5412581699346405 0.375 0.04820261437908497 0.021484375
9 0.5424836601307189 0.39453125 0.049019607843137254 0.0234375
2 0.04738562091503268 0.544921875 0.09477124183006536 0.068359375
2 0.14787581699346405 0.51611328125 0.04411764705882353 0.0283203125
2 0.3137254901960784 0.54296875 0.12254901960784313 0.10546875
2 0.5318627450980392 0.494140625 0.04411764705882353 0.041015625
2 0.5089869281045751 0.47998046875 0.024509803921568627 0.0224609375
2 0.4991830065359477 0.4755859375 0.017973856209150325 0.017578125
2 0.5151143790849673 0.466796875 0.012254901960784314 0.0078125
2 0.5089869281045751 0.46533203125 0.00980392156862745 0.0068359375
2 0.5285947712418301 0.46435546875 0.00980392156862745 0.0087890625
2 0.48856209150326796 0.47216796875 0.013071895424836602 0.0166015625
2 0.4366830065359477 0.46826171875 0.007352941176470588 0.0048828125
2 0.44812091503267976 0.4697265625 0.008986928104575163 0.009765625
2 0.46405228758169936 0.46875 0.008169934640522876 0.0078125
2 0.4583333333333333 0.47705078125 0.016339869281045753 0.0166015625
2 0.39705882352941174 0.47509765625 0.011437908496732025 0.0107421875
2 0.38357843137254904 0.47802734375 0.015522875816993464 0.0126953125
2 0.34395424836601307 0.47998046875 0.013071895424836602 0.0166015625
2 0.3602941176470588 0.4775390625 0.004901960784313725 0.0078125
