2 0.91 0.555625 0.18 0.26
2 0.28833333333333333 0.4534375 0.04777777777777778 0.034375
2 0.3211111111111111 0.4746875 0.07666666666666666 0.054375
2 0.5286111111111111 0.45125 0.030555555555555555 0.02625
2 0.6280555555555556 0.454375 0.05388888888888889 0.03
2 0.7347222222222223 0.441875 0.04833333333333333 0.01125
2 0.7763888888888889 0.441875 0.02388888888888889 0.0075
2 0.19583333333333333 0.448125 0.03722222222222222 0.02
2 0.7102777777777778 0.4396875 0.029444444444444443 0.015625
2 0.6683333333333333 0.44875 0.01888888888888889 0.01875
