0 0.01015625 0.466796875 0.0203125 0.091796875
0 0.97265625 0.43310546875 0.053125 0.1337890625
0 0.919921875 0.4365234375 0.03828125 0.111328125
0 0.721484375 0.396484375 0.01953125 0.046875
0 0.684375 0.3935546875 0.0203125 0.046875
2 0.780859375 0.62744140625 0.43671875 0.2724609375
2 0.069921875 0.46826171875 0.10859375 0.1142578125
2 0.172265625 0.4775390625 0.10234375 0.1015625
2 0.816015625 0.43017578125 0.15234375 0.0771484375
2 0.715625 0.474609375 0.2625 0.1171875
2 0.919140625 0.42919921875 0.16171875 0.0869140625
2 0.14296875 0.43017578125 0.046875 0.0537109375
2 0.18359375 0.41943359375 0.028125 0.0166015625
2 0.21328125 0.431640625 0.0234375 0.029296875
2 0.221484375 0.42822265625 0.02109375 0.0302734375
2 0.23359375 0.42529296875 0.0140625 0.0224609375
2 0.240234375 0.423828125 0.01015625 0.0234375
2 0.286328125 0.41796875 0.01484375 0.01953125
2 0.418359375 0.458984375 0.08671875 0.078125
2 0.383984375 0.4501953125 0.02421875 0.05859375
2 0.392578125 0.4404296875 0.05859375 0.068359375
2 0.36171875 0.4453125 0.0171875 0.044921875
2 0.359765625 0.4345703125 0.02890625 0.044921875
2 0.343359375 0.431640625 0.01953125 0.041015625
2 0.333984375 0.4296875 0.01171875 0.041015625
2 0.328125 0.427734375 0.0109375 0.029296875
2 0.32109375 0.42626953125 0.0078125 0.0263671875
2 0.316015625 0.42333984375 0.01015625 0.0263671875
2 0.30859375 0.4208984375 0.00625 0.021484375
2 0.2578125 0.41845703125 0.0109375 0.0107421875
2 0.303125 0.41748046875 0.00625 0.0166015625
