1 0.7883333333333333 0.5653125 0.19111111111111112 0.141875
2 0.06916666666666667 0.5096875 0.13833333333333334 0.105625
2 0.2411111111111111 0.5021875 0.14777777777777779 0.114375
2 0.3458333333333333 0.48125 0.07833333333333334 0.065
2 0.39111111111111113 0.4775 0.028888888888888888 0.04625
2 0.5758333333333333 0.4803125 0.07277777777777777 0.068125
2 0.5363888888888889 0.48 0.02277777777777778 0.04375
2 0.5266666666666666 0.478125 0.017777777777777778 0.03625
2 0.5177777777777778 0.4771875 0.014444444444444444 0.031875
2 0.4938888888888889 0.4775 0.01 0.0075
2 0.44972222222222225 0.478125 0.007222222222222222 0.005
2 0.4663888888888889 0.4771875 0.007222222222222222 0.005625
2 0.4716666666666667 0.4775 0.005555555555555556 0.005
0 0.7872222222222223 0.5084375 0.10333333333333333 0.198125
