9 0.7011111111111111 0.3478125 0.03333333333333333 0.034375
9 0.5961111111111111 0.3909375 0.025555555555555557 0.008125
9 0.5805555555555556 0.4125 0.015555555555555555 0.01125
9 0.8688888888888889 0.384375 0.028888888888888888 0.03
2 0.10305555555555555 0.4771875 0.2061111111111111 0.130625
2 0.39805555555555555 0.45625 0.04055555555555555 0.03
2 0.5544444444444444 0.4478125 0.04 0.028125
2 0.6580555555555555 0.4646875 0.10277777777777777 0.089375
2 0.7752777777777777 0.4771875 0.25833333333333336 0.184375
2 0.9294444444444444 0.53875 0.1411111111111111 0.30125
