7 0.26348039215686275 0.4033203125 0.010620915032679739 0.025390625
7 0.20833333333333334 0.44482421875 0.004901960784313725 0.0185546875
7 0.10049019607843138 0.4375 0.006535947712418301 0.0078125
7 0.6862745098039216 0.43505859375 0.008169934640522876 0.0205078125
7 0.5841503267973857 0.47509765625 0.011437908496732025 0.0283203125
7 0.5910947712418301 0.3466796875 0.02042483660130719 0.060546875
7 0.6507352941176471 0.4423828125 0.005718954248366013 0.015625
9 0.4526143790849673 0.46142578125 0.013071895424836602 0.0146484375
9 0.3374183006535948 0.40673828125 0.006535947712418301 0.0087890625
9 0.33782679738562094 0.4208984375 0.007352941176470588 0.015625
9 0.33700980392156865 0.43408203125 0.007352941176470588 0.0107421875
9 0.3374183006535948 0.4453125 0.006535947712418301 0.0078125
9 0.28513071895424835 0.3935546875 0.006535947712418301 0.005859375
9 0.2855392156862745 0.40185546875 0.007352941176470588 0.0107421875
9 0.28513071895424835 0.4111328125 0.006535947712418301 0.0078125
9 0.2847222222222222 0.4228515625 0.005718954248366013 0.01171875
9 0.26552287581699346 0.43017578125 0.00980392156862745 0.0185546875
9 0.13398692810457516 0.4423828125 0.006535947712418301 0.017578125
9 0.16952614379084968 0.4140625 0.02042483660130719 0.015625
9 0.2659313725490196 0.4521484375 0.015522875816993464 0.009765625
9 0.6891339869281046 0.45458984375 0.005718954248366013 0.0146484375
9 0.7152777777777778 0.43505859375 0.028594771241830064 0.0146484375
9 0.7152777777777778 0.45166015625 0.028594771241830064 0.0126953125
9 0.5882352941176471 0.44921875 0.008169934640522876 0.01171875
9 0.5645424836601307 0.3671875 0.021241830065359478 0.017578125
9 0.5645424836601307 0.38134765625 0.021241830065359478 0.0146484375
9 0.5641339869281046 0.40625 0.022058823529411766 0.03515625
9 0.5629084967320261 0.4296875 0.02287581699346405 0.015625
9 0.568218954248366 0.3544921875 0.010620915032679739 0.009765625
0 0.06699346405228758 0.47314453125 0.013071895424836602 0.0517578125
6 0.40441176470588236 0.466796875 0.0784313725490196 0.08203125
3 0.1053921568627451 0.48828125 0.06862745098039216 0.052734375
2 0.4117647058823529 0.6474609375 0.2696078431372549 0.275390625
2 0.45098039215686275 0.50244140625 0.09640522875816994 0.0302734375
2 0.4918300653594771 0.49169921875 0.06045751633986928 0.0302734375
2 0.35580065359477125 0.486328125 0.03676470588235294 0.02734375
2 0.2867647058823529 0.47607421875 0.05065359477124183 0.0322265625
2 0.608251633986928 0.49951171875 0.10702614379084967 0.0419921875
2 0.5772058823529411 0.48876953125 0.07598039215686274 0.0380859375
2 0.6609477124183006 0.49560546875 0.05228758169934641 0.0322265625
2 0.7700163398692811 0.4892578125 0.041666666666666664 0.01171875
2 0.883578431372549 0.5078125 0.09395424836601307 0.037109375
2 0.005718954248366013 0.45458984375 0.011437908496732025 0.0146484375
0 0.10498366013071896 0.4775390625 0.025326797385620915 0.0546875
14 0.8602941176470589 0.48193359375 0.05718954248366013 0.0595703125
