7 0.01953125 0.46435546875 0.0125 0.0205078125
7 0.05390625 0.42236328125 0.015625 0.0439453125
7 0.26171875 0.4140625 0.021875 0.0546875
7 0.481640625 0.44482421875 0.01171875 0.0166015625
7 0.716015625 0.3984375 0.02265625 0.052734375
9 0.266796875 0.45947265625 0.01953125 0.0361328125
9 0.716015625 0.44189453125 0.01953125 0.0341796875
0 0.078515625 0.5380859375 0.03203125 0.087890625
0 0.912109375 0.5029296875 0.02421875 0.08203125
0 0.32421875 0.501953125 0.015625 0.0546875
0 0.3390625 0.50048828125 0.0125 0.0439453125
1 0.873046875 0.5615234375 0.03671875 0.076171875
2 0.623828125 0.47509765625 0.02578125 0.0244140625
0 0.873046875 0.5224609375 0.03671875 0.12109375
2 0.4859375 0.513671875 0.053125 0.044921875
