7 0.008333333333333333 0.385 0.01 0.03125
7 0.12055555555555555 0.289375 0.013333333333333334 0.0375
7 0.2086111111111111 0.278125 0.02388888888888889 0.04
7 0.1413888888888889 0.39875 0.009444444444444445 0.03125
7 0.33666666666666667 0.3496875 0.016666666666666666 0.028125
7 0.4469444444444444 0.36625 0.012777777777777779 0.0575
7 0.4675 0.406875 0.008333333333333333 0.0225
7 0.52 0.39875 0.0077777777777777776 0.02125
9 0.06722222222222222 0.3265625 0.057777777777777775 0.011875
9 0.1661111111111111 0.2746875 0.023333333333333334 0.033125
9 0.3561111111111111 0.349375 0.008888888888888889 0.01
9 0.42027777777777775 0.3790625 0.041666666666666664 0.008125
9 0.7180555555555556 0.3215625 0.02388888888888889 0.030625
9 0.6819444444444445 0.35625 0.018333333333333333 0.03375
0 0.6705555555555556 0.4925 0.042222222222222223 0.09625
0 0.6827777777777778 0.4921875 0.044444444444444446 0.108125
0 0.7027777777777777 0.5 0.06333333333333334 0.08
0 0.42388888888888887 0.4634375 0.0044444444444444444 0.016875
0 0.4297222222222222 0.463125 0.008333333333333333 0.0175
1 0.3933333333333333 0.47 0.01 0.02875
2 0.09555555555555556 0.4790625 0.19111111111111112 0.154375
2 0.2375 0.468125 0.10944444444444444 0.08625
2 0.31444444444444447 0.4675 0.051111111111111114 0.0475
2 0.3438888888888889 0.4653125 0.02 0.035625
2 0.5091666666666667 0.464375 0.08611111111111111 0.03125
0 0.39305555555555555 0.4625 0.010555555555555556 0.035
