7 0.08251633986928104 0.51171875 0.006535947712418301 0.02734375
9 0.19444444444444445 0.5341796875 0.027777777777777776 0.033203125
9 0.19444444444444445 0.50927734375 0.021241830065359478 0.0166015625
9 0.19444444444444445 0.484375 0.027777777777777776 0.033203125
9 0.19444444444444445 0.45068359375 0.027777777777777776 0.0341796875
9 0.19444444444444445 0.416015625 0.027777777777777776 0.03515625
9 0.516748366013072 0.5166015625 0.005718954248366013 0.00390625
9 0.5171568627450981 0.51025390625 0.008169934640522876 0.0087890625
2 0.48733660130718953 0.53466796875 0.008986928104575163 0.0126953125
2 0.4701797385620915 0.541015625 0.028594771241830064 0.029296875
2 0.36519607843137253 0.5400390625 0.013071895424836602 0.009765625
2 0.12377450980392157 0.54248046875 0.028594771241830064 0.0244140625
2 0.06535947712418301 0.544921875 0.03758169934640523 0.02734375
2 0.029411764705882353 0.55224609375 0.058823529411764705 0.0576171875
