7 0.666015625 0.4700520833333333 0.0068359375 0.016927083333333332
7 0.65625 0.4807942708333333 0.0048828125 0.012369791666666666
7 0.600341796875 0.4371744791666667 0.00634765625 0.013671875
7 0.539306640625 0.4781901041666667 0.00634765625 0.013671875
0 0.77880859375 0.5439453125 0.0224609375 0.061848958333333336
0 0.787353515625 0.5452473958333334 0.01318359375 0.060546875
0 0.7373046875 0.5354817708333334 0.0166015625 0.054036458333333336
0 0.424560546875 0.5305989583333334 0.00830078125 0.044270833333333336
0 0.41455078125 0.5325520833333334 0.0126953125 0.048177083333333336
0 0.400390625 0.5338541666666666 0.015625 0.053385416666666664
0 0.38818359375 0.5341796875 0.0078125 0.048828125
0 0.239013671875 0.5556640625 0.01904296875 0.08658854166666667
0 0.47216796875 0.5266927083333334 0.0087890625 0.02734375
1 0.127685546875 0.568359375 0.07470703125 0.0625
1 0.178955078125 0.568359375 0.03857421875 0.048177083333333336
1 0.235107421875 0.5576171875 0.04638671875 0.051432291666666664
2 0.881591796875 0.654296875 0.17529296875 0.2890625
2 0.705078125 0.5576171875 0.06640625 0.076171875
2 0.670166015625 0.5553385416666666 0.01708984375 0.05078125
