9 0.08333333333333333 0.3921875 0.03111111111111111 0.036875
9 0.5688888888888889 0.439375 0.0077777777777777776 0.00875
9 0.5691666666666667 0.43 0.006111111111111111 0.01
9 0.5827777777777777 0.4125 0.025555555555555557 0.0275
9 0.5833333333333334 0.438125 0.012222222222222223 0.0125
9 0.5830555555555555 0.4528125 0.012777777777777779 0.009375
9 0.33111111111111113 0.406875 0.0077777777777777776 0.015
9 0.33111111111111113 0.420625 0.006666666666666667 0.0125
2 0.013333333333333334 0.475 0.02666666666666667 0.07125
2 0.058888888888888886 0.4640625 0.07666666666666666 0.055625
2 0.21472222222222223 0.465625 0.105 0.045
2 0.26222222222222225 0.45875 0.051111111111111114 0.0375
2 0.3458333333333333 0.4671875 0.03388888888888889 0.033125
2 0.40166666666666667 0.463125 0.057777777777777775 0.04
2 0.46444444444444444 0.4571875 0.03111111111111111 0.025625
2 0.5330555555555555 0.4553125 0.012777777777777779 0.010625
2 0.55 0.4553125 0.013333333333333334 0.009375
2 0.6316666666666667 0.465625 0.09777777777777778 0.06125
2 0.6630555555555555 0.47 0.07833333333333334 0.07125
2 0.7316666666666667 0.4790625 0.15444444444444444 0.086875
2 0.8725 0.4846875 0.255 0.146875
6 0.2872222222222222 0.44875 0.04666666666666667 0.04375
6 0.3322222222222222 0.4503125 0.04555555555555556 0.043125
6 0.37333333333333335 0.4503125 0.043333333333333335 0.048125
4 0.4175 0.441875 0.04611111111111111 0.04125
14 0.4963888888888889 0.451875 0.06833333333333333 0.035
