9 0.7928921568627451 0.4853515625 0.008986928104575163 0.025390625
9 0.7050653594771242 0.462890625 0.014705882352941176 0.01953125
9 0.7050653594771242 0.47607421875 0.014705882352941176 0.0068359375
9 0.7050653594771242 0.4853515625 0.013071895424836602 0.009765625
9 0.6098856209150327 0.47509765625 0.010620915032679739 0.0126953125
9 0.6094771241830066 0.4873046875 0.008169934640522876 0.01171875
9 0.6801470588235294 0.4638671875 0.013888888888888888 0.021484375
9 0.681781045751634 0.482421875 0.010620915032679739 0.015625
9 0.6813725490196079 0.4970703125 0.011437908496732025 0.01171875
0 0.9718137254901961 0.5537109375 0.02369281045751634 0.068359375
0 0.9468954248366013 0.5751953125 0.026143790849673203 0.109375
0 0.8766339869281046 0.52197265625 0.011437908496732025 0.0322265625
0 0.8231209150326797 0.529296875 0.008986928104575163 0.03125
0 0.8366013071895425 0.52392578125 0.011437908496732025 0.0341796875
0 0.8427287581699346 0.521484375 0.008986928104575163 0.03125
0 0.6491013071895425 0.5166015625 0.008986928104575163 0.033203125
0 0.04779411764705882 0.53125 0.012254901960784314 0.0390625
0 0.06454248366013073 0.5302734375 0.014705882352941176 0.037109375
1 0.1875 0.5341796875 0.013888888888888888 0.01953125
1 0.2042483660130719 0.53173828125 0.013071895424836602 0.0185546875
3 0.9701797385620915 0.65673828125 0.059640522875817 0.1591796875
3 0.9620098039215687 0.6435546875 0.07598039215686274 0.15234375
3 0.9358660130718954 0.61669921875 0.12826797385620914 0.1552734375
3 0.10089869281045752 0.53662109375 0.02042483660130719 0.0302734375
2 0.2638888888888889 0.52294921875 0.03758169934640523 0.0341796875
2 0.26838235294117646 0.52783203125 0.04003267973856209 0.0341796875
2 0.2928921568627451 0.5234375 0.02369281045751634 0.025390625
2 0.3043300653594771 0.51904296875 0.018790849673202614 0.0205078125
2 0.32679738562091504 0.5185546875 0.02287581699346405 0.02734375
2 0.33619281045751637 0.50390625 0.018790849673202614 0.013671875
2 0.3402777777777778 0.525390625 0.035130718954248366 0.029296875
2 0.3668300653594771 0.515625 0.017973856209150325 0.015625
2 0.38480392156862747 0.5146484375 0.03594771241830065 0.013671875
2 0.4170751633986928 0.509765625 0.008986928104575163 0.009765625
2 0.40645424836601307 0.50732421875 0.007352941176470588 0.0068359375
2 0.4415849673202614 0.50830078125 0.013888888888888888 0.0087890625
2 0.45179738562091504 0.51806640625 0.05392156862745098 0.0146484375
2 0.48161764705882354 0.51220703125 0.018790849673202614 0.0205078125
2 0.5077614379084967 0.52783203125 0.03676470588235294 0.0341796875
2 0.5343137254901961 0.5205078125 0.024509803921568627 0.0234375
2 0.4056372549019608 0.6396484375 0.22630718954248366 0.2421875
0 0.0988562091503268 0.53076171875 0.014705882352941176 0.0380859375
0 0.18709150326797386 0.525390625 0.011437908496732025 0.02734375
0 0.20465686274509803 0.5224609375 0.010620915032679739 0.025390625
