7 0.19027777777777777 0.3878125 0.018333333333333333 0.045625
7 0.5786111111111111 0.38 0.018333333333333333 0.0425
7 0.3958333333333333 0.4115625 0.008333333333333333 0.015625
9 0.015 0.380625 0.023333333333333334 0.02875
9 0.1525 0.403125 0.017222222222222222 0.01875
0 0.008333333333333333 0.4646875 0.016666666666666666 0.055625
0 0.024444444444444446 0.4640625 0.02 0.055625
0 0.03361111111111111 0.459375 0.018333333333333333 0.0525
0 0.04861111111111111 0.4571875 0.013888888888888888 0.048125
0 0.059166666666666666 0.4709375 0.017222222222222222 0.079375
0 0.12527777777777777 0.4559375 0.013888888888888888 0.034375
0 0.15083333333333335 0.4690625 0.018333333333333333 0.054375
0 0.17555555555555555 0.4521875 0.01 0.029375
0 0.19416666666666665 0.4659375 0.020555555555555556 0.056875
0 0.23305555555555554 0.46 0.012777777777777779 0.0375
0 0.5872222222222222 0.450625 0.015555555555555555 0.06375
0 0.6855555555555556 0.4628125 0.024444444444444446 0.091875
0 0.7016666666666667 0.455 0.022222222222222223 0.10125
0 0.7883333333333333 0.415625 0.021111111111111112 0.04125
0 0.8308333333333333 0.4759375 0.04833333333333333 0.173125
0 0.8791666666666667 0.466875 0.05388888888888889 0.19
0 0.9736111111111111 0.4590625 0.05277777777777778 0.191875
0 0.9302777777777778 0.4296875 0.018333333333333333 0.025625
1 0.9575 0.5059375 0.07833333333333334 0.124375
2 0.34194444444444444 0.4646875 0.04611111111111111 0.043125
2 0.4691666666666667 0.46375 0.09388888888888888 0.0925
2 0.5252777777777777 0.460625 0.05388888888888889 0.0725
