9 0.3283333333333333 0.433125 0.012222222222222223 0.00625
0 0.35777777777777775 0.4725 0.005555555555555556 0.01625
0 0.36777777777777776 0.4765625 0.0044444444444444444 0.016875
1 0.9452777777777778 0.5678125 0.10944444444444444 0.186875
1 0.7944444444444444 0.5409375 0.058888888888888886 0.108125
1 0.7641666666666667 0.5209375 0.035 0.075625
1 0.8652777777777778 0.518125 0.06388888888888888 0.0475
1 0.9552777777777778 0.515 0.065 0.04625
2 0.06666666666666667 0.4884375 0.13333333333333333 0.199375
2 0.3888888888888889 0.4796875 0.015555555555555555 0.013125
2 0.4588888888888889 0.4759375 0.017777777777777778 0.013125
2 0.4091666666666667 0.4803125 0.006111111111111111 0.005625
0 0.9380555555555555 0.5096875 0.0961111111111111 0.258125
0 0.7955555555555556 0.508125 0.06111111111111111 0.1425
0 0.7638888888888888 0.491875 0.04 0.1
0 0.8713888888888889 0.491875 0.04722222222222222 0.0675
