7 0.8813888888888889 0.3309375 0.011666666666666667 0.043125
7 0.8605555555555555 0.33375 0.011111111111111112 0.03875
7 0.6025 0.40125 0.005 0.015
7 0.01638888888888889 0.2721875 0.02388888888888889 0.069375
9 0.9005555555555556 0.35125 0.03777777777777778 0.0125
9 0.5894444444444444 0.4309375 0.023333333333333334 0.028125
0 0.6352777777777778 0.42625 0.011666666666666667 0.0175
1 0.8533333333333334 0.4840625 0.043333333333333335 0.060625
6 0.5555555555555556 0.43875 0.022222222222222223 0.03
2 0.6616666666666666 0.45625 0.06444444444444444 0.04375
2 0.6266666666666667 0.4534375 0.02666666666666667 0.038125
2 0.6161111111111112 0.4525 0.01888888888888889 0.03375
2 0.6080555555555556 0.4484375 0.03277777777777778 0.035625
2 0.5711111111111111 0.4478125 0.025555555555555557 0.018125
2 0.49722222222222223 0.4490625 0.02666666666666667 0.010625
2 0.4230555555555556 0.4665625 0.11166666666666666 0.096875
0 0.8516666666666667 0.4553125 0.03 0.083125
8 0.8197222222222222 0.471875 0.015 0.04
