4 0.755718954248366 0.3232421875 0.3627450980392157 0.47265625
7 0.5604575163398693 0.37255859375 0.004901960784313725 0.0126953125
7 0.37745098039215685 0.3642578125 0.004901960784313725 0.013671875
7 0.41013071895424835 0.369140625 0.008169934640522876 0.017578125
7 0.4223856209150327 0.37255859375 0.006535947712418301 0.0146484375
9 0.3533496732026144 0.36181640625 0.018790849673202614 0.0126953125
9 0.508578431372549 0.38623046875 0.005718954248366013 0.0107421875
0 0.7144607843137255 0.3740234375 0.041666666666666664 0.056640625
0 0.3815359477124183 0.4189453125 0.00980392156862745 0.03515625
0 0.3790849673202614 0.4052734375 0.00980392156862745 0.033203125
0 0.3999183006535948 0.408203125 0.008986928104575163 0.03125
0 0.414624183006536 0.41259765625 0.010620915032679739 0.0283203125
0 0.34272875816993464 0.40380859375 0.013888888888888888 0.0380859375
1 0.26266339869281047 0.45703125 0.03839869281045752 0.068359375
1 0.28022875816993464 0.45458984375 0.029411764705882353 0.0751953125
1 0.2965686274509804 0.42578125 0.027777777777777776 0.041015625
2 0.8888888888888888 0.5771484375 0.2222222222222222 0.455078125
2 0.5008169934640523 0.40625 0.021241830065359478 0.017578125
2 0.4534313725490196 0.39990234375 0.011437908496732025 0.0126953125
2 0.4881535947712418 0.40087890625 0.012254901960784314 0.0126953125
