9 0.0325 0.2753125 0.04388888888888889 0.020625
9 0.03166666666666667 0.3125 0.03777777777777778 0.04875
9 0.12611111111111112 0.365 0.012222222222222223 0.02625
9 0.5955555555555555 0.38625 0.008888888888888889 0.01625
0 0.635 0.431875 0.017777777777777778 0.0475
0 0.6766666666666666 0.43375 0.011111111111111112 0.035
2 0.22527777777777777 0.4434375 0.095 0.071875
2 0.5008333333333334 0.43125 0.01611111111111111 0.03125
2 0.5111111111111111 0.4340625 0.02666666666666667 0.048125
2 0.5241666666666667 0.4359375 0.025 0.054375
2 0.5497222222222222 0.4390625 0.058333333333333334 0.061875
2 0.5891666666666666 0.448125 0.09055555555555556 0.07
2 0.4102777777777778 0.4590625 0.18722222222222223 0.163125
4 0.2927777777777778 0.40875 0.08888888888888889 0.10625
