7 0.5281862745098039 0.35986328125 0.010620915032679739 0.0166015625
7 0.9129901960784313 0.4296875 0.004084967320261438 0.009765625
7 0.9183006535947712 0.43115234375 0.0032679738562091504 0.0068359375
7 0.8856209150326797 0.43017578125 0.006535947712418301 0.0146484375
9 0.5179738562091504 0.376953125 0.008169934640522876 0.009765625
9 0.516748366013072 0.384765625 0.008986928104575163 0.005859375
9 0.5951797385620915 0.38134765625 0.008986928104575163 0.0107421875
9 0.4579248366013072 0.21728515625 0.056372549019607844 0.0478515625
9 0.4534313725490196 0.25732421875 0.09640522875816994 0.0322265625
9 0.4918300653594771 0.22021484375 0.027777777777777776 0.0400390625
0 0.6090686274509803 0.44091796875 0.041666666666666664 0.0986328125
0 0.6944444444444444 0.619140625 0.24183006535947713 0.548828125
3 0.7618464052287581 0.6962890625 0.4305555555555556 0.4375
2 0.5388071895424836 0.41015625 0.04656862745098039 0.037109375
2 0.5755718954248366 0.4169921875 0.04330065359477124 0.0390625
2 0.6311274509803921 0.423828125 0.06454248366013073 0.056640625
