7 0.06833333333333333 0.3696875 0.015555555555555555 0.048125
7 0.6055555555555555 0.3478125 0.016666666666666666 0.048125
7 0.6002777777777778 0.3946875 0.01611111111111111 0.020625
7 0.8158333333333333 0.3303125 0.026111111111111113 0.050625
7 0.825 0.3821875 0.015555555555555555 0.020625
7 0.4363888888888889 0.444375 0.006111111111111111 0.00875
9 0.5511111111111111 0.40125 0.014444444444444444 0.02
9 0.5522222222222222 0.424375 0.0077777777777777776 0.0125
9 0.5377777777777778 0.4134375 0.005555555555555556 0.008125
9 0.5377777777777778 0.424375 0.0077777777777777776 0.0125
9 0.82 0.3628125 0.021111111111111112 0.010625
9 0.8652777777777778 0.36875 0.03166666666666667 0.01125
9 0.4388888888888889 0.4340625 0.012222222222222223 0.006875
0 0.05583333333333333 0.5325 0.08388888888888889 0.2825
0 0.05388888888888889 0.605 0.10777777777777778 0.37875
2 0.24833333333333332 0.494375 0.47333333333333333 0.22125
2 0.5275 0.4653125 0.03722222222222222 0.034375
2 0.8352777777777778 0.4715625 0.30944444444444447 0.121875
8 0.5908333333333333 0.473125 0.012777777777777779 0.035
