7 0.08833333333333333 0.324375 0.006666666666666667 0.02375
7 0.13333333333333333 0.3371875 0.0044444444444444444 0.021875
7 0.31972222222222224 0.4128125 0.007222222222222222 0.026875
7 0.5652777777777778 0.3615625 0.007222222222222222 0.026875
7 0.6172222222222222 0.39375 0.0077777777777777776 0.035
7 0.9397222222222222 0.36875 0.010555555555555556 0.0325
7 0.9041666666666667 0.349375 0.020555555555555556 0.0525
7 0.7977777777777778 0.4034375 0.006666666666666667 0.020625
7 0.8311111111111111 0.3015625 0.008888888888888889 0.025625
7 0.8686111111111111 0.295625 0.009444444444444445 0.02875
7 0.9041666666666667 0.4015625 0.009444444444444445 0.018125
7 0.9194444444444444 0.4003125 0.012222222222222223 0.023125
7 0.8022222222222222 0.424375 0.0044444444444444444 0.01
7 0.6180555555555556 0.4246875 0.006111111111111111 0.008125
7 0.5472222222222223 0.43625 0.0033333333333333335 0.01
7 0.3188888888888889 0.435 0.005555555555555556 0.01375
7 0.1713888888888889 0.40875 0.007222222222222222 0.02
7 0.11944444444444445 0.4153125 0.0077777777777777776 0.013125
7 0.95 0.411875 0.0077777777777777776 0.02125
9 0.8502777777777778 0.29625 0.006111111111111111 0.015
9 0.9483333333333334 0.3121875 0.008888888888888889 0.015625
9 0.9688888888888889 0.370625 0.023333333333333334 0.0075
0 0.175 0.4653125 0.034444444444444444 0.069375
0 0.16972222222222222 0.4684375 0.018333333333333333 0.060625
0 0.21777777777777776 0.450625 0.02 0.03625
0 0.9783333333333334 0.4525 0.013333333333333334 0.0325
0 0.9486111111111111 0.46625 0.021666666666666667 0.06125
0 0.9255555555555556 0.4646875 0.015555555555555555 0.058125
0 0.9369444444444445 0.46375 0.011666666666666667 0.05875
0 0.8861111111111111 0.4675 0.023333333333333334 0.06125
0 0.9938888888888889 0.4540625 0.012222222222222223 0.026875
0 0.9655555555555555 0.454375 0.011111111111111112 0.03125
0 0.7961111111111111 0.45875 0.01 0.0325
0 0.7863888888888889 0.4540625 0.009444444444444445 0.033125
0 0.6138888888888889 0.45625 0.015555555555555555 0.035
0 0.5897222222222223 0.4584375 0.006111111111111111 0.016875
0 0.28833333333333333 0.450625 0.0077777777777777776 0.0125
1 0.006666666666666667 0.4959375 0.013333333333333334 0.028125
1 0.8227777777777778 0.4696875 0.03111111111111111 0.023125
2 0.715 0.499375 0.15444444444444444 0.135
2 0.034444444444444444 0.468125 0.06888888888888889 0.04625
2 0.8905555555555555 0.4634375 0.056666666666666664 0.031875
2 0.5666666666666667 0.4590625 0.03666666666666667 0.015625
2 0.5236111111111111 0.4553125 0.012777777777777779 0.013125
2 0.5316666666666666 0.453125 0.006666666666666667 0.00875
0 0.8258333333333333 0.456875 0.012777777777777779 0.04125
8 0.9188888888888889 0.4840625 0.014444444444444444 0.040625
