0 0.4436111111111111 0.4565625 0.002777777777777778 0.013125
0 0.41833333333333333 0.460625 0.006666666666666667 0.02625
2 0.8416666666666667 0.54 0.31666666666666665 0.24625
2 0.5383333333333333 0.4675 0.043333333333333335 0.04125
2 0.5266666666666666 0.4615625 0.042222222222222223 0.044375
2 0.5063888888888889 0.4596875 0.015 0.028125
2 0.49805555555555553 0.4571875 0.009444444444444445 0.016875
2 0.49333333333333335 0.4528125 0.012222222222222223 0.014375
2 0.48527777777777775 0.44875 0.005 0.0075
2 0.07611111111111112 0.55625 0.15222222222222223 0.28375
2 0.165 0.47375 0.1 0.06875
2 0.22694444444444445 0.5090625 0.18833333333333332 0.124375
2 0.30833333333333335 0.46125 0.04888888888888889 0.04125
2 0.3441666666666667 0.483125 0.085 0.0725
2 0.37777777777777777 0.4621875 0.07333333333333333 0.074375
2 0.4266666666666667 0.4590625 0.013333333333333334 0.018125
2 0.455 0.4575 0.014444444444444444 0.01375
2 0.4438888888888889 0.4525 0.013333333333333334 0.01125
2 0.4513888888888889 0.4471875 0.005 0.005625
2 0.4577777777777778 0.4459375 0.005555555555555556 0.006875
2 0.4633333333333333 0.4459375 0.0044444444444444444 0.005625
2 0.4683333333333333 0.445625 0.0044444444444444444 0.00625
8 0.6077777777777778 0.4671875 0.01 0.023125
