9 0.2786111111111111 0.410625 0.020555555555555556 0.0375
2 0.8788888888888889 0.5103125 0.24222222222222223 0.221875
2 0.6208333333333333 0.4428125 0.0661111111111111 0.061875
2 0.57 0.4409375 0.03 0.029375
2 0.5588888888888889 0.435625 0.03111111111111111 0.0275
2 0.5316666666666666 0.4353125 0.022222222222222223 0.021875
2 0.5263888888888889 0.4234375 0.013888888888888888 0.014375
2 0.5294444444444445 0.4146875 0.012222222222222223 0.011875
2 0.5252777777777777 0.4109375 0.010555555555555556 0.010625
2 0.5286111111111111 0.40625 0.009444444444444445 0.00625
2 0.5252777777777777 0.4028125 0.006111111111111111 0.005625
2 0.525 0.39875 0.005555555555555556 0.00375
2 0.5077777777777778 0.3921875 0.005555555555555556 0.004375
2 0.5030555555555556 0.415625 0.012777777777777779 0.01125
2 0.5205555555555555 0.393125 0.0044444444444444444 0.005
2 0.5252777777777777 0.39625 0.006111111111111111 0.0025
2 0.48388888888888887 0.43625 0.02 0.0175
