7 0.12194444444444444 0.363125 0.015 0.06375
7 0.12333333333333334 0.4165625 0.013333333333333334 0.019375
7 0.07416666666666667 0.36625 0.015 0.03875
7 0.06777777777777778 0.413125 0.006666666666666667 0.01375
7 0.7269444444444444 0.4140625 0.013888888888888888 0.015625
7 0.7247222222222223 0.370625 0.013888888888888888 0.0375
7 0.4811111111111111 0.2665625 0.03333333333333333 0.049375
7 0.8338888888888889 0.3540625 0.012222222222222223 0.038125
7 0.8375 0.4025 0.015 0.0175
7 0.9627777777777777 0.3315625 0.04 0.044375
7 0.9469444444444445 0.1815625 0.055 0.184375
9 0.6344444444444445 0.324375 0.07888888888888888 0.02
9 0.5169444444444444 0.266875 0.020555555555555556 0.02625
9 0.5991666666666666 0.4171875 0.017222222222222222 0.013125
0 0.7222222222222222 0.47375 0.017777777777777778 0.06
0 0.6908333333333333 0.48125 0.018333333333333333 0.035
1 0.6341666666666667 0.4759375 0.012777777777777779 0.024375
2 0.02722222222222222 0.4871875 0.05444444444444444 0.060625
2 0.2311111111111111 0.476875 0.058888888888888886 0.06
2 0.2902777777777778 0.47625 0.09833333333333333 0.08125
2 0.3825 0.4746875 0.03944444444444444 0.033125
2 0.4102777777777778 0.4728125 0.02277777777777778 0.025625
2 0.42833333333333334 0.4753125 0.017777777777777778 0.019375
2 0.5011111111111111 0.473125 0.03666666666666667 0.02875
0 0.6336111111111111 0.46375 0.011666666666666667 0.03875
