7 0.461328125 0.34716796875 0.00859375 0.0244140625
7 0.4953125 0.28759765625 0.0234375 0.0341796875
7 0.194140625 0.40478515625 0.00859375 0.0107421875
7 0.079296875 0.4072265625 0.01015625 0.01171875
7 0.12578125 0.412109375 0.0046875 0.005859375
7 0.07734375 0.423828125 0.00625 0.0078125
9 0.4875 0.46337890625 0.0171875 0.0341796875
9 0.491015625 0.39404296875 0.07578125 0.0341796875
9 0.533984375 0.34765625 0.07109375 0.02734375
9 0.352734375 0.3779296875 0.01484375 0.01171875
2 0.1640625 0.43896484375 0.01875 0.0205078125
8 0.99375 0.58203125 0.0125 0.09765625
