7 0.1437908496732026 0.28759765625 0.017973856209150325 0.0439453125
7 0.2013888888888889 0.28369140625 0.02369281045751634 0.0634765625
7 0.3104575163398693 0.302734375 0.013071895424836602 0.037109375
7 0.47875816993464054 0.384765625 0.0032679738562091504 0.009765625
7 0.4852941176470588 0.3876953125 0.0032679738562091504 0.009765625
7 0.4832516339869281 0.38671875 0.0024509803921568627 0.009765625
7 0.5081699346405228 0.38427734375 0.0032679738562091504 0.0126953125
7 0.5400326797385621 0.3857421875 0.0032679738562091504 0.01171875
7 0.5453431372549019 0.3857421875 0.004084967320261438 0.01171875
7 0.6127450980392157 0.396484375 0.0032679738562091504 0.005859375
7 0.6646241830065359 0.26806640625 0.02042483660130719 0.0673828125
7 0.6433823529411765 0.30029296875 0.018790849673202614 0.0771484375
7 0.9571078431372549 0.330078125 0.01715686274509804 0.0703125
7 0.9616013071895425 0.34619140625 0.016339869281045753 0.0361328125
7 0.9011437908496732 0.09814453125 0.0457516339869281 0.1962890625
7 0.16380718954248366 0.30078125 0.02042483660130719 0.0234375
9 0.12418300653594772 0.32373046875 0.03431372549019608 0.0244140625
9 0.20833333333333334 0.3388671875 0.021241830065359478 0.029296875
9 0.18586601307189543 0.37744140625 0.008986928104575163 0.0263671875
9 0.6633986928104575 0.3125 0.0196078431372549 0.0234375
9 0.6621732026143791 0.44677734375 0.018790849673202614 0.0224609375
9 0.9076797385620915 0.43115234375 0.011437908496732025 0.0205078125
9 0.4742647058823529 0.4267578125 0.010620915032679739 0.009765625
0 0.4366830065359477 0.40478515625 0.008986928104575163 0.0283203125
0 0.4456699346405229 0.4072265625 0.007352941176470588 0.029296875
0 0.9767156862745098 0.46337890625 0.031862745098039214 0.1064453125
1 0.2361111111111111 0.53955078125 0.23202614379084968 0.1923828125
2 0.08823529411764706 0.38916015625 0.0718954248366013 0.0439453125
2 0.20261437908496732 0.39501953125 0.024509803921568627 0.0322265625
2 0.2152777777777778 0.39794921875 0.03349673202614379 0.0302734375
2 0.48161764705882354 0.40625 0.02369281045751634 0.01171875
2 0.556781045751634 0.41015625 0.012254901960784314 0.013671875
2 0.5678104575163399 0.40625 0.016339869281045753 0.01171875
2 0.7888071895424836 0.458984375 0.10702614379084967 0.07421875
2 0.9926470588235294 0.45751953125 0.014705882352941176 0.0537109375
0 0.24468954248366012 0.45458984375 0.1380718954248366 0.2802734375
