4 0.5845588235294118 0.46875 0.16748366013071894 0.18359375
7 0.16462418300653595 0.431640625 0.005718954248366013 0.025390625
7 0.2945261437908497 0.3916015625 0.013888888888888888 0.0390625
7 0.30187908496732024 0.47998046875 0.005718954248366013 0.0185546875
9 0.18055555555555555 0.4658203125 0.011437908496732025 0.015625
9 0.29820261437908496 0.44775390625 0.0196078431372549 0.0146484375
9 0.29697712418300654 0.42626953125 0.02369281045751634 0.0283203125
9 0.431781045751634 0.44384765625 0.010620915032679739 0.0126953125
9 0.4244281045751634 0.4384765625 0.005718954248366013 0.0078125
9 0.4244281045751634 0.4453125 0.004084967320261438 0.001953125
0 0.05514705882352941 0.52734375 0.01715686274509804 0.056640625
0 0.09803921568627451 0.51025390625 0.013071895424836602 0.0458984375
0 0.08946078431372549 0.51220703125 0.007352941176470588 0.0302734375
0 0.12990196078431374 0.5 0.011437908496732025 0.029296875
0 0.10825163398692811 0.50146484375 0.007352941176470588 0.0302734375
0 0.18627450980392157 0.49462890625 0.008169934640522876 0.0185546875
0 0.22875816993464052 0.490234375 0.006535947712418301 0.013671875
0 0.2479575163398693 0.48828125 0.007352941176470588 0.017578125
0 0.2741013071895425 0.50244140625 0.013888888888888888 0.0439453125
0 0.32598039215686275 0.482421875 0.006535947712418301 0.01171875
0 0.3729575163398693 0.486328125 0.007352941176470588 0.02734375
0 0.3562091503267974 0.48291015625 0.008169934640522876 0.0107421875
0 0.38929738562091504 0.48779296875 0.008986928104575163 0.0322265625
0 0.4027777777777778 0.486328125 0.00980392156862745 0.033203125
0 0.4097222222222222 0.48583984375 0.008986928104575163 0.0302734375
0 0.4444444444444444 0.4697265625 0.011437908496732025 0.013671875
0 0.4709967320261438 0.47705078125 0.01715686274509804 0.0419921875
0 0.6768790849673203 0.44970703125 0.01715686274509804 0.0283203125
0 0.7250816993464052 0.455078125 0.013888888888888888 0.029296875
0 0.6928104575163399 0.4658203125 0.016339869281045753 0.03515625
0 0.8986928104575164 0.45849609375 0.021241830065359478 0.0576171875
0 0.858251633986928 0.46142578125 0.028594771241830064 0.0673828125
0 0.9252450980392157 0.4296875 0.010620915032679739 0.029296875
0 0.9497549019607843 0.45458984375 0.03676470588235294 0.0986328125
0 0.9836601307189542 0.4326171875 0.027777777777777776 0.044921875
0 0.5894607843137255 0.48974609375 0.012254901960784314 0.0263671875
0 0.6004901960784313 0.48779296875 0.013071895424836602 0.0283203125
0 0.9660947712418301 0.18505859375 0.06781045751633986 0.0693359375
0 0.7250816993464052 0.20849609375 0.02042483660130719 0.0517578125
0 0.42606209150326796 0.470703125 0.012254901960784314 0.015625
1 0.7683823529411765 0.740234375 0.14133986928104575 0.33203125
1 0.7169117647058824 0.51171875 0.03676470588235294 0.0703125
1 0.7030228758169934 0.53125 0.028594771241830064 0.04296875
1 0.8288398692810458 0.49853515625 0.049836601307189546 0.0361328125
1 0.7401960784313726 0.5615234375 0.00980392156862745 0.03125
1 0.24428104575163398 0.5166015625 0.016339869281045753 0.025390625
6 0.7234477124183006 0.4345703125 0.07924836601307189 0.05859375
3 0.9252450980392157 0.529296875 0.14950980392156862 0.1640625
3 0.6985294117647058 0.50244140625 0.07026143790849673 0.0791015625
3 0.8349673202614379 0.54736328125 0.04738562091503268 0.0634765625
3 0.9068627450980392 0.4501953125 0.04738562091503268 0.0390625
3 0.11968954248366014 0.52685546875 0.03839869281045752 0.0400390625
3 0.48366013071895425 0.47509765625 0.00980392156862745 0.0166015625
2 0.8374183006535948 0.4521484375 0.07352941176470588 0.0390625
2 0.2042483660130719 0.52392578125 0.07516339869281045 0.0634765625
2 0.32802287581699346 0.5341796875 0.12990196078431374 0.09375
2 0.4415849673202614 0.50830078125 0.07107843137254902 0.0654296875
0 0.766748366013072 0.62841796875 0.13970588235294118 0.4091796875
