9 0.608203125 0.4306640625 0.01796875 0.021484375
9 0.6078125 0.447265625 0.0171875 0.009765625
0 0.08828125 0.5078125 0.0171875 0.09375
0 0.33125 0.47900390625 0.009375 0.0380859375
0 0.322265625 0.47900390625 0.00859375 0.0361328125
2 0.801171875 0.59375 0.17578125 0.154296875
2 0.494140625 0.53466796875 0.10546875 0.1201171875
2 0.62890625 0.525390625 0.0765625 0.07421875
2 0.5953125 0.51123046875 0.0578125 0.0615234375
2 0.184375 0.50732421875 0.15 0.0595703125
3 0.025 0.521484375 0.05 0.0625
