9 0.23444444444444446 0.433125 0.024444444444444446 0.0275
0 0.5166666666666667 0.4759375 0.0077777777777777776 0.023125
0 0.5069444444444444 0.4765625 0.008333333333333333 0.025625
0 0.49194444444444446 0.4771875 0.007222222222222222 0.020625
0 0.5402777777777777 0.465625 0.01611111111111111 0.035
0 0.5555555555555556 0.48 0.016666666666666666 0.06625
0 0.5825 0.4821875 0.017222222222222222 0.076875
0 0.5941666666666666 0.4846875 0.020555555555555556 0.083125
0 0.6116666666666667 0.4834375 0.04111111111111111 0.153125
0 0.6430555555555556 0.48875 0.051666666666666666 0.16625
0 0.6761111111111111 0.486875 0.02666666666666667 0.14375
0 0.6994444444444444 0.48625 0.022222222222222223 0.09625
0 0.7241666666666666 0.4890625 0.04722222222222222 0.146875
0 0.7525 0.4896875 0.021666666666666667 0.121875
0 0.8194444444444444 0.493125 0.06444444444444444 0.11875
2 0.44305555555555554 0.4765625 0.019444444444444445 0.021875
2 0.4419444444444444 0.48 0.015 0.0225
2 0.43222222222222223 0.4821875 0.028888888888888888 0.024375
2 0.4716666666666667 0.4834375 0.027777777777777776 0.024375
8 0.3663888888888889 0.4759375 0.008333333333333333 0.018125
14 0.9844444444444445 0.49375 0.008888888888888889 0.00875
12 0.5394444444444444 0.4959375 0.02 0.025625
