7 0.521484375 0.453125 0.00546875 0.01171875
7 0.574609375 0.4453125 0.00546875 0.009765625
7 0.621875 0.42724609375 0.00625 0.0107421875
7 0.651953125 0.44580078125 0.00703125 0.0087890625
9 0.8265625 0.43017578125 0.01875 0.0283203125
9 0.8 0.4091796875 0.025 0.033203125
9 0.80078125 0.4375 0.0171875 0.01171875
9 0.32265625 0.4248046875 0.0265625 0.037109375
9 0.323828125 0.4521484375 0.01796875 0.013671875
2 0.044921875 0.6015625 0.08984375 0.125
2 0.653515625 0.4755859375 0.00859375 0.013671875
2 0.665234375 0.4765625 0.01953125 0.017578125
