7 0.6323529411764706 0.34716796875 0.013071895424836602 0.0419921875
7 0.0821078431372549 0.27880859375 0.022058823529411766 0.0615234375
7 0.21650326797385622 0.32861328125 0.017973856209150325 0.0498046875
9 0.5224673202614379 0.38330078125 0.007352941176470588 0.0087890625
9 0.5224673202614379 0.39208984375 0.007352941176470588 0.0087890625
9 0.6548202614379085 0.44580078125 0.010620915032679739 0.0126953125
9 0.25612745098039214 0.4443359375 0.01715686274509804 0.048828125
9 0.24673202614379086 0.46337890625 0.04411764705882353 0.0478515625
9 0.09558823529411764 0.326171875 0.026143790849673203 0.0234375
9 0.09558823529411764 0.34716796875 0.027777777777777776 0.0205078125
9 0.07434640522875817 0.43798828125 0.016339869281045753 0.0576171875
9 0.20016339869281047 0.470703125 0.05555555555555555 0.068359375
9 0.5004084967320261 0.42236328125 0.004084967320261438 0.0087890625
9 0.5232843137254902 0.42578125 0.004084967320261438 0.01171875
0 0.3570261437908497 0.427734375 0.021241830065359478 0.0625
0 0.39950980392156865 0.43115234375 0.017973856209150325 0.0615234375
0 0.011029411764705883 0.41064453125 0.022058823529411766 0.0634765625
2 0.5870098039215687 0.43115234375 0.015522875816993464 0.0244140625
2 0.5976307189542484 0.43310546875 0.018790849673202614 0.0244140625
2 0.6143790849673203 0.44140625 0.027777777777777776 0.04296875
2 0.6568627450980392 0.43994140625 0.0784313725490196 0.0654296875
2 0.4542483660130719 0.43212890625 0.04084967320261438 0.0380859375
2 0.45955882352941174 0.42578125 0.03349673202614379 0.04296875
2 0.4673202614379085 0.42041015625 0.032679738562091505 0.0478515625
2 0.49468954248366015 0.41552734375 0.018790849673202614 0.0146484375
2 0.5200163398692811 0.419921875 0.01715686274509804 0.015625
