7 0.2947222222222222 0.429375 0.007222222222222222 0.0175
7 0.2936111111111111 0.44875 0.006111111111111111 0.00625
7 0.32805555555555554 0.433125 0.005 0.01375
7 0.3269444444444444 0.4484375 0.0038888888888888888 0.005625
7 0.41888888888888887 0.4428125 0.0022222222222222222 0.005625
7 0.49472222222222223 0.3965625 0.005 0.013125
7 0.5469444444444445 0.4271875 0.005 0.013125
7 0.5477777777777778 0.4409375 0.0044444444444444444 0.005625
9 0.7294444444444445 0.3815625 0.013333333333333334 0.021875
0 0.9038888888888889 0.4721875 0.02666666666666667 0.091875
0 0.8675 0.4590625 0.025 0.061875
2 0.14055555555555554 0.4915625 0.07555555555555556 0.050625
2 0.19361111111111112 0.4875 0.04722222222222222 0.03875
2 0.265 0.475625 0.05 0.03875
2 0.29777777777777775 0.4765625 0.025555555555555557 0.024375
2 0.3663888888888889 0.4665625 0.018333333333333333 0.015625
2 0.4113888888888889 0.4575 0.011666666666666667 0.01
2 0.48333333333333334 0.479375 0.1111111111111111 0.11625
2 0.5638888888888889 0.4684375 0.03666666666666667 0.031875
2 0.7888888888888889 0.5025 0.17888888888888888 0.11875
