7 0.5263888888888889 0.4175 0.008333333333333333 0.01125
7 0.39666666666666667 0.425 0.008888888888888889 0.01
7 0.49583333333333335 0.4034375 0.006111111111111111 0.006875
9 0.3325 0.3578125 0.035 0.020625
9 0.33194444444444443 0.2984375 0.06166666666666667 0.070625
9 0.6327777777777778 0.37375 0.014444444444444444 0.02125
9 0.8433333333333334 0.2928125 0.035555555555555556 0.020625
9 0.8372222222222222 0.2346875 0.05333333333333334 0.064375
9 0.8763888888888889 0.3125 0.05277777777777778 0.01875
9 0.8319444444444445 0.335 0.011666666666666667 0.0175
9 0.3358333333333333 0.4253125 0.02277777777777778 0.065625
2 0.27555555555555555 0.4578125 0.06555555555555556 0.038125
2 0.5675 0.4446875 0.03277777777777778 0.026875
