7 0.7022058823529411 0.50537109375 0.004084967320261438 0.0126953125
7 0.28799019607843135 0.49609375 0.007352941176470588 0.0234375
9 0.2847222222222222 0.57275390625 0.03349673202614379 0.0322265625
9 0.9113562091503268 0.38037109375 0.035130718954248366 0.0380859375
9 0.9109477124183006 0.416015625 0.03594771241830065 0.033203125
9 0.9113562091503268 0.4453125 0.02369281045751634 0.02734375
9 0.2589869281045752 0.52734375 0.004901960784313725 0.009765625
9 0.27205882352941174 0.53173828125 0.004901960784313725 0.0087890625
0 0.09722222222222222 0.564453125 0.008169934640522876 0.02734375
0 0.10416666666666667 0.564453125 0.007352941176470588 0.02734375
0 0.11601307189542484 0.5595703125 0.00980392156862745 0.033203125
2 0.42116013071895425 0.57763671875 0.2508169934640523 0.3388671875
2 0.015522875816993464 0.59375 0.03104575163398693 0.109375
2 0.16952614379084968 0.56591796875 0.06454248366013073 0.0556640625
2 0.21772875816993464 0.55810546875 0.03839869281045752 0.0400390625
