7 0.8719444444444444 0.379375 0.025 0.02375
7 0.6338888888888888 0.395625 0.008888888888888889 0.02
7 0.6402777777777777 0.3440625 0.018333333333333333 0.048125
7 0.0019444444444444444 0.351875 0.0038888888888888888 0.02625
7 0.3313888888888889 0.4225 0.009444444444444445 0.01375
7 0.4122222222222222 0.3903125 0.008888888888888889 0.013125
7 0.46805555555555556 0.39875 0.008333333333333333 0.01375
7 0.5222222222222223 0.4196875 0.0077777777777777776 0.013125
9 0.9141666666666667 0.3659375 0.03277777777777778 0.011875
9 0.8933333333333333 0.3365625 0.025555555555555557 0.030625
9 0.6355555555555555 0.435 0.0077777777777777776 0.015
9 0.6430555555555556 0.37625 0.03388888888888889 0.01375
0 0.8177777777777778 0.4584375 0.035555555555555556 0.100625
0 0.7869444444444444 0.4640625 0.021666666666666667 0.089375
0 0.7463888888888889 0.4684375 0.02277777777777778 0.099375
0 0.6691666666666667 0.47375 0.018333333333333333 0.0775
0 0.6533333333333333 0.4725 0.023333333333333334 0.0875
0 0.19111111111111112 0.4640625 0.008888888888888889 0.040625
0 0.016944444444444446 0.478125 0.01611111111111111 0.07
0 0.09861111111111111 0.45 0.018333333333333333 0.02875
0 0.6947222222222222 0.45125 0.019444444444444445 0.0625
1 0.1272222222222222 0.48125 0.04666666666666667 0.03375
2 0.44722222222222224 0.4603125 0.028888888888888888 0.028125
2 0.3488888888888889 0.4678125 0.04888888888888889 0.041875
2 0.2822222222222222 0.4728125 0.07222222222222222 0.050625
