0 0.19281045751633988 0.43408203125 0.03104575163398693 0.1611328125
0 0.2295751633986928 0.416015625 0.014705882352941176 0.099609375
0 0.23366013071895425 0.40478515625 0.00980392156862745 0.0693359375
0 0.252859477124183 0.42138671875 0.03022875816993464 0.1005859375
0 0.2839052287581699 0.40380859375 0.018790849673202614 0.0673828125
0 0.3035130718954248 0.41064453125 0.02042483660130719 0.0654296875
0 0.3431372549019608 0.41162109375 0.02287581699346405 0.0673828125
0 0.36070261437908496 0.41064453125 0.012254901960784314 0.0498046875
0 0.42401960784313725 0.396484375 0.006535947712418301 0.01953125
0 0.43913398692810457 0.4033203125 0.007352941176470588 0.025390625
0 0.44893790849673204 0.4033203125 0.005718954248366013 0.021484375
0 0.4522058823529412 0.400390625 0.004084967320261438 0.017578125
0 0.9530228758169934 0.46630859375 0.02696078431372549 0.0849609375
0 0.931781045751634 0.4580078125 0.018790849673202614 0.060546875
0 0.9080882352941176 0.45361328125 0.013888888888888888 0.0654296875
0 0.9191176470588235 0.4560546875 0.011437908496732025 0.05859375
0 0.8725490196078431 0.45458984375 0.017973856209150325 0.0673828125
0 0.8337418300653595 0.44677734375 0.02369281045751634 0.0751953125
0 0.8120915032679739 0.4453125 0.0196078431372549 0.06640625
0 0.7941176470588235 0.4384765625 0.016339869281045753 0.05859375
0 0.7589869281045751 0.43798828125 0.017973856209150325 0.0751953125
0 0.6638071895424836 0.44189453125 0.02696078431372549 0.0869140625
0 0.5780228758169934 0.41650390625 0.013888888888888888 0.0517578125
0 0.7075163398692811 0.4296875 0.014705882352941176 0.046875
0 0.7258986928104575 0.4384765625 0.013888888888888888 0.0546875
0 0.7491830065359477 0.43212890625 0.00980392156862745 0.0419921875
0 0.6090686274509803 0.4140625 0.007352941176470588 0.025390625
1 0.5355392156862745 0.431640625 0.018790849673202614 0.04296875
1 0.7773692810457516 0.4716796875 0.028594771241830064 0.0625
2 0.7148692810457516 0.42822265625 0.05065359477124183 0.0439453125
2 0.5939542483660131 0.41259765625 0.017973856209150325 0.0244140625
0 0.4848856209150327 0.40380859375 0.010620915032679739 0.0166015625
0 0.5012254901960784 0.40673828125 0.008986928104575163 0.0126953125
0 0.5355392156862745 0.41943359375 0.02042483660130719 0.0556640625
0 0.7781862745098039 0.45458984375 0.02696078431372549 0.0830078125
14 0.49264705882352944 0.4169921875 0.058823529411764705 0.072265625
