7 0.8165849673202614 0.48193359375 0.008986928104575163 0.0263671875
7 0.3525326797385621 0.50244140625 0.005718954248366013 0.0185546875
9 0.7373366013071896 0.5146484375 0.013888888888888888 0.017578125
9 0.443218954248366 0.52001953125 0.007352941176470588 0.0087890625
0 0.9350490196078431 0.56005859375 0.018790849673202614 0.0576171875
0 0.9101307189542484 0.560546875 0.011437908496732025 0.0546875
0 0.9027777777777778 0.5595703125 0.014705882352941176 0.05078125
0 0.7181372549019608 0.54931640625 0.006535947712418301 0.0263671875
0 0.6825980392156863 0.54931640625 0.008986928104575163 0.0322265625
0 0.5355392156862745 0.552734375 0.005718954248366013 0.02734375
0 0.5281862745098039 0.55517578125 0.008986928104575163 0.0302734375
0 0.502859477124183 0.552734375 0.007352941176470588 0.025390625
0 0.494281045751634 0.55810546875 0.008169934640522876 0.0244140625
0 0.35947712418300654 0.5576171875 0.013071895424836602 0.05859375
0 0.28022875816993464 0.56103515625 0.017973856209150325 0.0712890625
0 0.22794117647058823 0.5673828125 0.024509803921568627 0.08984375
0 0.19934640522875818 0.576171875 0.021241830065359478 0.076171875
0 0.21486928104575165 0.54833984375 0.008169934640522876 0.0341796875
0 0.17116013071895425 0.5693359375 0.031862745098039214 0.0859375
0 0.16666666666666666 0.5810546875 0.017973856209150325 0.064453125
0 0.12826797385620914 0.572265625 0.03594771241830065 0.091796875
0 0.0559640522875817 0.572265625 0.03349673202614379 0.08984375
0 0.032679738562091505 0.5751953125 0.021241830065359478 0.08203125
0 0.010620915032679739 0.5771484375 0.021241830065359478 0.078125
0 0.4722222222222222 0.54443359375 0.006535947712418301 0.0185546875
0 0.48447712418300654 0.546875 0.006535947712418301 0.017578125
3 0.7401960784313726 0.5859375 0.03104575163398693 0.05859375
2 0.6127450980392157 0.6083984375 0.15196078431372548 0.138671875
2 0.8255718954248366 0.56640625 0.10702614379084967 0.08203125
2 0.41625816993464054 0.57861328125 0.0923202614379085 0.0869140625
2 0.1597222222222222 0.54150390625 0.03839869281045752 0.0166015625
2 0.3729575163398693 0.55810546875 0.01715686274509804 0.0244140625
0 0.7406045751633987 0.5693359375 0.028594771241830064 0.072265625
