7 0.82275390625 0.3802083333333333 0.0263671875 0.07421875
7 0.72900390625 0.4397786458333333 0.015625 0.048828125
7 0.611572265625 0.3395182291666667 0.02001953125 0.041015625
7 0.41162109375 0.4248046875 0.013671875 0.031901041666666664
7 0.202392578125 0.4202473958333333 0.01318359375 0.042317708333333336
7 0.167724609375 0.2991536458333333 0.01611328125 0.042317708333333336
7 0.052978515625 0.4541015625 0.02099609375 0.037109375
7 0.96435546875 0.3128255208333333 0.0087890625 0.042317708333333336
9 0.71484375 0.4788411458333333 0.013671875 0.024088541666666668
9 0.713623046875 0.49609375 0.00537109375 0.010416666666666666
9 0.785400390625 0.4710286458333333 0.01806640625 0.008463541666666666
0 0.160400390625 0.529296875 0.02099609375 0.09244791666666667
0 0.19189453125 0.5159505208333334 0.02734375 0.06315104166666667
0 0.3017578125 0.5286458333333334 0.0185546875 0.05859375
0 0.95263671875 0.5364583333333334 0.021484375 0.06901041666666667
0 0.914306640625 0.5367838541666666 0.01611328125 0.052734375
0 0.43212890625 0.5335286458333334 0.0126953125 0.048828125
1 0.232666015625 0.5608723958333334 0.04443359375 0.087890625
1 0.193359375 0.5647786458333334 0.03515625 0.08528645833333333
2 0.908935546875 0.6598307291666666 0.11962890625 0.18684895833333334
2 0.6513671875 0.5279947916666666 0.02734375 0.032552083333333336
2 0.653076171875 0.5341796875 0.02392578125 0.030598958333333332
2 0.677001953125 0.5403645833333334 0.04638671875 0.046875
2 0.591796875 0.5276692708333334 0.0361328125 0.043619791666666664
2 0.6328125 0.5279947916666666 0.017578125 0.020833333333333332
