7 0.3933333333333333 0.42375 0.005555555555555556 0.0175
7 0.43666666666666665 0.36125 0.0077777777777777776 0.0225
7 0.4508333333333333 0.3859375 0.005 0.015625
7 0.5191666666666667 0.4084375 0.007222222222222222 0.021875
7 0.5058333333333334 0.4228125 0.006111111111111111 0.019375
7 0.3022222222222222 0.4415625 0.0044444444444444444 0.005625
9 0.6277777777777778 0.3840625 0.013333333333333334 0.025625
0 0.7758333333333334 0.4425 0.017222222222222222 0.0275
0 0.7169444444444445 0.469375 0.030555555555555555 0.07875
0 0.08916666666666667 0.464375 0.017222222222222222 0.065
0 0.35944444444444446 0.4690625 0.017777777777777778 0.060625
1 0.09638888888888889 0.5234375 0.03722222222222222 0.061875
1 0.08305555555555555 0.515 0.045 0.0825
1 0.065 0.5175 0.035555555555555556 0.08125
1 0.04527777777777778 0.5203125 0.03722222222222222 0.081875
1 0.1775 0.495 0.018333333333333333 0.0475
1 0.21055555555555555 0.4921875 0.025555555555555557 0.059375
1 0.28888888888888886 0.4834375 0.021111111111111112 0.034375
1 0.6788888888888889 0.4925 0.034444444444444444 0.07125
1 0.6605555555555556 0.4865625 0.024444444444444446 0.083125
1 0.6380555555555556 0.4921875 0.03611111111111111 0.078125
1 0.6066666666666667 0.4840625 0.024444444444444446 0.043125
1 0.585 0.4828125 0.014444444444444444 0.039375
1 0.5736111111111111 0.4809375 0.013888888888888888 0.038125
1 0.5341666666666667 0.4703125 0.021666666666666667 0.031875
1 0.5594444444444444 0.466875 0.017777777777777778 0.0375
1 0.23194444444444445 0.48625 0.01611111111111111 0.045
1 0.3711111111111111 0.4915625 0.01888888888888889 0.045625
1 0.39666666666666667 0.4775 0.015555555555555555 0.03125
1 0.4797222222222222 0.463125 0.0038888888888888888 0.00625
1 0.25194444444444447 0.48625 0.019444444444444445 0.045
1 0.34444444444444444 0.47 0.012222222222222223 0.03
6 0.4502777777777778 0.453125 0.010555555555555556 0.01625
2 0.8091666666666667 0.4409375 0.04833333333333333 0.025625
2 0.9366666666666666 0.5425 0.12666666666666668 0.22875
2 0.43694444444444447 0.4628125 0.021666666666666667 0.018125
0 0.4797222222222222 0.456875 0.005 0.01
0 0.4752777777777778 0.4590625 0.002777777777777778 0.008125
0 0.4727777777777778 0.45875 0.0022222222222222222 0.0075
0 0.37305555555555553 0.4790625 0.020555555555555556 0.061875
0 0.39444444444444443 0.4653125 0.016666666666666666 0.048125
14 0.36083333333333334 0.501875 0.008333333333333333 0.005
