7 0.494140625 0.4755859375 0.00390625 0.00390625
7 0.493359375 0.48095703125 0.00390625 0.0029296875
7 0.4609375 0.46142578125 0.003125 0.0087890625
7 0.440625 0.46044921875 0.003125 0.0087890625
7 0.372265625 0.48291015625 0.00234375 0.0068359375
9 0.55234375 0.45751953125 0.00625 0.0107421875
9 0.5515625 0.44775390625 0.0109375 0.0107421875
9 0.514453125 0.48046875 0.00703125 0.0078125
9 0.500390625 0.4775390625 0.00546875 0.005859375
9 0.4765625 0.4677734375 0.0078125 0.00390625
9 0.44140625 0.490234375 0.003125 0.005859375
9 0.39296875 0.5 0.0046875 0.00390625
9 0.32578125 0.49072265625 0.015625 0.0185546875
9 0.303515625 0.50048828125 0.01796875 0.0224609375
1 0.3734375 0.50146484375 0.0078125 0.0205078125
2 0.451953125 0.47314453125 0.00546875 0.0048828125
2 0.4484375 0.49951171875 0.015625 0.0146484375
2 0.42421875 0.48876953125 0.009375 0.0068359375
2 0.366796875 0.50341796875 0.00859375 0.0126953125
2 0.35234375 0.50390625 0.01875 0.01953125
2 0.334375 0.505859375 0.0203125 0.01953125
2 0.31328125 0.505859375 0.01875 0.017578125
2 0.273828125 0.5107421875 0.03046875 0.025390625
0 0.3734375 0.49560546875 0.009375 0.0244140625
8 0.60390625 0.49853515625 0.0125 0.0341796875
