9 0.2152777777777778 0.419375 0.02722222222222222 0.03
0 0.5488888888888889 0.4671875 0.017777777777777778 0.065625
0 0.5661111111111111 0.469375 0.022222222222222223 0.075
0 0.5961111111111111 0.4734375 0.01888888888888889 0.088125
0 0.6111111111111112 0.4759375 0.027777777777777776 0.093125
0 0.6511111111111111 0.475 0.043333333333333335 0.1875
0 0.6897222222222222 0.4796875 0.058333333333333334 0.215625
0 0.7305555555555555 0.4546875 0.03666666666666667 0.124375
0 0.7616666666666667 0.475 0.021111111111111112 0.09875
0 0.7919444444444445 0.4790625 0.04722222222222222 0.185625
0 0.8408333333333333 0.4840625 0.041666666666666664 0.131875
2 0.4336111111111111 0.473125 0.030555555555555555 0.02625
2 0.4752777777777778 0.4728125 0.02722222222222222 0.024375
12 0.5488888888888889 0.48125 0.02 0.035
