9 0.7361111111111112 0.3725 0.03888888888888889 0.045
9 0.8352777777777778 0.41 0.01611111111111111 0.01875
9 0.5533333333333333 0.4434375 0.0077777777777777776 0.010625
9 0.575 0.42875 0.005555555555555556 0.00875
9 0.5752777777777778 0.4353125 0.005 0.004375
9 0.11444444444444445 0.4309375 0.024444444444444446 0.028125
9 0.3202777777777778 0.43875 0.012777777777777779 0.015
9 0.3202777777777778 0.4509375 0.006111111111111111 0.009375
9 0.395 0.4484375 0.012222222222222223 0.013125
9 0.6688888888888889 0.3878125 0.03111111111111111 0.006875
0 0.7308333333333333 0.4746875 0.017222222222222222 0.055625
0 0.6005555555555555 0.4621875 0.0077777777777777776 0.028125
0 0.14 0.478125 0.012222222222222223 0.03875
0 0.08722222222222223 0.48 0.014444444444444444 0.04
0 0.20083333333333334 0.476875 0.009444444444444445 0.03
1 0.5472222222222223 0.4703125 0.0077777777777777776 0.016875
2 0.5102777777777778 0.48 0.06277777777777778 0.0525
2 0.45055555555555554 0.4665625 0.014444444444444444 0.013125
2 0.7088888888888889 0.4721875 0.11 0.048125
2 0.4822222222222222 0.465 0.005555555555555556 0.00625
2 0.46416666666666667 0.46625 0.011666666666666667 0.0125
2 0.4741666666666667 0.466875 0.008333333333333333 0.01
0 0.5475 0.46125 0.008333333333333333 0.0225
13 0.7280555555555556 0.4909375 0.015 0.034375
