7 0.43722222222222223 0.4009375 0.0044444444444444444 0.011875
7 0.47833333333333333 0.4021875 0.0044444444444444444 0.011875
9 0.2525 0.4490625 0.005 0.008125
1 0.6633333333333333 0.4684375 0.0077777777777777776 0.021875
1 0.7486111111111111 0.4753125 0.012777777777777779 0.031875
2 0.18166666666666667 0.468125 0.02666666666666667 0.01625
2 0.20277777777777778 0.4653125 0.022222222222222223 0.011875
2 0.32472222222222225 0.469375 0.02277777777777778 0.0175
2 0.3433333333333333 0.466875 0.021111111111111112 0.01625
2 0.47638888888888886 0.454375 0.009444444444444445 0.00875
2 0.4925 0.455 0.008333333333333333 0.01
2 0.5002777777777778 0.45875 0.013888888888888888 0.01375
2 0.09944444444444445 0.46875 0.02666666666666667 0.01625
2 0.43277777777777776 0.4565625 0.01 0.010625
0 0.6630555555555555 0.45875 0.008333333333333333 0.02375
0 0.7477777777777778 0.465 0.014444444444444444 0.035
8 0.65 0.478125 0.012222222222222223 0.0325
