9 0.5883333333333334 0.4425 0.008888888888888889 0.01375
9 0.4711111111111111 0.4390625 0.021111111111111112 0.011875
9 0.40305555555555556 0.435 0.019444444444444445 0.02125
2 0.5519444444444445 0.4634375 0.026111111111111113 0.033125
2 0.5294444444444445 0.4640625 0.015555555555555555 0.015625
2 0.5116666666666667 0.45875 0.012222222222222223 0.015
2 0.49916666666666665 0.463125 0.015 0.015
2 0.46416666666666667 0.464375 0.01611111111111111 0.01375
2 0.16722222222222222 0.4665625 0.044444444444444446 0.018125
2 0.19916666666666666 0.465625 0.026111111111111113 0.01875
