9 0.6102941176470589 0.498046875 0.008169934640522876 0.009765625
9 0.610702614379085 0.48681640625 0.010620915032679739 0.0126953125
9 0.3672385620915033 0.4833984375 0.013888888888888888 0.013671875
9 0.3672385620915033 0.47021484375 0.010620915032679739 0.0107421875
9 0.3680555555555556 0.45654296875 0.013888888888888888 0.0146484375
0 0.9522058823529411 0.57080078125 0.02369281045751634 0.0830078125
0 0.9342320261437909 0.568359375 0.02369281045751634 0.0859375
0 0.9097222222222222 0.56884765625 0.022058823529411766 0.0791015625
0 0.8333333333333334 0.5556640625 0.0196078431372549 0.06640625
0 0.8071895424836601 0.556640625 0.014705882352941176 0.0546875
0 0.7900326797385621 0.5556640625 0.017973856209150325 0.060546875
0 0.7066993464052288 0.54150390625 0.011437908496732025 0.0419921875
0 0.6348039215686274 0.52587890625 0.00980392156862745 0.0283203125
0 0.4056372549019608 0.5166015625 0.012254901960784314 0.033203125
2 0.5310457516339869 0.53466796875 0.042483660130718956 0.0478515625
2 0.5069444444444444 0.521484375 0.025326797385620915 0.025390625
2 0.4636437908496732 0.51708984375 0.04656862745098039 0.0634765625
2 0.48856209150326796 0.51123046875 0.008169934640522876 0.0107421875
2 0.4244281045751634 0.59326171875 0.12826797385620914 0.1259765625
