7 0.7421875 0.3229166666666667 0.0234375 0.0703125
7 0.092529296875 0.328125 0.02099609375 0.07552083333333333
7 0.49609375 0.13606770833333334 0.017578125 0.05859375
7 0.7421875 0.4322916666666667 0.0224609375 0.03515625
7 0.08544921875 0.4381510416666667 0.017578125 0.033854166666666664
9 0.6826171875 0.443359375 0.021484375 0.03515625
9 0.900390625 0.3902994791666667 0.0537109375 0.020182291666666668
0 0.831787109375 0.5537109375 0.04345703125 0.14518229166666666
0 0.793212890625 0.5611979166666666 0.04443359375 0.15625
0 0.07421875 0.5358072916666666 0.0205078125 0.07421875
0 0.052490234375 0.5198567708333334 0.02197265625 0.026692708333333332
2 0.623779296875 0.5504557291666666 0.08251953125 0.08138020833333333
2 0.584228515625 0.5367838541666666 0.03564453125 0.057942708333333336
2 0.57275390625 0.5260416666666666 0.0283203125 0.046875
2 0.43408203125 0.5406901041666666 0.0859375 0.07486979166666667
2 0.50390625 0.5185546875 0.033203125 0.025390625
2 0.53515625 0.5227864583333334 0.029296875 0.022135416666666668
