9 0.38916015625 0.4602864583333333 0.0205078125 0.026041666666666668
9 0.806640625 0.3395182291666667 0.0546875 0.014973958333333334
9 0.80712890625 0.3909505208333333 0.0498046875 0.064453125
9 0.80859375 0.4309895833333333 0.021484375 0.014322916666666666
9 0.836669921875 0.5068359375 0.01025390625 0.031901041666666664
9 0.833984375 0.5380859375 0.0107421875 0.017578125
0 0.21533203125 0.5911458333333334 0.05078125 0.15755208333333334
0 0.179931640625 0.5927734375 0.03466796875 0.14908854166666666
0 0.607666015625 0.5804036458333334 0.03662109375 0.13736979166666666
0 0.66650390625 0.5973307291666666 0.0693359375 0.22330729166666666
2 0.095703125 0.5647786458333334 0.126953125 0.072265625
2 0.260009765625 0.5221354166666666 0.07666015625 0.049479166666666664
2 0.3447265625 0.5393880208333334 0.087890625 0.06575520833333333
2 0.517333984375 0.5445963541666666 0.05322265625 0.050130208333333336
2 0.5498046875 0.5481770833333334 0.0166015625 0.03125
2 0.561279296875 0.5445963541666666 0.02978515625 0.033203125
2 0.583740234375 0.5406901041666666 0.02099609375 0.030598958333333332
2 0.701416015625 0.5455729166666666 0.02783203125 0.045572916666666664
2 0.7490234375 0.5419921875 0.0693359375 0.064453125
2 0.760009765625 0.552734375 0.05517578125 0.059895833333333336
2 0.841064453125 0.6920572916666666 0.24072265625 0.26953125
2 0.9013671875 0.7919921875 0.13671875 0.416015625
11 0.599365234375 0.6481119791666666 0.02197265625 0.018880208333333332
11 0.665771484375 0.7145182291666666 0.02392578125 0.025390625
