7 0.3725 0.4446875 0.005 0.011875
7 0.3422222222222222 0.43125 0.0044444444444444444 0.01
7 0.3211111111111111 0.42625 0.0033333333333333335 0.01125
7 0.2925 0.426875 0.002777777777777778 0.01
9 0.7991666666666667 0.3178125 0.020555555555555556 0.035625
9 0.8019444444444445 0.365625 0.005 0.03
9 0.5983333333333334 0.3796875 0.01888888888888889 0.025625
9 0.5019444444444444 0.406875 0.020555555555555556 0.02375
9 0.5025 0.4278125 0.012777777777777779 0.006875
9 0.4930555555555556 0.439375 0.006111111111111111 0.0075
9 0.45 0.433125 0.012222222222222223 0.0175
9 0.1463888888888889 0.4196875 0.018333333333333333 0.023125
0 0.7691666666666667 0.4465625 0.015 0.035625
0 0.71 0.4584375 0.006666666666666667 0.043125
0 0.6183333333333333 0.4571875 0.01 0.034375
0 0.4938888888888889 0.4590625 0.006666666666666667 0.019375
1 0.7672222222222222 0.496875 0.07 0.06625
1 0.7488888888888889 0.490625 0.06888888888888889 0.06125
1 0.7483333333333333 0.456875 0.012222222222222223 0.01125
2 0.4525 0.4709375 0.03944444444444444 0.033125
2 0.42916666666666664 0.4646875 0.018333333333333333 0.020625
2 0.41305555555555556 0.47 0.012777777777777779 0.02
2 0.39194444444444443 0.4678125 0.035 0.040625
2 0.3547222222222222 0.4828125 0.08166666666666667 0.065625
2 0.305 0.4653125 0.011111111111111112 0.011875
2 0.27416666666666667 0.4725 0.029444444444444443 0.02375
2 0.24583333333333332 0.471875 0.012777777777777779 0.02375
2 0.21055555555555555 0.4771875 0.06666666666666667 0.058125
2 0.10333333333333333 0.534375 0.20666666666666667 0.2425
0 0.7488888888888889 0.44875 0.01 0.0225
