7 0.3786764705882353 0.484375 0.004084967320261438 0.01171875
7 0.9440359477124183 0.44091796875 0.015522875816993464 0.0361328125
7 0.5245098039215687 0.5 0.006535947712418301 0.015625
7 0.3790849673202614 0.52099609375 0.004901960784313725 0.0068359375
3 0.951797385620915 0.6279296875 0.09640522875816994 0.12109375
2 0.05923202614379085 0.56689453125 0.09395424836601307 0.0654296875
2 0.06209150326797386 0.529296875 0.04084967320261438 0.01953125
2 0.15645424836601307 0.5341796875 0.05473856209150327 0.025390625
2 0.3247549019607843 0.5361328125 0.035130718954248366 0.025390625
2 0.9742647058823529 0.5615234375 0.051470588235294115 0.046875
