4 0.47 0.4640625 0.04555555555555556 0.041875
9 0.5061111111111111 0.454375 0.0077777777777777776 0.00875
9 0.5913888888888889 0.44875 0.010555555555555556 0.0125
9 0.5911111111111111 0.46 0.0077777777777777776 0.01
9 0.6752777777777778 0.441875 0.005 0.01125
9 0.6758333333333333 0.4284375 0.008333333333333333 0.014375
2 0.050555555555555555 0.4759375 0.10111111111111111 0.086875
2 0.11583333333333333 0.4846875 0.03611111111111111 0.053125
2 0.14583333333333334 0.485 0.07277777777777777 0.05
2 0.2286111111111111 0.4803125 0.0961111111111111 0.034375
2 0.2708333333333333 0.478125 0.05277777777777778 0.03375
2 0.27555555555555555 0.4728125 0.05555555555555555 0.033125
2 0.32305555555555554 0.471875 0.02277777777777778 0.03125
2 0.30666666666666664 0.473125 0.025555555555555557 0.03375
2 0.33611111111111114 0.4590625 0.01 0.010625
2 0.3491666666666667 0.4628125 0.013888888888888888 0.011875
2 0.39166666666666666 0.48125 0.05444444444444444 0.04625
2 0.4175 0.471875 0.012777777777777779 0.025
2 0.43277777777777776 0.474375 0.01888888888888889 0.0175
2 0.47694444444444445 0.473125 0.03277777777777778 0.02875
2 0.5194444444444445 0.47625 0.021111111111111112 0.01625
2 0.5355555555555556 0.476875 0.02666666666666667 0.0175
2 0.5672222222222222 0.4784375 0.043333333333333335 0.020625
2 0.5697222222222222 0.469375 0.04055555555555555 0.015
2 0.6769444444444445 0.476875 0.0661111111111111 0.0475
2 0.7497222222222222 0.485 0.1272222222222222 0.06625
2 0.8369444444444445 0.498125 0.042777777777777776 0.07
2 0.9225 0.491875 0.1461111111111111 0.115
2 0.9719444444444445 0.5103125 0.05611111111111111 0.100625
