9 0.5525 0.4140625 0.005 0.008125
9 0.4191666666666667 0.3975 0.006111111111111111 0.01
1 0.4811111111111111 0.4103125 0.006666666666666667 0.009375
1 0.4716666666666667 0.421875 0.0077777777777777776 0.015
1 0.4647222222222222 0.4240625 0.007222222222222222 0.015625
1 0.4502777777777778 0.4271875 0.007222222222222222 0.013125
1 0.4444444444444444 0.43375 0.0077777777777777776 0.01625
2 0.4313888888888889 0.418125 0.025 0.03
2 0.5211111111111111 0.3946875 0.008888888888888889 0.008125
2 0.4802777777777778 0.3953125 0.010555555555555556 0.011875
2 0.5752777777777778 0.4090625 0.013888888888888888 0.011875
0 0.465 0.415 0.0077777777777777776 0.02
0 0.48083333333333333 0.405 0.006111111111111111 0.0125
0 0.44472222222222224 0.42125 0.008333333333333333 0.0225
0 0.45055555555555554 0.4203125 0.006666666666666667 0.018125
0 0.4716666666666667 0.4121875 0.0077777777777777776 0.020625
