4 0.5674019607843137 0.37890625 0.0661764705882353 0.146484375
7 0.4252450980392157 0.392578125 0.004084967320261438 0.00390625
0 0.3349673202614379 0.41455078125 0.006535947712418301 0.0283203125
0 0.3815359477124183 0.41015625 0.00980392156862745 0.029296875
0 0.35947712418300654 0.4091796875 0.008169934640522876 0.025390625
0 0.3680555555555556 0.40869140625 0.008986928104575163 0.0283203125
1 0.01184640522875817 0.44189453125 0.02369281045751634 0.0810546875
1 0.027777777777777776 0.439453125 0.05555555555555555 0.07421875
6 0.6850490196078431 0.4033203125 0.20179738562091504 0.216796875
6 0.5187908496732027 0.40380859375 0.04084967320261438 0.0771484375
2 0.9456699346405228 0.46875 0.10866013071895425 0.423828125
2 0.8002450980392157 0.49560546875 0.190359477124183 0.1474609375
2 0.5796568627450981 0.431640625 0.041666666666666664 0.083984375
2 0.4166666666666667 0.4169921875 0.021241830065359478 0.025390625
2 0.4285130718954248 0.4248046875 0.028594771241830064 0.0390625
2 0.47058823529411764 0.423828125 0.06209150326797386 0.07421875
