9 0.853515625 0.375 0.02734375 0.017578125
9 0.85234375 0.32275390625 0.0671875 0.0849609375
9 0.728515625 0.4462890625 0.00546875 0.0078125
9 0.728515625 0.4228515625 0.01015625 0.037109375
9 0.1015625 0.45458984375 0.009375 0.0068359375
9 0.100390625 0.435546875 0.02578125 0.03125
0 0.698828125 0.49462890625 0.02109375 0.0791015625
0 0.673828125 0.4931640625 0.02578125 0.083984375
0 0.6453125 0.49755859375 0.028125 0.0751953125
0 0.57578125 0.47265625 0.0109375 0.033203125
0 0.526171875 0.47265625 0.01015625 0.03125
0 0.08515625 0.53125 0.01875 0.064453125
0 0.111328125 0.52978515625 0.01953125 0.0654296875
1 0.985546875 0.5732421875 0.02890625 0.1171875
2 0.930078125 0.52490234375 0.13984375 0.0771484375
2 0.555078125 0.515625 0.14296875 0.0625
2 0.382421875 0.51513671875 0.05234375 0.0478515625
2 0.35703125 0.509765625 0.0203125 0.041015625
2 0.357421875 0.50341796875 0.04296875 0.0458984375
2 0.334375 0.5087890625 0.0140625 0.03125
2 0.32890625 0.50244140625 0.0265625 0.0322265625
2 0.3125 0.50146484375 0.021875 0.0283203125
2 0.303125 0.5009765625 0.0125 0.02734375
2 0.294921875 0.49853515625 0.01484375 0.0283203125
2 0.287109375 0.5 0.01015625 0.017578125
2 0.28203125 0.49951171875 0.009375 0.0185546875
2 0.2765625 0.49951171875 0.0109375 0.0185546875
2 0.269921875 0.494140625 0.01015625 0.015625
2 0.28515625 0.5615234375 0.1171875 0.087890625
2 0.2453125 0.51806640625 0.053125 0.0556640625
2 0.221875 0.50244140625 0.01875 0.0263671875
2 0.166015625 0.52001953125 0.05703125 0.0673828125
2 0.1796875 0.505859375 0.0390625 0.05078125
2 0.198046875 0.505859375 0.01171875 0.02734375
2 0.620703125 0.4833984375 0.07421875 0.041015625
2 0.736328125 0.4912109375 0.05546875 0.052734375
2 0.20078125 0.49951171875 0.0125 0.0205078125
