7 0.12861111111111112 0.36375 0.01611111111111111 0.045
7 0.15194444444444444 0.4046875 0.013888888888888888 0.019375
7 0.6283333333333333 0.343125 0.017777777777777778 0.04625
7 0.6230555555555556 0.39 0.011666666666666667 0.01875
9 0.5672222222222222 0.405625 0.005555555555555556 0.00875
9 0.5677777777777778 0.4165625 0.0077777777777777776 0.013125
9 0.5811111111111111 0.4165625 0.006666666666666667 0.011875
9 0.5797222222222222 0.394375 0.013888888888888888 0.0175
0 0.5841666666666666 0.4453125 0.012777777777777779 0.045625
0 0.7672222222222222 0.5075 0.08 0.255
0 0.8113888888888889 0.499375 0.09166666666666666 0.31375
0 0.8572222222222222 0.503125 0.16 0.3775
0 0.9213888888888889 0.4978125 0.12277777777777778 0.326875
0 0.3597222222222222 0.454375 0.008333333333333333 0.0275
0 0.3680555555555556 0.4540625 0.008333333333333333 0.026875
0 0.37583333333333335 0.4534375 0.007222222222222222 0.023125
2 0.2947222222222222 0.461875 0.058333333333333334 0.04125
2 0.4633333333333333 0.4465625 0.052222222222222225 0.046875
2 0.5547222222222222 0.455625 0.041666666666666664 0.03625
2 0.9744444444444444 0.4634375 0.051111111111111114 0.080625
8 0.6155555555555555 0.4584375 0.01 0.026875
