9 0.5421875 0.40625 0.0109375 0.015625
9 0.12265625 0.447265625 0.0078125 0.015625
2 0.31015625 0.43408203125 0.0171875 0.0166015625
2 0.332421875 0.43408203125 0.01484375 0.0107421875
2 0.36640625 0.42822265625 0.0140625 0.0166015625
2 0.46796875 0.4287109375 0.0203125 0.0234375
2 0.508984375 0.4345703125 0.02265625 0.01953125
2 0.529296875 0.43603515625 0.02421875 0.0224609375
2 0.55859375 0.43896484375 0.03125 0.0341796875
2 0.5875 0.4580078125 0.04375 0.048828125
2 0.64375 0.41259765625 0.0296875 0.0185546875
8 0.279296875 0.46142578125 0.00546875 0.0146484375
