4 0.934640522875817 0.54541015625 0.13071895424836602 0.4228515625
7 0.12091503267973856 0.427734375 0.016339869281045753 0.044921875
7 0.12214052287581699 0.5185546875 0.007352941176470588 0.01953125
7 0.7299836601307189 0.4853515625 0.012254901960784314 0.017578125
7 0.7234477124183006 0.4130859375 0.01715686274509804 0.0546875
7 0.7336601307189542 0.5166015625 0.006535947712418301 0.013671875
9 0.27736928104575165 0.42822265625 0.03349673202614379 0.0126953125
9 0.20588235294117646 0.4873046875 0.026143790849673203 0.0078125
9 0.20710784313725492 0.47900390625 0.02696078431372549 0.0087890625
9 0.2062908496732026 0.47021484375 0.02696078431372549 0.0087890625
9 0.12254901960784313 0.46337890625 0.014705882352941176 0.0205078125
9 0.5383986928104575 0.4541015625 0.014705882352941176 0.017578125
9 0.5388071895424836 0.4384765625 0.012254901960784314 0.013671875
9 0.7340686274509803 0.45654296875 0.028594771241830064 0.0341796875
9 0.2834967320261438 0.451171875 0.032679738562091505 0.03515625
0 0.8541666666666666 0.60009765625 0.06454248366013073 0.1650390625
0 0.7691993464052288 0.5146484375 0.012254901960784314 0.01953125
6 0.25857843137254904 0.552734375 0.15931372549019607 0.17578125
2 0.12867647058823528 0.5341796875 0.08415032679738563 0.04296875
2 0.5200163398692811 0.5283203125 0.07107843137254902 0.060546875
2 0.4742647058823529 0.54150390625 0.0988562091503268 0.0615234375
2 0.45098039215686275 0.5478515625 0.15196078431372548 0.048828125
2 0.8120915032679739 0.56884765625 0.1568627450980392 0.1728515625
2 0.6883169934640523 0.62353515625 0.23937908496732027 0.2021484375
2 0.41421568627450983 0.74755859375 0.3741830065359477 0.3642578125
