7 0.22027777777777777 0.4065625 0.013888888888888888 0.015625
7 0.2222222222222222 0.361875 0.011111111111111112 0.03625
7 0.6827777777777778 0.3959375 0.013333333333333334 0.013125
7 0.6816666666666666 0.350625 0.012222222222222223 0.03625
7 0.8052777777777778 0.335 0.015 0.0375
7 0.8163888888888889 0.38625 0.015 0.02125
7 0.9186111111111112 0.3321875 0.03611111111111111 0.036875
7 0.9055555555555556 0.2275 0.043333333333333335 0.1
9 0.22416666666666665 0.3909375 0.025 0.013125
9 0.6786111111111112 0.3796875 0.02722222222222222 0.010625
9 0.8488888888888889 0.3684375 0.04 0.009375
9 0.9244444444444444 0.29125 0.06555555555555556 0.0275
0 0.6616666666666666 0.445625 0.017777777777777778 0.0525
0 0.010555555555555556 0.471875 0.024444444444444446 0.06875
2 0.2111111111111111 0.47875 0.2222222222222222 0.07375
2 0.39444444444444443 0.46125 0.05444444444444444 0.0425
2 0.5113888888888889 0.4434375 0.015 0.013125
2 0.5305555555555556 0.4428125 0.008888888888888889 0.016875
2 0.5488888888888889 0.445 0.021111111111111112 0.02625
2 0.5697222222222222 0.4475 0.026111111111111113 0.04125
2 0.5991666666666666 0.4521875 0.051666666666666666 0.048125
2 0.7325 0.4996875 0.18388888888888888 0.160625
2 0.48138888888888887 0.4446875 0.009444444444444445 0.010625
8 0.018333333333333333 0.4921875 0.011111111111111112 0.033125
