9 0.6711601307189542 0.34130859375 0.05310457516339869 0.0380859375
9 0.5727124183006536 0.3447265625 0.1503267973856209 0.060546875
6 0.5992647058823529 0.4619140625 0.049836601307189546 0.072265625
6 0.0857843137254902 0.4951171875 0.1715686274509804 0.189453125
3 0.559640522875817 0.48095703125 0.006535947712418301 0.0126953125
2 0.8941993464052288 0.57177734375 0.21160130718954248 0.1884765625
2 0.7099673202614379 0.50732421875 0.09803921568627451 0.0869140625
2 0.6286764705882353 0.4765625 0.061274509803921566 0.078125
2 0.5772058823529411 0.47900390625 0.005718954248366013 0.0166015625
2 0.5718954248366013 0.4765625 0.011437908496732025 0.013671875
2 0.5506535947712419 0.47509765625 0.00980392156862745 0.0107421875
2 0.5408496732026143 0.47802734375 0.016339869281045753 0.0126953125
2 0.5310457516339869 0.49560546875 0.0392156862745098 0.0400390625
2 0.4783496732026144 0.47900390625 0.008986928104575163 0.0087890625
2 0.4881535947712418 0.47900390625 0.007352941176470588 0.0068359375
2 0.3762254901960784 0.49658203125 0.03839869281045752 0.0244140625
2 0.3602941176470588 0.49658203125 0.016339869281045753 0.0205078125
0 0.5592320261437909 0.474609375 0.007352941176470588 0.013671875
