9 0.62 0.4471875 0.022222222222222223 0.030625
9 0.6194444444444445 0.415 0.028888888888888888 0.0325
9 0.7327777777777778 0.5621875 0.042222222222222223 0.038125
9 0.7344444444444445 0.5165625 0.042222222222222223 0.040625
0 0.38972222222222225 0.46375 0.007222222222222222 0.025
0 0.38055555555555554 0.4640625 0.011111111111111112 0.043125
0 0.4038888888888889 0.4646875 0.0077777777777777776 0.028125
0 0.24138888888888888 0.523125 0.05722222222222222 0.2725
0 0.16305555555555556 0.5196875 0.10944444444444444 0.305625
2 0.4255555555555556 0.4746875 0.03111111111111111 0.034375
2 0.47833333333333333 0.499375 0.11444444444444445 0.1025
2 0.29555555555555557 0.4865625 0.16777777777777778 0.140625
8 0.5913888888888889 0.45875 0.019444444444444445 0.03875
