9 0.09803921568627451 0.4755859375 0.0392156862745098 0.048828125
9 0.09558823529411764 0.5078125 0.032679738562091505 0.015625
9 0.7581699346405228 0.49169921875 0.0392156862745098 0.0498046875
9 0.7565359477124183 0.52294921875 0.03104575163398693 0.0126953125
9 0.16258169934640523 0.41064453125 0.042483660130718956 0.0205078125
9 0.16094771241830066 0.42822265625 0.04411764705882353 0.0126953125
9 0.02042483660130719 0.40234375 0.04084967320261438 0.021484375
9 0.0196078431372549 0.4228515625 0.0392156862745098 0.01953125
9 0.009395424836601307 0.388671875 0.010620915032679739 0.005859375
9 0.0196078431372549 0.388671875 0.00980392156862745 0.005859375
9 0.014297385620915032 0.38134765625 0.010620915032679739 0.0068359375
9 0.3839869281045752 0.46533203125 0.03104575163398693 0.0107421875
3 0.26062091503267976 0.55517578125 0.05392156862745098 0.0732421875
2 0.060866013071895424 0.505859375 0.05310457516339869 0.041015625
2 0.1156045751633987 0.50732421875 0.04003267973856209 0.0322265625
2 0.2136437908496732 0.50341796875 0.03839869281045752 0.0185546875
2 0.27328431372549017 0.4990234375 0.01715686274509804 0.013671875
2 0.29330065359477125 0.49755859375 0.011437908496732025 0.0107421875
2 0.3423202614379085 0.5087890625 0.03431372549019608 0.02734375
2 0.3966503267973856 0.5087890625 0.028594771241830064 0.02734375
2 0.4505718954248366 0.5087890625 0.02369281045751634 0.01953125
2 0.42810457516339867 0.50244140625 0.017973856209150325 0.0166015625
2 0.31290849673202614 0.4951171875 0.017973856209150325 0.017578125
2 0.6053921568627451 0.51318359375 0.024509803921568627 0.0146484375
2 0.5518790849673203 0.50927734375 0.018790849673202614 0.0087890625
2 0.6899509803921569 0.51953125 0.04003267973856209 0.01953125
2 0.5232843137254902 0.50732421875 0.012254901960784314 0.0068359375
2 0.36642156862745096 0.49462890625 0.005718954248366013 0.0048828125
2 0.21895424836601307 0.490234375 0.013071895424836602 0.0078125
2 0.24142156862745098 0.49560546875 0.018790849673202614 0.0166015625
0 0.2638888888888889 0.53564453125 0.03594771241830065 0.0791015625
