4 0.467578125 0.48193359375 0.03046875 0.0126953125
9 0.02890625 0.45703125 0.0265625 0.013671875
9 0.028515625 0.42041015625 0.04453125 0.0576171875
0 0.309375 0.5009765625 0.009375 0.04296875
0 0.319140625 0.50048828125 0.00859375 0.0400390625
0 0.326953125 0.501953125 0.00859375 0.041015625
0 0.384765625 0.49169921875 0.00703125 0.0224609375
0 0.392578125 0.4921875 0.00703125 0.025390625
0 0.422265625 0.49658203125 0.01640625 0.0322265625
0 0.40234375 0.484375 0.0046875 0.015625
2 0.733984375 0.4951171875 0.05234375 0.02734375
2 0.45546875 0.48486328125 0.01875 0.0087890625
2 0.479296875 0.494140625 0.02734375 0.025390625
2 0.50390625 0.48291015625 0.0078125 0.0087890625
2 0.5046875 0.48583984375 0.00625 0.0107421875
2 0.512890625 0.48681640625 0.00859375 0.0146484375
2 0.5203125 0.4892578125 0.009375 0.017578125
2 0.52890625 0.49169921875 0.015625 0.0224609375
2 0.54375 0.4951171875 0.0296875 0.029296875
2 0.58046875 0.50390625 0.05 0.05078125
2 0.581640625 0.51171875 0.02109375 0.044921875
2 0.58828125 0.517578125 0.025 0.052734375
2 0.606640625 0.52197265625 0.04296875 0.0595703125
2 0.653515625 0.533203125 0.09296875 0.09765625
2 0.695703125 0.55615234375 0.09140625 0.0966796875
2 0.7515625 0.57958984375 0.14375 0.1220703125
