0 0.838134765625 0.5338541666666666 0.02392578125 0.029947916666666668
0 0.79443359375 0.5621744791666666 0.029296875 0.059244791666666664
2 0.074462890625 0.5084635416666666 0.08740234375 0.041666666666666664
2 0.11865234375 0.6591796875 0.1748046875 0.2688802083333333
2 0.148193359375 0.5110677083333334 0.05712890625 0.026041666666666668
2 0.23291015625 0.6236979166666666 0.1572265625 0.1796875
2 0.325439453125 0.5322265625 0.05126953125 0.044921875
2 0.34033203125 0.52734375 0.0615234375 0.052083333333333336
2 0.4072265625 0.5354817708333334 0.07421875 0.046223958333333336
2 0.427001953125 0.5283203125 0.05810546875 0.043619791666666664
2 0.485595703125 0.533203125 0.05712890625 0.032552083333333336
2 0.512939453125 0.5299479166666666 0.03173828125 0.029947916666666668
2 0.539794921875 0.5302734375 0.02490234375 0.024088541666666668
2 0.553955078125 0.5328776041666666 0.01611328125 0.025390625
2 0.58154296875 0.5299479166666666 0.0185546875 0.01953125
2 0.59912109375 0.5260416666666666 0.0126953125 0.014322916666666666
2 0.610107421875 0.5234375 0.00927734375 0.01171875
2 0.637939453125 0.5348307291666666 0.03076171875 0.029296875
2 0.66259765625 0.5338541666666666 0.013671875 0.028645833333333332
2 0.673095703125 0.5377604166666666 0.01806640625 0.037760416666666664
2 0.692626953125 0.5406901041666666 0.03662109375 0.042317708333333336
2 0.697265625 0.548828125 0.0400390625 0.045572916666666664
2 0.710205078125 0.5589192708333334 0.02880859375 0.052734375
2 0.728271484375 0.5625 0.03173828125 0.06380208333333333
2 0.781494140625 0.5706380208333334 0.10009765625 0.111328125
2 0.821533203125 0.6090494791666666 0.08251953125 0.126953125
2 0.891357421875 0.63671875 0.15576171875 0.1796875
2 0.936279296875 0.6800130208333334 0.06591796875 0.185546875
