4 0.5073529411764706 0.392578125 0.014705882352941176 0.015625
7 0.5224673202614379 0.39404296875 0.0024509803921568627 0.0068359375
9 0.7945261437908496 0.35302734375 0.02042483660130719 0.0263671875
9 0.12295751633986927 0.2353515625 0.028594771241830064 0.029296875
9 0.11805555555555555 0.30712890625 0.018790849673202614 0.0361328125
9 0.5526960784313726 0.41943359375 0.007352941176470588 0.0185546875
9 0.5477941176470589 0.41650390625 0.005718954248366013 0.0166015625
9 0.4444444444444444 0.359375 0.006535947712418301 0.015625
9 0.7230392156862745 0.423828125 0.00980392156862745 0.01171875
0 0.41911764705882354 0.40283203125 0.008169934640522876 0.0322265625
0 0.3165849673202614 0.408203125 0.02369281045751634 0.06640625
0 0.6813725490196079 0.42431640625 0.008169934640522876 0.0322265625
0 0.8247549019607843 0.44482421875 0.015522875816993464 0.0537109375
0 0.858251633986928 0.43798828125 0.008986928104575163 0.0244140625
0 0.8766339869281046 0.44140625 0.017973856209150325 0.0390625
0 0.7871732026143791 0.44384765625 0.013888888888888888 0.0458984375
1 0.8578431372549019 0.46728515625 0.042483660130718956 0.0478515625
1 0.9440359477124183 0.4853515625 0.028594771241830064 0.0546875
1 0.9575163398692811 0.4833984375 0.03594771241830065 0.060546875
2 0.5061274509803921 0.4130859375 0.025326797385620915 0.025390625
2 0.46895424836601307 0.4052734375 0.027777777777777776 0.013671875
2 0.5351307189542484 0.4072265625 0.00980392156862745 0.009765625
