9 0.678125 0.41845703125 0.0203125 0.0302734375
0 0.77734375 0.49267578125 0.0203125 0.0732421875
0 0.76015625 0.48095703125 0.0140625 0.0537109375
0 0.404296875 0.47802734375 0.00859375 0.0283203125
1 0.545703125 0.5029296875 0.00859375 0.02734375
1 0.55625 0.498046875 0.0078125 0.02734375
1 0.73828125 0.4912109375 0.046875 0.037109375
2 0.918359375 0.69189453125 0.16328125 0.2763671875
2 0.83125 0.6064453125 0.1796875 0.177734375
2 0.6109375 0.490234375 0.0609375 0.0703125
2 0.496484375 0.47998046875 0.03359375 0.0341796875
2 0.432421875 0.48876953125 0.03828125 0.0400390625
2 0.442578125 0.482421875 0.02734375 0.029296875
2 0.4640625 0.4736328125 0.03125 0.021484375
2 0.7125 0.474609375 0.053125 0.0390625
2 0.708203125 0.4697265625 0.07109375 0.0390625
2 0.554296875 0.4638671875 0.03046875 0.041015625
2 0.53515625 0.4677734375 0.0171875 0.0234375
0 0.5453125 0.4853515625 0.0125 0.04296875
0 0.55625 0.4814453125 0.0125 0.04296875
8 0.267578125 0.525390625 0.01484375 0.029296875
