4 0.7263071895424836 0.396484375 0.07352941176470588 0.0625
4 0.946078431372549 0.39794921875 0.058823529411764705 0.0458984375
9 0.7810457516339869 0.431640625 0.014705882352941176 0.037109375
0 0.17973856209150327 0.38232421875 0.024509803921568627 0.0712890625
0 0.3022875816993464 0.40283203125 0.02287581699346405 0.0810546875
0 0.5151143790849673 0.404296875 0.013888888888888888 0.0390625
0 0.5330882352941176 0.4033203125 0.015522875816993464 0.048828125
0 0.5449346405228758 0.4072265625 0.00980392156862745 0.044921875
0 0.5563725490196079 0.4072265625 0.011437908496732025 0.04296875
0 0.5772058823529411 0.4052734375 0.013888888888888888 0.048828125
1 0.3472222222222222 0.53515625 0.0915032679738562 0.19140625
2 0.4534313725490196 0.42626953125 0.15849673202614378 0.0810546875
2 0.6384803921568627 0.40576171875 0.11683006535947713 0.1025390625
2 0.7888071895424836 0.4208984375 0.06454248366013073 0.0703125
2 0.8231209150326797 0.41552734375 0.01715686274509804 0.0458984375
2 0.8696895424836601 0.41357421875 0.02696078431372549 0.0244140625
2 0.8991013071895425 0.4228515625 0.03676470588235294 0.033203125
2 0.9272875816993464 0.41455078125 0.027777777777777776 0.0263671875
2 0.9628267973856209 0.41943359375 0.03022875816993464 0.0439453125
2 0.9746732026143791 0.43505859375 0.03594771241830065 0.0439453125
2 0.9877450980392157 0.44189453125 0.024509803921568627 0.0478515625
0 0.3480392156862745 0.4736328125 0.08986928104575163 0.255859375
