7 0.65869140625 0.484375 0.0126953125 0.044270833333333336
7 0.590087890625 0.5341796875 0.00537109375 0.016276041666666668
7 0.37939453125 0.5325520833333334 0.0068359375 0.020833333333333332
7 0.140380859375 0.494140625 0.01025390625 0.04296875
7 0.53076171875 0.5045572916666666 0.00390625 0.010416666666666666
9 0.77978515625 0.4567057291666667 0.041015625 0.055338541666666664
9 0.65478515625 0.5595703125 0.0087890625 0.016276041666666668
0 0.72021484375 0.5738932291666666 0.01171875 0.064453125
0 0.944091796875 0.5970052083333334 0.02685546875 0.14713541666666666
0 0.919921875 0.5947265625 0.029296875 0.126953125
1 0.253662109375 0.6617838541666666 0.04541015625 0.10221354166666667
2 0.501708984375 0.6119791666666666 0.09619140625 0.1015625
2 0.56396484375 0.5725911458333334 0.021484375 0.024088541666666668
0 0.255126953125 0.6178385416666666 0.04833984375 0.13932291666666666
