2 0.9333333333333333 0.5284375 0.13333333333333333 0.268125
2 0.6461111111111111 0.4775 0.08222222222222222 0.085
2 0.6019444444444444 0.4709375 0.028333333333333332 0.068125
2 0.5866666666666667 0.47625 0.023333333333333334 0.04
2 0.5766666666666667 0.47375 0.016666666666666666 0.035
2 0.5672222222222222 0.4703125 0.023333333333333334 0.030625
2 0.5086111111111111 0.46 0.026111111111111113 0.02625
2 0.44333333333333336 0.4678125 0.03888888888888889 0.031875
2 0.2997222222222222 0.4803125 0.06277777777777778 0.054375
2 0.33444444444444443 0.470625 0.051111111111111114 0.05125
2 0.37277777777777776 0.4721875 0.034444444444444444 0.029375
2 0.4013888888888889 0.46625 0.028333333333333332 0.02375
2 0.4905555555555556 0.45375 0.011111111111111112 0.0125
2 0.4725 0.4525 0.009444444444444445 0.01
2 0.48277777777777775 0.4515625 0.006666666666666667 0.008125
2 0.45916666666666667 0.45375 0.010555555555555556 0.01125
2 0.06222222222222222 0.4853125 0.12333333333333334 0.068125
2 0.4508333333333333 0.4496875 0.009444444444444445 0.008125
