4 0.255 0.4528125 0.3211111111111111 0.154375
7 0.03888888888888889 0.28125 0.025555555555555557 0.07125
7 0.06138888888888889 0.2915625 0.012777777777777779 0.071875
7 0.2675 0.3528125 0.015 0.046875
7 0.9236111111111112 0.381875 0.010555555555555556 0.03125
7 0.9111111111111111 0.383125 0.0077777777777777776 0.02875
7 0.7452777777777778 0.425 0.005 0.015
7 0.5705555555555556 0.425 0.0033333333333333335 0.01125
7 0.03833333333333333 0.426875 0.012222222222222223 0.035
9 0.2827777777777778 0.4171875 0.034444444444444444 0.014375
9 0.03388888888888889 0.358125 0.06333333333333334 0.03375
9 0.010277777777777778 0.31625 0.020555555555555556 0.0225
9 0.9408333333333333 0.395 0.02722222222222222 0.0075
9 0.7330555555555556 0.4509375 0.019444444444444445 0.024375
0 0.035277777777777776 0.5059375 0.03611111111111111 0.134375
0 0.0725 0.505 0.042777777777777776 0.1425
6 0.705 0.4584375 0.022222222222222223 0.025625
2 0.9438888888888889 0.564375 0.11222222222222222 0.245
2 0.9025 0.4740625 0.195 0.123125
2 0.6055555555555555 0.4784375 0.07111111111111111 0.061875
2 0.7838888888888889 0.4740625 0.04777777777777778 0.036875
2 0.76 0.4721875 0.022222222222222223 0.031875
2 0.7522222222222222 0.4709375 0.014444444444444444 0.029375
2 0.7488888888888889 0.4675 0.03 0.03
2 0.7197222222222223 0.4665625 0.02388888888888889 0.019375
