0 0.5108333333333334 0.4509375 0.01611111111111111 0.045625
0 0.5244444444444445 0.4496875 0.015555555555555555 0.044375
0 0.5438888888888889 0.4475 0.016666666666666666 0.045
0 0.58 0.4565625 0.024444444444444446 0.091875
0 0.6041666666666666 0.4615625 0.03944444444444444 0.139375
0 0.6241666666666666 0.4546875 0.028333333333333332 0.095625
0 0.78 0.4696875 0.07111111111111111 0.223125
0 0.9808333333333333 0.4715625 0.03833333333333333 0.229375
0 0.8747222222222222 0.4709375 0.075 0.213125
2 0.4608333333333333 0.4553125 0.03166666666666667 0.028125
2 0.39611111111111114 0.4603125 0.04555555555555556 0.043125
