7 0.4252450980392157 0.36767578125 0.007352941176470588 0.0185546875
7 0.43300653594771243 0.35302734375 0.00980392156862745 0.0126953125
7 0.5808823529411765 0.37060546875 0.008169934640522876 0.0224609375
7 0.5870098039215687 0.3681640625 0.007352941176470588 0.021484375
9 0.3312908496732026 0.3681640625 0.018790849673202614 0.029296875
0 0.6633986928104575 0.40869140625 0.006535947712418301 0.0146484375
0 0.6691176470588235 0.40966796875 0.004901960784313725 0.0146484375
0 0.6744281045751634 0.4033203125 0.005718954248366013 0.009765625
1 0.4930555555555556 0.41357421875 0.02042483660130719 0.0185546875
3 0.47467320261437906 0.42041015625 0.014705882352941176 0.0263671875
2 0.1437908496732026 0.505859375 0.2875816993464052 0.22265625
2 0.2986111111111111 0.45703125 0.1527777777777778 0.126953125
2 0.375 0.44091796875 0.0718954248366013 0.0908203125
2 0.7185457516339869 0.4453125 0.1053921568627451 0.11328125
2 0.6327614379084967 0.42578125 0.05800653594771242 0.060546875
2 0.5379901960784313 0.4140625 0.041666666666666664 0.046875
0 0.4918300653594771 0.40673828125 0.00980392156862745 0.0205078125
0 0.47467320261437906 0.41650390625 0.016339869281045753 0.0322265625
