4 0.28594771241830064 0.505859375 0.07026143790849673 0.05078125
7 0.8819444444444444 0.53369140625 0.008986928104575163 0.0302734375
7 0.866421568627451 0.490234375 0.010620915032679739 0.0234375
7 0.883578431372549 0.39306640625 0.028594771241830064 0.0654296875
7 0.184640522875817 0.51123046875 0.00980392156862745 0.0380859375
7 0.19975490196078433 0.447265625 0.02042483660130719 0.02734375
7 0.16462418300653595 0.46826171875 0.004084967320261438 0.0126953125
7 0.29534313725490197 0.4755859375 0.004084967320261438 0.009765625
7 0.32393790849673204 0.48046875 0.004084967320261438 0.009765625
7 0.18627450980392157 0.3125 0.03594771241830065 0.087890625
9 0.7099673202614379 0.43994140625 0.03104575163398693 0.0380859375
9 0.7099673202614379 0.47607421875 0.024509803921568627 0.0341796875
9 0.09722222222222222 0.45947265625 0.014705882352941176 0.0224609375
0 0.9865196078431373 0.57763671875 0.02696078431372549 0.1083984375
0 0.9611928104575164 0.5712890625 0.03349673202614379 0.111328125
0 0.8075980392156863 0.58349609375 0.028594771241830064 0.1103515625
0 0.7005718954248366 0.564453125 0.025326797385620915 0.08203125
0 0.6772875816993464 0.56005859375 0.026143790849673203 0.0830078125
0 0.6621732026143791 0.5556640625 0.02369281045751634 0.068359375
0 0.6352124183006536 0.5478515625 0.025326797385620915 0.072265625
0 0.4624183006535948 0.5322265625 0.016339869281045753 0.0546875
0 0.2042483660130719 0.509765625 0.00980392156862745 0.02734375
0 0.16013071895424835 0.55224609375 0.03104575163398693 0.1318359375
0 0.1294934640522876 0.5576171875 0.04656862745098039 0.1796875
0 0.061683006535947715 0.5380859375 0.02369281045751634 0.123046875
3 0.2667483660130719 0.52490234375 0.013888888888888888 0.0244140625
3 0.24305555555555555 0.52978515625 0.02369281045751634 0.0341796875
3 0.2136437908496732 0.5341796875 0.02042483660130719 0.029296875
2 0.34272875816993464 0.5576171875 0.11683006535947713 0.115234375
2 0.29248366013071897 0.5302734375 0.032679738562091505 0.041015625
2 0.22916666666666666 0.52099609375 0.01715686274509804 0.0322265625
0 0.2667483660130719 0.51611328125 0.013888888888888888 0.0283203125
0 0.2426470588235294 0.5185546875 0.02287581699346405 0.037109375
0 0.21405228758169934 0.52197265625 0.0196078431372549 0.0361328125
