4 0.505718954248366 0.34326171875 0.1830065359477124 0.3310546875
7 0.9015522875816994 0.3720703125 0.007352941176470588 0.01171875
9 0.6568627450980392 0.4326171875 0.008169934640522876 0.009765625
9 0.6687091503267973 0.28369140625 0.02042483660130719 0.0244140625
9 0.6666666666666666 0.30322265625 0.0196078431372549 0.0146484375
9 0.3075980392156863 0.3173828125 0.02042483660130719 0.0234375
9 0.30637254901960786 0.341796875 0.016339869281045753 0.015625
0 0.0718954248366013 0.3994140625 0.017973856209150325 0.072265625
0 0.08455882352941177 0.39794921875 0.02042483660130719 0.0771484375
0 0.09681372549019608 0.380859375 0.015522875816993464 0.04296875
0 0.119281045751634 0.38037109375 0.029411764705882353 0.0498046875
0 0.17483660130718953 0.4033203125 0.017973856209150325 0.076171875
0 0.24305555555555555 0.400390625 0.01715686274509804 0.0703125
0 0.22140522875816993 0.3818359375 0.011437908496732025 0.03125
0 0.23039215686274508 0.384765625 0.008169934640522876 0.03125
0 0.2741013071895425 0.388671875 0.008986928104575163 0.017578125
0 0.26266339869281047 0.38720703125 0.010620915032679739 0.0166015625
2 0.9158496732026143 0.46728515625 0.13398692810457516 0.0810546875
2 0.9705882352941176 0.4619140625 0.058823529411764705 0.0703125
2 0.801062091503268 0.44873046875 0.0661764705882353 0.0458984375
2 0.755718954248366 0.439453125 0.04738562091503268 0.041015625
2 0.7197712418300654 0.4287109375 0.0457516339869281 0.04296875
2 0.6854575163398693 0.42919921875 0.027777777777777776 0.0263671875
2 0.6699346405228758 0.423828125 0.0196078431372549 0.0234375
2 0.6519607843137255 0.42236328125 0.016339869281045753 0.0205078125
2 0.6380718954248366 0.41943359375 0.02287581699346405 0.0205078125
2 0.4133986928104575 0.4140625 0.011437908496732025 0.03515625
