4 0.4172222222222222 0.4265625 0.11666666666666667 0.186875
9 0.15333333333333332 0.161875 0.057777777777777775 0.08625
9 0.14722222222222223 0.2503125 0.07444444444444444 0.088125
9 0.1411111111111111 0.2825 0.07777777777777778 0.0875
9 0.5283333333333333 0.43375 0.017777777777777778 0.02
9 0.9816666666666667 0.3928125 0.01 0.044375
9 0.9116666666666666 0.401875 0.0077777777777777776 0.02875
9 0.9102777777777777 0.430625 0.009444444444444445 0.0275
0 0.5919444444444445 0.49125 0.041666666666666664 0.09
6 0.11777777777777777 0.4328125 0.12777777777777777 0.068125
2 0.03333333333333333 0.4746875 0.06666666666666667 0.130625
2 0.8758333333333334 0.5375 0.24833333333333332 0.16125
2 0.3427777777777778 0.4728125 0.04555555555555556 0.038125
2 0.43722222222222223 0.505625 0.12 0.10625
2 0.49416666666666664 0.475 0.03944444444444444 0.03875
2 0.5244444444444445 0.486875 0.04111111111111111 0.045
2 0.5552777777777778 0.4784375 0.03611111111111111 0.061875
2 0.5875 0.484375 0.065 0.07875
2 0.7380555555555556 0.488125 0.26611111111111113 0.12375
4 0.23055555555555557 0.4509375 0.10444444444444445 0.109375
