4 0.47630718954248363 0.39111328125 0.017973856209150325 0.0302734375
7 0.2965686274509804 0.32763671875 0.016339869281045753 0.0439453125
7 0.3047385620915033 0.33447265625 0.013071895424836602 0.0400390625
7 0.45751633986928103 0.3837890625 0.0032679738562091504 0.0078125
7 0.46895424836601307 0.38037109375 0.0032679738562091504 0.0068359375
7 0.6450163398692811 0.35302734375 0.008986928104575163 0.0380859375
7 0.6560457516339869 0.353515625 0.014705882352941176 0.0390625
7 0.6838235294117647 0.35107421875 0.017973856209150325 0.0419921875
9 0.2332516339869281 0.341796875 0.02696078431372549 0.01171875
9 0.35049019607843135 0.35693359375 0.014705882352941176 0.0263671875
9 0.41748366013071897 0.37255859375 0.004901960784313725 0.0087890625
9 0.5461601307189542 0.388671875 0.005718954248366013 0.0078125
9 0.5424836601307189 0.40869140625 0.011437908496732025 0.0205078125
9 0.9562908496732027 0.3427734375 0.015522875816993464 0.03515625
0 0.19566993464052287 0.40087890625 0.01715686274509804 0.0556640625
0 0.184640522875817 0.40771484375 0.008169934640522876 0.0458984375
0 0.3374183006535948 0.3984375 0.00980392156862745 0.029296875
0 0.397875816993464 0.40625 0.008169934640522876 0.029296875
0 0.5277777777777778 0.40478515625 0.004901960784313725 0.0146484375
0 0.6405228758169934 0.4306640625 0.013071895424836602 0.048828125
0 0.37336601307189543 0.400390625 0.008169934640522876 0.025390625
2 0.45098039215686275 0.39990234375 0.013071895424836602 0.0166015625
14 0.49387254901960786 0.3974609375 0.013888888888888888 0.021484375
