7 0.083984375 0.3541666666666667 0.0244140625 0.07552083333333333
7 0.49755859375 0.16015625 0.0244140625 0.07291666666666667
7 0.74951171875 0.3486328125 0.02734375 0.08528645833333333
9 0.201904296875 0.4680989583333333 0.00537109375 0.020833333333333332
9 0.198974609375 0.4501953125 0.01513671875 0.014973958333333334
9 0.90869140625 0.3681640625 0.0205078125 0.029296875
9 0.911376953125 0.3919270833333333 0.05615234375 0.01953125
9 0.685302734375 0.4720052083333333 0.00927734375 0.01953125
9 0.686767578125 0.4446614583333333 0.02099609375 0.033854166666666664
0 0.072265625 0.5276692708333334 0.0126953125 0.037109375
0 0.0478515625 0.5286458333333334 0.017578125 0.041666666666666664
0 0.152587890625 0.5309244791666666 0.01318359375 0.052734375
0 0.88671875 0.5211588541666666 0.015625 0.07486979166666667
0 0.9375 0.5179036458333334 0.01171875 0.031901041666666664
0 0.961181640625 0.5061848958333334 0.01513671875 0.056640625
1 0.164794921875 0.5611979166666666 0.02197265625 0.057291666666666664
1 0.19873046875 0.5576171875 0.0205078125 0.060546875
1 0.861083984375 0.548828125 0.05029296875 0.048177083333333336
1 0.82080078125 0.5514322916666666 0.0322265625 0.052083333333333336
1 0.69873046875 0.5651041666666666 0.0048828125 0.0234375
2 0.27294921875 0.548828125 0.1376953125 0.06380208333333333
2 0.634033203125 0.5569661458333334 0.07568359375 0.07356770833333333
2 0.60791015625 0.5465494791666666 0.03515625 0.057942708333333336
2 0.58935546875 0.5400390625 0.02734375 0.051432291666666664
2 0.579833984375 0.5358072916666666 0.02392578125 0.045572916666666664
2 0.581787109375 0.5302734375 0.03955078125 0.047526041666666664
2 0.559814453125 0.525390625 0.01708984375 0.018229166666666668
2 0.550048828125 0.5244140625 0.00927734375 0.013671875
