9 0.37890625 0.423828125 0.015625 0.01953125
9 0.37890625 0.4365234375 0.009375 0.005859375
9 0.669921875 0.40185546875 0.02734375 0.0322265625
9 0.670703125 0.421875 0.01640625 0.0078125
2 0.034765625 0.6962890625 0.06953125 0.224609375
2 0.171484375 0.59228515625 0.16796875 0.1435546875
2 0.294140625 0.53857421875 0.08828125 0.0966796875
2 0.3234375 0.51416015625 0.084375 0.0908203125
2 0.365234375 0.51171875 0.02421875 0.0625
2 0.379296875 0.47265625 0.01640625 0.02734375
2 0.41171875 0.48388671875 0.0375 0.0361328125
2 0.429296875 0.47802734375 0.02578125 0.0322265625
2 0.4453125 0.47265625 0.0109375 0.025390625
2 0.444140625 0.4677734375 0.02421875 0.02734375
2 0.46171875 0.46337890625 0.0140625 0.0185546875
2 0.47734375 0.4619140625 0.0203125 0.013671875
2 0.484765625 0.4541015625 0.00859375 0.0078125
2 0.50859375 0.44970703125 0.009375 0.0087890625
2 0.470703125 0.48876953125 0.03671875 0.0400390625
2 0.55 0.5283203125 0.1359375 0.1484375
2 0.973828125 0.78076171875 0.05078125 0.1865234375
2 0.866796875 0.60595703125 0.26640625 0.2861328125
2 0.69375 0.53466796875 0.121875 0.1259765625
2 0.6359375 0.5244140625 0.0390625 0.0859375
2 0.622265625 0.5068359375 0.03671875 0.060546875
2 0.6703125 0.46875 0.0828125 0.0234375
2 0.7828125 0.48876953125 0.0828125 0.0615234375
2 0.862109375 0.45556640625 0.08984375 0.0263671875
2 0.93671875 0.4638671875 0.1125 0.029296875
