7 0.7361111111111112 0.4103125 0.005555555555555556 0.015625
7 0.8888888888888888 0.44 0.0033333333333333335 0.01125
7 0.8966666666666666 0.4403125 0.0033333333333333335 0.009375
7 0.9872222222222222 0.3934375 0.0033333333333333335 0.010625
9 0.9658333333333333 0.406875 0.010555555555555556 0.0075
0 0.7183333333333334 0.4684375 0.017777777777777778 0.054375
2 0.4558333333333333 0.465625 0.22611111111111112 0.115
2 0.5727777777777778 0.4821875 0.058888888888888886 0.060625
2 0.6022222222222222 0.473125 0.07555555555555556 0.065
2 0.6291666666666667 0.46375 0.13944444444444445 0.07375
2 0.7208333333333333 0.4625 0.07055555555555555 0.0525
2 0.8133333333333334 0.469375 0.07777777777777778 0.0775
2 0.8652777777777778 0.465 0.04833333333333333 0.05375
2 0.8933333333333333 0.461875 0.024444444444444446 0.0325
2 0.9566666666666667 0.470625 0.08666666666666667 0.12375
2 0.9797222222222223 0.4959375 0.04055555555555555 0.106875
2 0.6941666666666667 0.475 0.03388888888888889 0.0375
2 0.7583333333333333 0.4628125 0.025555555555555557 0.040625
2 0.7758333333333334 0.4690625 0.013888888888888888 0.041875
14 0.15166666666666667 0.3184375 0.30333333333333334 0.204375
14 0.2861111111111111 0.3440625 0.21777777777777776 0.173125
14 0.3894444444444444 0.3553125 0.2111111111111111 0.144375
