9 0.504296875 0.4404296875 0.00703125 0.0078125
9 0.504296875 0.4453125 0.00390625 0.001953125
9 0.42890625 0.4462890625 0.0046875 0.005859375
0 0.7875 0.4951171875 0.034375 0.076171875
0 0.431640625 0.47607421875 0.00859375 0.0302734375
1 0.48359375 0.48583984375 0.0109375 0.0263671875
1 0.271875 0.580078125 0.0375 0.083984375
2 0.9515625 0.876953125 0.096875 0.24609375
2 0.73984375 0.6142578125 0.215625 0.1875
2 0.955078125 0.47021484375 0.08984375 0.0654296875
2 0.621484375 0.52587890625 0.10859375 0.1103515625
2 0.68671875 0.48974609375 0.0765625 0.0576171875
2 0.744921875 0.48681640625 0.05546875 0.0537109375
2 0.8359375 0.44677734375 0.046875 0.0166015625
2 0.56171875 0.50244140625 0.05625 0.0595703125
2 0.5328125 0.48291015625 0.0453125 0.0478515625
2 0.566015625 0.45263671875 0.02109375 0.0126953125
2 0.508984375 0.47802734375 0.01484375 0.0302734375
2 0.50625 0.47119140625 0.025 0.0361328125
2 0.46484375 0.46337890625 0.0171875 0.0185546875
2 0.45234375 0.47412109375 0.0265625 0.0244140625
2 0.423046875 0.4716796875 0.01015625 0.021484375
2 0.41875 0.47314453125 0.0109375 0.0244140625
2 0.41328125 0.4765625 0.0109375 0.029296875
2 0.39609375 0.478515625 0.034375 0.033203125
2 0.38828125 0.4873046875 0.0140625 0.033203125
2 0.3765625 0.49072265625 0.015625 0.0341796875
2 0.356640625 0.49658203125 0.04453125 0.0439453125
2 0.260546875 0.53125 0.08671875 0.0859375
2 0.22109375 0.5576171875 0.090625 0.09765625
2 0.092578125 0.60400390625 0.18515625 0.1943359375
2 0.0265625 0.65478515625 0.053125 0.1748046875
2 0.493359375 0.462890625 0.01015625 0.01953125
2 0.432421875 0.46533203125 0.01328125 0.0166015625
0 0.59765625 0.46337890625 0.015625 0.0166015625
0 0.48359375 0.47802734375 0.0109375 0.0361328125
0 0.2765625 0.5458984375 0.04375 0.138671875
