7 0.7908333333333334 0.2334375 0.010555555555555556 0.040625
7 0.6522222222222223 0.2321875 0.012222222222222223 0.039375
7 0.9722222222222222 0.288125 0.011111111111111112 0.0275
7 0.8775 0.36375 0.006111111111111111 0.01875
7 0.43944444444444447 0.293125 0.014444444444444444 0.035
7 0.5355555555555556 0.2825 0.013333333333333334 0.0325
7 0.1925 0.3884375 0.009444444444444445 0.025625
7 0.08916666666666667 0.2446875 0.011666666666666667 0.035625
7 0.11166666666666666 0.2703125 0.011111111111111112 0.039375
7 0.14222222222222222 0.3859375 0.005555555555555556 0.021875
9 0.8297222222222222 0.3690625 0.015 0.016875
9 0.8297222222222222 0.38125 0.009444444444444445 0.0075
9 0.9922222222222222 0.286875 0.015555555555555555 0.0225
9 0.7036111111111111 0.226875 0.03944444444444444 0.0275
9 0.35055555555555556 0.3203125 0.03333333333333333 0.014375
9 0.18722222222222223 0.4090625 0.016666666666666666 0.006875
0 0.4647222222222222 0.4678125 0.049444444444444444 0.110625
2 0.4988888888888889 0.43 0.03111111111111111 0.02875
2 0.6313888888888889 0.5140625 0.245 0.206875
2 0.935 0.4975 0.13 0.225
