4 0.9011437908496732 0.412109375 0.16013071895424835 0.1640625
7 0.31290849673202614 0.3017578125 0.02287581699346405 0.06640625
7 0.48937908496732024 0.39794921875 0.004901960784313725 0.0166015625
7 0.7839052287581699 0.32470703125 0.01715686274509804 0.0517578125
7 0.803921568627451 0.32421875 0.016339869281045753 0.0546875
7 0.5804738562091504 0.3974609375 0.005718954248366013 0.009765625
9 0.7830882352941176 0.3603515625 0.015522875816993464 0.017578125
9 0.8031045751633987 0.36083984375 0.014705882352941176 0.0166015625
0 0.3276143790849673 0.42333984375 0.013071895424836602 0.0556640625
0 0.4293300653594771 0.4248046875 0.007352941176470588 0.025390625
0 0.11764705882352941 0.4267578125 0.0457516339869281 0.11328125
1 0.414624183006536 0.43115234375 0.007352941176470588 0.0087890625
3 0.5367647058823529 0.44091796875 0.013071895424836602 0.0283203125
2 0.9468954248366013 0.61962890625 0.10620915032679738 0.2646484375
2 0.8357843137254902 0.4951171875 0.15849673202614378 0.16015625
2 0.6797385620915033 0.4453125 0.05392156862745098 0.048828125
2 0.6511437908496732 0.4384765625 0.042483660130718956 0.044921875
2 0.5988562091503268 0.4404296875 0.058823529411764705 0.06640625
2 0.48366013071895425 0.4296875 0.0392156862745098 0.046875
2 0.511437908496732 0.43212890625 0.016339869281045753 0.0205078125
2 0.5208333333333334 0.431640625 0.012254901960784314 0.01953125
2 0.5674019607843137 0.42578125 0.04330065359477124 0.05078125
0 0.5363562091503268 0.43115234375 0.012254901960784314 0.0283203125
0 0.4150326797385621 0.42578125 0.006535947712418301 0.01171875
