9 0.869873046875 0.3987630208333333 0.05810546875 0.080078125
9 0.869140625 0.4449869791666667 0.037109375 0.018880208333333332
0 0.95068359375 0.5908203125 0.0380859375 0.18424479166666666
0 0.8916015625 0.5875651041666666 0.04296875 0.20247395833333334
0 0.84521484375 0.5882161458333334 0.0439453125 0.17122395833333334
0 0.7744140625 0.6184895833333334 0.0888671875 0.23307291666666666
0 0.731689453125 0.5882161458333334 0.07958984375 0.18684895833333334
0 0.663818359375 0.583984375 0.05517578125 0.15885416666666666
0 0.620849609375 0.5833333333333334 0.03955078125 0.17578125
0 0.5947265625 0.5833333333333334 0.0546875 0.15625
0 0.42236328125 0.5794270833333334 0.0556640625 0.14973958333333334
0 0.419189453125 0.5768229166666666 0.03369140625 0.15104166666666666
1 0.91845703125 0.6526692708333334 0.0546875 0.13346354166666666
