4 0.6744281045751634 0.48974609375 0.29983660130718953 0.1435546875
7 0.10498366013071896 0.0908203125 0.05310457516339869 0.154296875
7 0.10416666666666667 0.47509765625 0.02042483660130719 0.0693359375
9 0.08660130718954248 0.26708984375 0.08823529411764706 0.1162109375
9 0.08660130718954248 0.33837890625 0.06862745098039216 0.0341796875
9 0.8390522875816994 0.51904296875 0.017973856209150325 0.0322265625
9 0.7859477124183006 0.52001953125 0.04411764705882353 0.0361328125
9 0.951797385620915 0.52685546875 0.014705882352941176 0.0126953125
0 0.3582516339869281 0.5107421875 0.012254901960784314 0.033203125
0 0.3684640522875817 0.51318359375 0.008169934640522876 0.0322265625
0 0.3415032679738562 0.5126953125 0.011437908496732025 0.037109375
0 0.3235294117647059 0.51220703125 0.00980392156862745 0.0361328125
0 0.33169934640522875 0.50927734375 0.008169934640522876 0.0283203125
0 0.3088235294117647 0.51318359375 0.00980392156862745 0.0361328125
0 0.2945261437908497 0.5126953125 0.010620915032679739 0.037109375
0 0.26552287581699346 0.5126953125 0.011437908496732025 0.037109375
0 0.2540849673202614 0.51513671875 0.011437908496732025 0.0400390625
0 0.1687091503267974 0.607421875 0.06781045751633986 0.267578125
0 0.12214052287581699 0.51904296875 0.010620915032679739 0.0419921875
0 0.0559640522875817 0.5263671875 0.02042483660130719 0.05078125
0 0.014705882352941176 0.51904296875 0.0196078431372549 0.0517578125
0 0.003676470588235294 0.52197265625 0.007352941176470588 0.0556640625
0 0.027369281045751634 0.51806640625 0.013888888888888888 0.0517578125
0 0.042483660130718956 0.515625 0.016339869281045753 0.041015625
0 0.14052287581699346 0.513671875 0.011437908496732025 0.03515625
0 0.1527777777777778 0.50390625 0.013071895424836602 0.01953125
0 0.21772875816993464 0.48486328125 0.007352941176470588 0.0166015625
3 0.414624183006536 0.59375 0.05310457516339869 0.099609375
2 0.6678921568627451 0.59765625 0.1919934640522876 0.1640625
2 0.47794117647058826 0.52685546875 0.042483660130718956 0.0537109375
2 0.5130718954248366 0.51318359375 0.02287581699346405 0.0263671875
2 0.4215686274509804 0.544921875 0.09803921568627451 0.09765625
0 0.4113562091503268 0.5546875 0.05473856209150327 0.1171875
