4 0.5786111111111111 0.4525 0.09277777777777778 0.10625
2 0.8191666666666667 0.4834375 0.2783333333333333 0.231875
2 0.023055555555555555 0.4740625 0.04611111111111111 0.026875
2 0.07361111111111111 0.473125 0.04055555555555555 0.02625
2 0.10694444444444444 0.4728125 0.03277777777777778 0.023125
2 0.1436111111111111 0.4734375 0.045 0.023125
2 0.19972222222222222 0.47375 0.025 0.01875
2 0.24416666666666667 0.4915625 0.0961111111111111 0.081875
2 0.35638888888888887 0.4778125 0.04833333333333333 0.044375
2 0.3825 0.47625 0.012777777777777779 0.03
2 0.39944444444444444 0.474375 0.02666666666666667 0.0225
2 0.44472222222222224 0.474375 0.011666666666666667 0.01125
2 0.4266666666666667 0.47375 0.02 0.01625
2 0.5188888888888888 0.47125 0.022222222222222223 0.01875
2 0.5047222222222222 0.47 0.012777777777777779 0.015
2 0.49027777777777776 0.469375 0.020555555555555556 0.02
