7 0.4197222222222222 0.3625 0.017222222222222222 0.0225
7 0.75 0.384375 0.01 0.03
7 0.7397222222222222 0.3940625 0.009444444444444445 0.010625
7 0.7541666666666667 0.4190625 0.010555555555555556 0.011875
7 0.8511111111111112 0.2428125 0.013333333333333334 0.043125
7 0.9394444444444444 0.3353125 0.013333333333333334 0.046875
7 0.9422222222222222 0.370625 0.01 0.0125
7 0.9127777777777778 0.3825 0.015555555555555555 0.01625
9 0.4752777777777778 0.39375 0.017222222222222222 0.02
9 0.6975 0.404375 0.010555555555555556 0.0125
9 0.6972222222222222 0.41625 0.008888888888888889 0.0075
9 0.6066666666666667 0.4165625 0.011111111111111112 0.010625
9 0.9233333333333333 0.2396875 0.03333333333333333 0.018125
2 0.10583333333333333 0.5209375 0.21166666666666667 0.458125
2 0.4847222222222222 0.4415625 0.145 0.059375
2 0.9297222222222222 0.470625 0.1238888888888889 0.05375
2 0.6697222222222222 0.4528125 0.03833333333333333 0.030625
2 0.6211111111111111 0.4465625 0.03 0.025625
2 0.605 0.4415625 0.024444444444444446 0.023125
2 0.5927777777777777 0.4353125 0.016666666666666666 0.018125
2 0.5811111111111111 0.4325 0.011111111111111112 0.0125
