9 0.3868464052287582 0.44970703125 0.010620915032679739 0.0107421875
9 0.4571078431372549 0.4248046875 0.013888888888888888 0.017578125
9 0.4673202614379085 0.4501953125 0.008169934640522876 0.009765625
9 0.5196078431372549 0.462890625 0.011437908496732025 0.00390625
9 0.5200163398692811 0.4580078125 0.02042483660130719 0.005859375
9 0.5878267973856209 0.4658203125 0.025326797385620915 0.02734375
9 0.5874183006535948 0.42822265625 0.0392156862745098 0.0458984375
9 0.744281045751634 0.4150390625 0.0718954248366013 0.01953125
9 0.7430555555555556 0.39599609375 0.07107843137254902 0.0185546875
9 0.7369281045751634 0.37646484375 0.016339869281045753 0.0185546875
9 0.75 0.37548828125 0.00980392156862745 0.0185546875
2 0.6544117647058824 0.4677734375 0.02287581699346405 0.03515625
2 0.2867647058823529 0.47900390625 0.02287581699346405 0.0263671875
2 0.25326797385620914 0.484375 0.011437908496732025 0.015625
