7 0.05078125 0.4482421875 0.0205078125 0.07486979166666667
7 0.911865234375 0.4518229166666667 0.02001953125 0.07421875
7 0.082275390625 0.4563802083333333 0.00927734375 0.06510416666666667
9 0.90185546875 0.5185546875 0.0224609375 0.048828125
9 0.064453125 0.5162760416666666 0.021484375 0.046875
0 0.19873046875 0.7268880208333334 0.12109375 0.3404947916666667
0 0.284912109375 0.7639973958333334 0.15478515625 0.369140625
2 0.363037109375 0.6018880208333334 0.03076171875 0.034505208333333336
2 0.574951171875 0.5859375 0.02392578125 0.037760416666666664
2 0.678466796875 0.5966796875 0.05908203125 0.048828125
2 0.754638671875 0.6057942708333334 0.07275390625 0.068359375
8 0.876220703125 0.6305338541666666 0.01416015625 0.043619791666666664
2 0.431640625 0.5699869791666666 0.10546875 0.14127604166666666
