9 0.07230392156862746 0.45068359375 0.01715686274509804 0.0244140625
9 0.0727124183006536 0.46728515625 0.013071895424836602 0.0068359375
9 0.1707516339869281 0.443359375 0.016339869281045753 0.025390625
9 0.238562091503268 0.41357421875 0.02287581699346405 0.0263671875
9 0.23937908496732027 0.431640625 0.017973856209150325 0.009765625
9 0.2397875816993464 0.44189453125 0.01715686274509804 0.0087890625
9 0.44076797385620914 0.4345703125 0.008986928104575163 0.009765625
9 0.8459967320261438 0.333984375 0.059640522875817 0.111328125
0 0.38929738562091504 0.46533203125 0.007352941176470588 0.0087890625
0 0.7830882352941176 0.455078125 0.01715686274509804 0.060546875
0 0.8092320261437909 0.43359375 0.010620915032679739 0.033203125
3 0.04738562091503268 0.55029296875 0.04084967320261438 0.0576171875
3 0.12622549019607843 0.5224609375 0.03839869281045752 0.05859375
3 0.7087418300653595 0.4833984375 0.05473856209150327 0.05078125
3 0.5175653594771242 0.46923828125 0.007352941176470588 0.0146484375
2 0.22058823529411764 0.58447265625 0.2777777777777778 0.2197265625
2 0.3815359477124183 0.49755859375 0.06535947712418301 0.0556640625
2 0.4383169934640523 0.48291015625 0.04493464052287582 0.0419921875
2 0.46568627450980393 0.47607421875 0.027777777777777776 0.0322265625
2 0.7083333333333334 0.4697265625 0.05228758169934641 0.05078125
2 0.6785130718954249 0.47119140625 0.02696078431372549 0.0517578125
2 0.6589052287581699 0.46435546875 0.031862745098039214 0.0380859375
2 0.6433823529411765 0.4580078125 0.022058823529411766 0.029296875
2 0.6156045751633987 0.45751953125 0.02369281045751634 0.0302734375
2 0.6000816993464052 0.4560546875 0.010620915032679739 0.021484375
2 0.5743464052287581 0.4970703125 0.0718954248366013 0.087890625
2 0.5894607843137255 0.455078125 0.018790849673202614 0.017578125
0 0.5175653594771242 0.462890625 0.007352941176470588 0.017578125
