9 0.7855555555555556 0.441875 0.012222222222222223 0.015
0 0.9086111111111111 0.4703125 0.03277777777777778 0.101875
0 0.845 0.47125 0.027777777777777776 0.0725
0 0.8261111111111111 0.469375 0.01888888888888889 0.06125
0 0.8052777777777778 0.475625 0.019444444444444445 0.0525
2 0.7769444444444444 0.4740625 0.02388888888888889 0.021875
2 0.74 0.4775 0.013333333333333334 0.01875
2 0.7258333333333333 0.4775 0.025 0.02125
8 0.6130555555555556 0.49375 0.008333333333333333 0.015
6 0.8058333333333333 0.4721875 0.021666666666666667 0.024375
