7 0.765 0.344375 0.01888888888888889 0.05625
7 0.7086111111111111 0.3496875 0.015 0.041875
7 0.4636111111111111 0.17875 0.019444444444444445 0.05875
7 0.29138888888888886 0.18875 0.019444444444444445 0.0575
9 0.9 0.3934375 0.05444444444444444 0.041875
9 0.8991666666666667 0.4290625 0.03166666666666667 0.028125
9 0.8988888888888888 0.45125 0.025555555555555557 0.0125
9 0.8994444444444445 0.468125 0.024444444444444446 0.02
9 0.7716666666666666 0.41125 0.03 0.04125
9 0.7711111111111111 0.4440625 0.022222222222222223 0.024375
9 0.7027777777777777 0.2996875 0.03222222222222222 0.036875
9 0.5766666666666667 0.4390625 0.011111111111111112 0.023125
9 0.5341666666666667 0.195625 0.030555555555555555 0.03375
2 0.3416666666666667 0.475 0.027777777777777776 0.02625
2 0.2875 0.465625 0.049444444444444444 0.0525
2 0.2247222222222222 0.473125 0.026111111111111113 0.02125
2 0.20416666666666666 0.4746875 0.013888888888888888 0.014375
2 0.19027777777777777 0.47375 0.015 0.0175
2 0.17694444444444443 0.474375 0.012777777777777779 0.0175
4 0.15361111111111111 0.471875 0.02277777777777778 0.02
2 0.11333333333333333 0.4675 0.03222222222222222 0.045
2 0.06805555555555555 0.463125 0.06722222222222222 0.06125
2 0.020833333333333332 0.465 0.041666666666666664 0.0675
4 0.25833333333333336 0.46625 0.017777777777777778 0.03375
