7 0.8108333333333333 0.408125 0.015 0.015
7 0.8355555555555556 0.3571875 0.017777777777777778 0.028125
7 0.6172222222222222 0.395 0.011111111111111112 0.02875
7 0.2569444444444444 0.4065625 0.012777777777777779 0.029375
7 0.07 0.4084375 0.01 0.024375
7 0.04416666666666667 0.4371875 0.013888888888888888 0.018125
7 0.7938888888888889 0.3790625 0.008888888888888889 0.023125
9 0.06138888888888889 0.4378125 0.007222222222222222 0.029375
9 0.8094444444444444 0.388125 0.01 0.00875
9 0.8391666666666666 0.3203125 0.021666666666666667 0.025625
9 0.6136111111111111 0.4228125 0.013888888888888888 0.025625
9 0.2619444444444444 0.433125 0.013888888888888888 0.025
9 0.7980555555555555 0.4103125 0.005 0.025625
0 0.28555555555555556 0.4746875 0.016666666666666666 0.054375
0 0.017777777777777778 0.48375 0.022222222222222223 0.11375
0 0.006388888888888889 0.4865625 0.012777777777777779 0.104375
1 0.7472222222222222 0.48875 0.03222222222222222 0.055
2 0.3713888888888889 0.471875 0.03388888888888889 0.03375
2 0.5011111111111111 0.4821875 0.20333333333333334 0.206875
2 0.39361111111111113 0.47 0.01611111111111111 0.0225
0 0.7461111111111111 0.46375 0.03111111111111111 0.07875
