9 0.8305555555555556 0.3190625 0.023333333333333334 0.039375
9 0.5933333333333334 0.4159375 0.006666666666666667 0.013125
9 0.48694444444444446 0.4696875 0.010555555555555556 0.015625
9 0.2475 0.421875 0.009444444444444445 0.015
0 0.6063888888888889 0.4625 0.012777777777777779 0.035
2 0.47305555555555556 0.4734375 0.02277777777777778 0.020625
2 0.43666666666666665 0.4703125 0.027777777777777776 0.031875
2 0.4077777777777778 0.4728125 0.02666666666666667 0.026875
2 0.45555555555555555 0.4728125 0.012222222222222223 0.011875
2 0.21888888888888888 0.5059375 0.07222222222222222 0.079375
2 0.12444444444444444 0.51 0.14 0.125
2 0.03277777777777778 0.5375 0.06555555555555556 0.13375
0 0.4886111111111111 0.4496875 0.002777777777777778 0.008125
14 0.48333333333333334 0.4603125 0.01888888888888889 0.014375
