9 0.5316666666666666 0.4275 0.008888888888888889 0.01375
9 0.18833333333333332 0.433125 0.005555555555555556 0.0125
1 0.7736111111111111 0.515625 0.059444444444444446 0.10625
2 0.48777777777777775 0.4659375 0.06333333333333334 0.060625
2 0.4477777777777778 0.45125 0.016666666666666666 0.0175
2 0.43194444444444446 0.4565625 0.028333333333333332 0.024375
2 0.09361111111111112 0.4540625 0.041666666666666664 0.020625
2 0.12861111111111112 0.4503125 0.02388888888888889 0.016875
2 0.18805555555555556 0.4665625 0.045 0.028125
0 0.7758333333333334 0.4721875 0.06166666666666667 0.140625
