7 0.5065359477124183 0.42578125 0.0032679738562091504 0.00390625
9 0.03880718954248366 0.42919921875 0.03676470588235294 0.0263671875
9 0.2577614379084967 0.43359375 0.013888888888888888 0.01953125
9 0.2589869281045752 0.4521484375 0.014705882352941176 0.017578125
9 0.34763071895424835 0.4560546875 0.008986928104575163 0.009765625
9 0.3480392156862745 0.4638671875 0.008169934640522876 0.005859375
9 0.45302287581699346 0.37255859375 0.018790849673202614 0.0205078125
9 0.4526143790849673 0.3955078125 0.017973856209150325 0.0234375
9 0.45383986928104575 0.4189453125 0.018790849673202614 0.0234375
9 0.47998366013071897 0.41845703125 0.005718954248366013 0.0068359375
9 0.4738562091503268 0.3701171875 0.029411764705882353 0.029296875
9 0.4387254901960784 0.37158203125 0.027777777777777776 0.0283203125
2 0.4922385620915033 0.43994140625 0.022058823529411766 0.0205078125
2 0.5208333333333334 0.4345703125 0.013888888888888888 0.015625
2 0.5200163398692811 0.4375 0.010620915032679739 0.013671875
2 0.5571895424836601 0.4306640625 0.011437908496732025 0.013671875
2 0.5404411764705882 0.431640625 0.015522875816993464 0.009765625
2 0.5298202614379085 0.4326171875 0.010620915032679739 0.01171875
2 0.5249183006535948 0.451171875 0.01715686274509804 0.029296875
2 0.5473856209150327 0.46044921875 0.04411764705882353 0.0517578125
2 0.568218954248366 0.48974609375 0.0661764705882353 0.0732421875
