9 0.8444444444444444 0.3878125 0.011111111111111112 0.033125
0 0.7183333333333334 0.4646875 0.042222222222222223 0.153125
0 0.685 0.4628125 0.056666666666666664 0.164375
0 0.4988888888888889 0.463125 0.012222222222222223 0.04125
0 0.5269444444444444 0.4578125 0.009444444444444445 0.023125
0 0.5319444444444444 0.4553125 0.005 0.019375
2 0.21722222222222223 0.4771875 0.19444444444444445 0.099375
2 0.30833333333333335 0.474375 0.027777777777777776 0.0825
2 0.38472222222222224 0.4725 0.14166666666666666 0.16375
2 0.6711111111111111 0.4734375 0.2222222222222222 0.101875
2 0.5577777777777778 0.471875 0.05333333333333334 0.0825
2 0.4602777777777778 0.4634375 0.03611111111111111 0.031875
2 0.4727777777777778 0.4575 0.03777777777777778 0.03
