7 0.5191666666666667 0.4309375 0.002777777777777778 0.004375
7 0.5230555555555556 0.42875 0.002777777777777778 0.005
7 0.48055555555555557 0.41625 0.0022222222222222222 0.005
9 0.46194444444444444 0.4153125 0.0038888888888888888 0.004375
2 0.9694444444444444 0.45375 0.06111111111111111 0.0225
2 0.9416666666666667 0.4509375 0.035555555555555556 0.016875
2 0.9230555555555555 0.4471875 0.021666666666666667 0.008125
2 0.8966666666666666 0.455 0.05444444444444444 0.02375
2 0.8769444444444444 0.4540625 0.04055555555555555 0.025625
2 0.8538888888888889 0.453125 0.044444444444444446 0.025
2 0.8025 0.453125 0.042777777777777776 0.01875
2 0.7911111111111111 0.449375 0.03666666666666667 0.02
2 0.7630555555555556 0.4496875 0.026111111111111113 0.015625
2 0.6969444444444445 0.4515625 0.05611111111111111 0.020625
2 0.6733333333333333 0.4496875 0.02666666666666667 0.018125
2 0.47833333333333333 0.4403125 0.005555555555555556 0.005625
2 0.46555555555555556 0.4396875 0.012222222222222223 0.009375
2 0.4677777777777778 0.4490625 0.015555555555555555 0.015625
2 0.4361111111111111 0.44125 0.011111111111111112 0.01
2 0.43777777777777777 0.4709375 0.05333333333333334 0.049375
2 0.3308333333333333 0.5165625 0.20722222222222222 0.180625
2 0.5491666666666667 0.4453125 0.015 0.011875
2 0.54 0.4453125 0.014444444444444444 0.009375
2 0.5138888888888888 0.4475 0.02 0.00875
2 0.5738888888888889 0.445 0.021111111111111112 0.0125
