9 0.5116666666666667 0.43375 0.0077777777777777776 0.00875
9 0.5252777777777777 0.4346875 0.008333333333333333 0.009375
9 0.40555555555555556 0.439375 0.006666666666666667 0.00875
2 0.8941666666666667 0.510625 0.21166666666666667 0.4
2 0.7575 0.505625 0.14055555555555554 0.14625
2 0.68 0.4846875 0.11 0.099375
2 0.6116666666666667 0.4721875 0.07222222222222222 0.063125
2 0.5847222222222223 0.4653125 0.04833333333333333 0.055625
2 0.5652777777777778 0.4625 0.035 0.05
2 0.5455555555555556 0.4615625 0.028888888888888888 0.036875
2 0.5319444444444444 0.460625 0.020555555555555556 0.03125
2 0.5130555555555556 0.4540625 0.013888888888888888 0.021875
2 0.47833333333333333 0.4528125 0.012222222222222223 0.008125
2 0.4425 0.45375 0.006111111111111111 0.00875
2 0.4363888888888889 0.4534375 0.009444444444444445 0.011875
2 0.39694444444444443 0.4559375 0.010555555555555556 0.021875
2 0.3852777777777778 0.4575 0.015 0.02375
2 0.37555555555555553 0.4584375 0.014444444444444444 0.025625
2 0.365 0.4621875 0.02 0.025625
2 0.33916666666666667 0.46125 0.03722222222222222 0.04125
2 0.32 0.466875 0.05 0.04
2 0.27416666666666667 0.4728125 0.05388888888888889 0.055625
2 0.22166666666666668 0.480625 0.09333333333333334 0.065
