7 0.08833333333333333 0.3225 0.008888888888888889 0.03
7 0.13111111111111112 0.24875 0.021111111111111112 0.065
7 0.32 0.410625 0.008888888888888889 0.02625
7 0.5647222222222222 0.3596875 0.007222222222222222 0.028125
7 0.6158333333333333 0.3915625 0.007222222222222222 0.034375
7 0.8002777777777778 0.4215625 0.0038888888888888888 0.009375
7 0.7963888888888889 0.4009375 0.008333333333333333 0.020625
7 0.8294444444444444 0.299375 0.008888888888888889 0.02625
7 0.8666666666666667 0.29375 0.01 0.03
7 0.9008333333333334 0.3475 0.020555555555555556 0.055
7 0.8997222222222222 0.399375 0.009444444444444445 0.01875
7 0.9155555555555556 0.39875 0.013333333333333334 0.02375
7 0.9377777777777778 0.3675 0.013333333333333334 0.03625
7 0.5225 0.41875 0.002777777777777778 0.0075
7 0.5225 0.4378125 0.002777777777777778 0.003125
7 0.5336111111111111 0.424375 0.0016666666666666668 0.0025
7 0.5469444444444445 0.43375 0.002777777777777778 0.005
7 0.6152777777777778 0.4215625 0.0038888888888888888 0.005625
9 0.8480555555555556 0.29375 0.005 0.01375
9 0.9658333333333333 0.36875 0.02388888888888889 0.0075
9 0.9502777777777778 0.4096875 0.013888888888888888 0.021875
9 0.9452777777777778 0.3109375 0.009444444444444445 0.013125
0 0.2311111111111111 0.511875 0.15777777777777777 0.40875
0 0.024166666666666666 0.45375 0.009444444444444445 0.01375
0 0.6177777777777778 0.4675 0.025555555555555557 0.07
0 0.6233333333333333 0.47125 0.016666666666666666 0.06375
0 0.7855555555555556 0.45375 0.008888888888888889 0.03625
0 0.7933333333333333 0.45625 0.008888888888888889 0.03375
0 0.8083333333333333 0.4690625 0.014444444444444444 0.058125
0 0.8241666666666667 0.456875 0.013888888888888888 0.045
0 0.8330555555555555 0.470625 0.026111111111111113 0.06125
0 0.8897222222222222 0.4625 0.021666666666666667 0.0625
0 0.9238888888888889 0.4621875 0.01888888888888889 0.058125
0 0.9316666666666666 0.460625 0.01 0.06
0 0.9636111111111111 0.465625 0.013888888888888888 0.06
0 0.9758333333333333 0.464375 0.015 0.0625
0 0.9861111111111112 0.4665625 0.015555555555555555 0.054375
0 0.9969444444444444 0.4446875 0.006111111111111111 0.028125
0 0.5375 0.45375 0.005 0.015
1 0.29083333333333333 0.6403125 0.45166666666666666 0.353125
2 0.01861111111111111 0.4659375 0.03722222222222222 0.043125
2 0.5163888888888889 0.45 0.007222222222222222 0.01125
2 0.5230555555555556 0.4525 0.011666666666666667 0.015
2 0.7088888888888889 0.49625 0.14666666666666667 0.1375
2 0.8969444444444444 0.4609375 0.07388888888888889 0.033125
2 0.9530555555555555 0.458125 0.08833333333333333 0.045
8 0.9155555555555556 0.4803125 0.014444444444444444 0.038125
8 0.59 0.4596875 0.0044444444444444444 0.010625
1 0.034444444444444444 0.6446875 0.07666666666666666 0.220625
