0 0.7288888888888889 0.4946875 0.06777777777777778 0.189375
0 0.5336111111111111 0.47125 0.026111111111111113 0.06
0 0.5436111111111112 0.4684375 0.017222222222222222 0.061875
2 0.9461111111111111 0.5209375 0.10777777777777778 0.193125
2 0.8730555555555556 0.5025 0.215 0.14625
2 0.7516666666666667 0.4809375 0.2111111111111111 0.121875
2 0.6705555555555556 0.4759375 0.08222222222222222 0.089375
2 0.6447222222222222 0.4665625 0.105 0.091875
2 0.5777777777777777 0.474375 0.043333333333333335 0.0575
2 0.5738888888888889 0.4653125 0.05333333333333334 0.050625
2 0.4711111111111111 0.4746875 0.10666666666666667 0.125625
2 0.3852777777777778 0.4746875 0.06944444444444445 0.056875
2 0.22527777777777777 0.478125 0.21055555555555555 0.12875
2 0.18083333333333335 0.50375 0.16833333333333333 0.145
2 0.10027777777777777 0.5140625 0.20055555555555554 0.170625
2 0.3313888888888889 0.4734375 0.059444444444444446 0.088125
