4 0.5159313725490197 0.384765625 0.02042483660130719 0.01171875
7 0.3243464052287582 0.3173828125 0.014705882352941176 0.0546875
7 0.5273692810457516 0.3857421875 0.0024509803921568627 0.009765625
7 0.5575980392156863 0.34765625 0.010620915032679739 0.037109375
7 0.5812908496732027 0.3271484375 0.013888888888888888 0.052734375
7 0.8231209150326797 0.3544921875 0.015522875816993464 0.03515625
7 0.8051470588235294 0.3564453125 0.010620915032679739 0.02734375
7 0.3500816993464052 0.3515625 0.007352941176470588 0.017578125
7 0.33619281045751637 0.33203125 0.008986928104575163 0.0234375
7 0.49754901960784315 0.38525390625 0.0032679738562091504 0.0107421875
7 0.47344771241830064 0.38330078125 0.004084967320261438 0.0107421875
7 0.6985294117647058 0.3603515625 0.00980392156862745 0.029296875
7 0.7712418300653595 0.373046875 0.006535947712418301 0.017578125
7 0.29044117647058826 0.33447265625 0.010620915032679739 0.0244140625
7 0.2724673202614379 0.32861328125 0.010620915032679739 0.0361328125
7 0.3006535947712418 0.3447265625 0.00980392156862745 0.013671875
9 0.09354575163398693 0.40185546875 0.09558823529411764 0.0537109375
9 0.3214869281045752 0.35546875 0.018790849673202614 0.013671875
9 0.34068627450980393 0.36669921875 0.014705882352941176 0.0087890625
9 0.5804738562091504 0.42578125 0.012254901960784314 0.015625
9 0.5580065359477124 0.4140625 0.008169934640522876 0.009765625
9 0.5804738562091504 0.3642578125 0.015522875816993464 0.0078125
9 0.5800653594771242 0.3779296875 0.014705882352941176 0.013671875
0 0.315359477124183 0.40966796875 0.014705882352941176 0.0654296875
0 0.2949346405228758 0.41650390625 0.024509803921568627 0.0751953125
0 0.34272875816993464 0.41064453125 0.013888888888888888 0.0341796875
0 0.6854575163398693 0.4169921875 0.013071895424836602 0.0390625
0 0.8071895424836601 0.43798828125 0.024509803921568627 0.0634765625
2 0.5400326797385621 0.40185546875 0.016339869281045753 0.0185546875
2 0.5175653594771242 0.40771484375 0.028594771241830064 0.0341796875
2 0.5024509803921569 0.4150390625 0.04084967320261438 0.03515625
