9 0.4091666666666667 0.375625 0.011666666666666667 0.0225
9 0.15916666666666668 0.3840625 0.009444444444444445 0.024375
2 0.9794444444444445 0.435625 0.04111111111111111 0.0425
2 0.8130555555555555 0.5434375 0.3738888888888889 0.273125
2 0.5875 0.4853125 0.32611111111111113 0.238125
2 0.40055555555555555 0.4978125 0.09222222222222222 0.141875
2 0.32972222222222225 0.4890625 0.1438888888888889 0.119375
2 0.26611111111111113 0.4875 0.08555555555555555 0.10375
2 0.21555555555555556 0.4890625 0.09222222222222222 0.093125
2 0.19527777777777777 0.4725 0.1527777777777778 0.1
2 0.10611111111111111 0.47875 0.042222222222222223 0.0525
2 0.08861111111111111 0.475 0.085 0.06375
2 0.07444444444444444 0.4671875 0.07333333333333333 0.054375
2 0.023333333333333334 0.4721875 0.04666666666666667 0.041875
