9 0.35498046875 0.4752604166666667 0.0126953125 0.005208333333333333
9 0.36865234375 0.4749348958333333 0.015625 0.021484375
9 0.688720703125 0.4505208333333333 0.02978515625 0.037760416666666664
9 0.689697265625 0.47265625 0.01123046875 0.006510416666666667
1 0.689208984375 0.6051432291666666 0.01708984375 0.076171875
2 0.06640625 0.5859375 0.095703125 0.15104166666666666
2 0.157958984375 0.57421875 0.11376953125 0.109375
2 0.225830078125 0.5660807291666666 0.07470703125 0.083984375
2 0.41552734375 0.53125 0.03515625 0.0390625
2 0.442138671875 0.5309244791666666 0.01904296875 0.029296875
2 0.45556640625 0.5299479166666666 0.0166015625 0.028645833333333332
2 0.468505859375 0.53125 0.01611328125 0.024739583333333332
0 0.689453125 0.5686848958333334 0.03515625 0.115234375
