0 0.818359375 0.51416015625 0.02421875 0.0810546875
0 0.794140625 0.50390625 0.01328125 0.064453125
0 0.565625 0.50244140625 0.009375 0.0478515625
0 0.557421875 0.50341796875 0.00703125 0.0380859375
2 0.92578125 0.7041015625 0.1484375 0.25390625
2 0.6328125 0.51416015625 0.0671875 0.0751953125
2 0.509765625 0.49365234375 0.03203125 0.0361328125
2 0.4390625 0.501953125 0.0421875 0.046875
2 0.47265625 0.48583984375 0.0296875 0.0322265625
2 0.7328125 0.4873046875 0.0734375 0.048828125
2 0.566015625 0.48046875 0.03203125 0.029296875
8 0.25390625 0.54443359375 0.015625 0.0400390625
