9 0.3511111111111111 0.4340625 0.011111111111111112 0.018125
9 0.5455555555555556 0.4415625 0.008888888888888889 0.011875
0 0.7369444444444444 0.479375 0.04388888888888889 0.125
0 0.3688888888888889 0.470625 0.017777777777777778 0.05
0 0.2288888888888889 0.473125 0.022222222222222223 0.0825
0 0.2644444444444444 0.481875 0.022222222222222223 0.0775
2 0.8841666666666667 0.4734375 0.23166666666666666 0.146875
2 0.675 0.47125 0.07 0.02625
2 0.6255555555555555 0.4640625 0.043333333333333335 0.020625
2 0.5855555555555556 0.461875 0.03222222222222222 0.00875
2 0.48583333333333334 0.4628125 0.02388888888888889 0.024375
2 0.45666666666666667 0.4759375 0.04777777777777778 0.049375
2 0.36777777777777776 0.465625 0.058888888888888886 0.03875
2 0.3086111111111111 0.4615625 0.04833333333333333 0.024375
2 0.28583333333333333 0.4653125 0.02388888888888889 0.024375
2 0.21083333333333334 0.4675 0.025 0.03
2 0.15138888888888888 0.4659375 0.09166666666666666 0.065625
2 0.06444444444444444 0.4815625 0.1288888888888889 0.089375
8 0.6063888888888889 0.486875 0.009444444444444445 0.02625
