7 0.7402777777777778 0.4134375 0.017222222222222222 0.018125
7 0.7013888888888888 0.409375 0.008333333333333333 0.025
7 0.705 0.441875 0.006666666666666667 0.01
7 0.6191666666666666 0.4146875 0.007222222222222222 0.025625
7 0.18638888888888888 0.3534375 0.011666666666666667 0.034375
7 0.3516666666666667 0.40375 0.008888888888888889 0.0275
7 0.3488888888888889 0.43125 0.008888888888888889 0.01
7 0.2611111111111111 0.3965625 0.008888888888888889 0.031875
7 0.2613888888888889 0.4271875 0.007222222222222222 0.011875
9 0.8925 0.35375 0.04055555555555555 0.04
9 0.5569444444444445 0.44875 0.005 0.0075
9 0.5233333333333333 0.4409375 0.005555555555555556 0.008125
9 0.495 0.4465625 0.005555555555555556 0.006875
9 0.49972222222222223 0.4459375 0.005 0.005625
2 0.5469444444444445 0.47875 0.035 0.02875
2 0.5327777777777778 0.4734375 0.027777777777777776 0.026875
2 0.5022222222222222 0.4678125 0.01888888888888889 0.016875
2 0.4766666666666667 0.4665625 0.021111111111111112 0.019375
2 0.4091666666666667 0.46125 0.03722222222222222 0.04375
2 0.43 0.466875 0.0077777777777777776 0.01
2 0.43583333333333335 0.4640625 0.009444444444444445 0.009375
2 0.4488888888888889 0.4634375 0.008888888888888889 0.009375
2 0.46194444444444444 0.461875 0.008333333333333333 0.01
2 0.4905555555555556 0.4653125 0.006666666666666667 0.014375
