9 0.3328125 0.4208984375 0.025 0.01171875
0 0.725 0.52294921875 0.01875 0.0986328125
0 0.763671875 0.52587890625 0.02734375 0.1103515625
0 0.798046875 0.5263671875 0.03515625 0.107421875
0 0.42890625 0.46728515625 0.0078125 0.0322265625
1 0.376171875 0.4794921875 0.00859375 0.01953125
2 0.1625 0.50634765625 0.0671875 0.0537109375
2 0.038671875 0.515625 0.07734375 0.072265625
2 0.032421875 0.5390625 0.06484375 0.087890625
2 0.483984375 0.46923828125 0.03671875 0.0341796875
0 0.37578125 0.47021484375 0.009375 0.0322265625
8 0.341015625 0.482421875 0.00703125 0.01953125
