7 0.5125 0.29625 0.02388888888888889 0.02625
7 0.2683333333333333 0.133125 0.03 0.0675
7 0.09861111111111111 0.16625 0.029444444444444443 0.07125
9 0.1622222222222222 0.40875 0.02 0.00875
9 0.6661111111111111 0.3609375 0.03 0.038125
9 0.6519444444444444 0.3371875 0.02388888888888889 0.018125
9 0.6166666666666667 0.4215625 0.012222222222222223 0.015625
9 0.6616666666666666 0.4015625 0.023333333333333334 0.009375
9 0.21833333333333332 0.1375 0.04555555555555556 0.0525
0 0.1638888888888889 0.469375 0.015555555555555555 0.05125
0 0.085 0.4715625 0.013333333333333334 0.043125
1 0.6341666666666667 0.4915625 0.015 0.054375
2 0.35305555555555557 0.470625 0.125 0.0575
2 0.48 0.475625 0.13333333333333333 0.135
0 0.6422222222222222 0.4728125 0.03111111111111111 0.081875
