9 0.9941666666666666 0.3584375 0.011666666666666667 0.055625
9 0.8283333333333334 0.395 0.01 0.04125
9 0.6502777777777777 0.4309375 0.005 0.016875
9 0.5586111111111111 0.4440625 0.009444444444444445 0.010625
9 0.5366666666666666 0.4453125 0.0033333333333333335 0.003125
9 0.5366666666666666 0.4403125 0.005555555555555556 0.006875
9 0.6205555555555555 0.4359375 0.006666666666666667 0.010625
9 0.45694444444444443 0.4325 0.005 0.01
9 0.37583333333333335 0.4465625 0.008333333333333333 0.010625
9 0.8344444444444444 0.395 0.006666666666666667 0.03875
0 0.7377777777777778 0.4796875 0.02 0.036875
0 0.705 0.486875 0.025555555555555557 0.07125
0 0.6822222222222222 0.4934375 0.022222222222222223 0.059375
0 0.7202777777777778 0.488125 0.019444444444444445 0.06625
2 0.6236111111111111 0.4734375 0.09944444444444445 0.043125
2 0.5233333333333333 0.465625 0.01888888888888889 0.01625
2 0.5319444444444444 0.4521875 0.01611111111111111 0.015625
2 0.5511111111111111 0.4421875 0.006666666666666667 0.010625
2 0.5594444444444444 0.43375 0.011111111111111112 0.01
2 0.11666666666666667 0.5325 0.23333333333333334 0.2075
2 0.26305555555555554 0.495625 0.06833333333333333 0.0525
2 0.3125 0.4903125 0.045 0.043125
2 0.4711111111111111 0.45125 0.02 0.015
2 0.46111111111111114 0.46625 0.021111111111111112 0.01875
2 0.4305555555555556 0.4803125 0.03222222222222222 0.025625
2 0.4388888888888889 0.4646875 0.021111111111111112 0.021875
2 0.44972222222222225 0.4609375 0.009444444444444445 0.015625
2 0.5375 0.406875 0.010555555555555556 0.01
2 0.5319444444444444 0.4125 0.012777777777777779 0.01125
2 0.5411111111111111 0.40375 0.008888888888888889 0.00875
2 0.7213888888888889 0.468125 0.05722222222222222 0.035
14 0.38166666666666665 0.4840625 0.025555555555555557 0.030625
2 0.3586111111111111 0.484375 0.042777777777777776 0.0275
