7 0.785 0.34 0.01888888888888889 0.04375
7 0.7547222222222222 0.3415625 0.010555555555555556 0.034375
7 0.6702777777777778 0.2884375 0.011666666666666667 0.061875
7 0.6697222222222222 0.375 0.012777777777777779 0.02
7 0.6569444444444444 0.2984375 0.009444444444444445 0.073125
7 0.5186111111111111 0.410625 0.008333333333333333 0.03375
7 0.5108333333333334 0.418125 0.002777777777777778 0.0175
7 0.3175 0.3809375 0.007222222222222222 0.021875
9 0.9858333333333333 0.28375 0.025 0.0775
9 0.7925 0.370625 0.030555555555555555 0.0075
9 0.7752777777777777 0.3878125 0.03277777777777778 0.015625
9 0.515 0.385 0.021111111111111112 0.00875
9 0.4 0.3759375 0.017777777777777778 0.020625
9 0.3352777777777778 0.375625 0.017222222222222222 0.02
9 0.4247222222222222 0.464375 0.008333333333333333 0.00625
9 0.42444444444444446 0.47375 0.0044444444444444444 0.0125
2 0.9416666666666667 0.4321875 0.07444444444444444 0.049375
2 0.5383333333333333 0.4671875 0.08888888888888889 0.031875
2 0.04777777777777778 0.4778125 0.09555555555555556 0.096875
2 0.175 0.47625 0.1688888888888889 0.12125
2 0.29305555555555557 0.45625 0.11166666666666666 0.09
