7 0.2916666666666667 0.354375 0.02 0.05375
7 0.30333333333333334 0.3571875 0.013333333333333334 0.051875
7 0.745 0.3340625 0.02 0.051875
7 0.745 0.385625 0.013333333333333334 0.01625
7 0.5683333333333334 0.228125 0.022222222222222223 0.055
9 0.6302777777777778 0.4228125 0.009444444444444445 0.011875
0 0.23555555555555555 0.444375 0.013333333333333334 0.02625
0 0.2758333333333333 0.4690625 0.017222222222222222 0.053125
0 0.3491666666666667 0.461875 0.013888888888888888 0.04
1 0.9588888888888889 0.4615625 0.06111111111111111 0.051875
1 0.31666666666666665 0.4809375 0.016666666666666666 0.038125
1 0.5594444444444444 0.4603125 0.0044444444444444444 0.010625
1 0.6311111111111111 0.46875 0.01 0.02625
1 0.6458333333333334 0.4684375 0.011666666666666667 0.026875
1 0.7169444444444445 0.468125 0.01611111111111111 0.03875
2 0.9536111111111111 0.6340625 0.09277777777777778 0.269375
2 0.33166666666666667 0.4625 0.016666666666666666 0.0225
2 0.3525 0.463125 0.026111111111111113 0.0275
2 0.42388888888888887 0.471875 0.01888888888888889 0.0375
2 0.38805555555555554 0.46875 0.06722222222222222 0.06
2 0.4761111111111111 0.47625 0.08555555555555555 0.05875
2 0.4925 0.4603125 0.055 0.049375
2 0.5213888888888889 0.459375 0.028333333333333332 0.0425
0 0.45 0.451875 0.015555555555555555 0.02625
0 0.5594444444444444 0.455625 0.0044444444444444444 0.015
0 0.6311111111111111 0.458125 0.01 0.0325
0 0.6458333333333334 0.455625 0.011666666666666667 0.03125
