7 0.07763671875 0.4225260416666667 0.0205078125 0.041666666666666664
7 0.73779296875 0.4166666666666667 0.021484375 0.046875
7 0.4296875 0.5289713541666666 0.0068359375 0.022786458333333332
7 0.6044921875 0.5302734375 0.0078125 0.026692708333333332
9 0.733642578125 0.4993489583333333 0.02978515625 0.059895833333333336
9 0.087646484375 0.4983723958333333 0.02685546875 0.052734375
9 0.583740234375 0.5501302083333334 0.00634765625 0.009114583333333334
9 0.734375 0.5537109375 0.013671875 0.022786458333333332
2 0.181640625 0.6149088541666666 0.15234375 0.099609375
2 0.5458984375 0.5673828125 0.029296875 0.025390625
