7 0.19333333333333333 0.3890625 0.01 0.025625
7 0.14333333333333334 0.386875 0.006666666666666667 0.02375
7 0.08916666666666667 0.2459375 0.010555555555555556 0.034375
7 0.11305555555555556 0.2728125 0.009444444444444445 0.035625
7 0.44 0.2925 0.013333333333333334 0.0325
7 0.535 0.2834375 0.013333333333333334 0.033125
7 0.6522222222222223 0.2328125 0.012222222222222223 0.039375
7 0.7913888888888889 0.2334375 0.011666666666666667 0.039375
7 0.8780555555555556 0.364375 0.007222222222222222 0.02
7 0.9719444444444445 0.2878125 0.009444444444444445 0.026875
9 0.35 0.3209375 0.03222222222222222 0.015625
9 0.7036111111111111 0.2265625 0.03944444444444444 0.026875
9 0.8297222222222222 0.38125 0.009444444444444445 0.00875
9 0.8294444444444444 0.3690625 0.014444444444444444 0.015625
9 0.9922222222222222 0.2875 0.015555555555555555 0.0225
2 0.9355555555555556 0.496875 0.1288888888888889 0.22375
2 0.49805555555555553 0.430625 0.029444444444444443 0.0275
2 0.6361111111111111 0.5125 0.24666666666666667 0.20875
