4 0.68505859375 0.5224609375 0.2294921875 0.15299479166666666
4 0.154052734375 0.4817708333333333 0.22705078125 0.12369791666666667
4 0.295166015625 0.5 0.09033203125 0.1484375
4 0.45654296875 0.5172526041666666 0.2265625 0.095703125
0 0.658935546875 0.5647786458333334 0.02294921875 0.11393229166666667
0 0.4228515625 0.5696614583333334 0.0380859375 0.15104166666666666
0 0.350830078125 0.5537109375 0.02685546875 0.09830729166666667
0 0.377685546875 0.556640625 0.02294921875 0.10546875
0 0.91015625 0.5348307291666666 0.0166015625 0.052734375
2 0.5419921875 0.5716145833333334 0.1357421875 0.10546875
2 0.244873046875 0.6022135416666666 0.17529296875 0.14322916666666666
2 0.102783203125 0.625 0.14599609375 0.2708333333333333
2 0.829345703125 0.5276692708333334 0.06396484375 0.037109375
