9 0.51796875 0.4345703125 0.00625 0.0078125
0 0.54453125 0.52001953125 0.0296875 0.1103515625
0 0.572265625 0.52880859375 0.03203125 0.0986328125
0 0.58828125 0.52001953125 0.025 0.1083984375
2 0.858984375 0.66748046875 0.28203125 0.3505859375
2 0.76640625 0.58984375 0.1953125 0.216796875
2 0.651953125 0.537109375 0.09296875 0.091796875
2 0.628515625 0.52099609375 0.06953125 0.0830078125
2 0.59375 0.490234375 0.034375 0.029296875
2 0.545703125 0.478515625 0.04140625 0.037109375
2 0.533203125 0.47021484375 0.02890625 0.0283203125
2 0.51796875 0.47021484375 0.0109375 0.0205078125
2 0.515625 0.4658203125 0.0109375 0.01953125
2 0.490234375 0.47900390625 0.03359375 0.0361328125
2 0.05703125 0.6455078125 0.1140625 0.240234375
2 0.1515625 0.57666015625 0.1734375 0.2021484375
2 0.241796875 0.568359375 0.05546875 0.11328125
2 0.255078125 0.54931640625 0.08671875 0.0947265625
2 0.284765625 0.53271484375 0.06953125 0.0771484375
2 0.3078125 0.521484375 0.059375 0.0703125
2 0.3328125 0.50634765625 0.0671875 0.0751953125
2 0.376171875 0.494140625 0.04140625 0.04296875
2 0.39765625 0.48193359375 0.0328125 0.0380859375
2 0.418359375 0.478515625 0.02109375 0.02734375
2 0.42734375 0.4755859375 0.015625 0.025390625
2 0.426171875 0.47216796875 0.02265625 0.0263671875
2 0.442578125 0.46533203125 0.01953125 0.0224609375
2 0.4515625 0.4638671875 0.0078125 0.015625
2 0.45390625 0.4580078125 0.015625 0.013671875
2 0.25546875 0.48876953125 0.04375 0.0283203125
2 0.021484375 0.498046875 0.04296875 0.04296875
2 0.0828125 0.49072265625 0.046875 0.0419921875
2 0.144140625 0.47265625 0.05234375 0.01953125
2 0.20859375 0.4765625 0.0609375 0.029296875
0 0.473046875 0.46435546875 0.00703125 0.0263671875
0 0.458203125 0.46533203125 0.00546875 0.0224609375
