7 0.7148692810457516 0.44775390625 0.004901960784313725 0.0224609375
7 0.7209967320261438 0.44775390625 0.005718954248366013 0.0224609375
7 0.6540032679738562 0.40625 0.018790849673202614 0.044921875
9 0.75 0.44287109375 0.014705882352941176 0.0166015625
9 0.7508169934640523 0.458984375 0.011437908496732025 0.015625
9 0.7475490196078431 0.4697265625 0.00980392156862745 0.017578125
9 0.7536764705882353 0.4736328125 0.008986928104575163 0.015625
9 0.6025326797385621 0.4501953125 0.012254901960784314 0.015625
9 0.6025326797385621 0.46630859375 0.010620915032679739 0.0166015625
9 0.2761437908496732 0.46875 0.014705882352941176 0.015625
9 0.2761437908496732 0.48095703125 0.011437908496732025 0.0087890625
9 0.3525326797385621 0.484375 0.008986928104575163 0.013671875
0 0.7271241830065359 0.5234375 0.017973856209150325 0.060546875
0 0.6017156862745098 0.5146484375 0.015522875816993464 0.041015625
0 0.01184640522875817 0.517578125 0.015522875816993464 0.03125
0 0.35375816993464054 0.51806640625 0.011437908496732025 0.0419921875
0 0.48447712418300654 0.4990234375 0.006535947712418301 0.021484375
0 0.983251633986928 0.4560546875 0.03349673202614379 0.17578125
3 0.7900326797385621 0.56396484375 0.06699346405228758 0.1279296875
3 0.7561274509803921 0.56640625 0.04493464052287582 0.109375
3 0.7655228758169934 0.54736328125 0.07679738562091504 0.0849609375
3 0.5910947712418301 0.515625 0.015522875816993464 0.02734375
3 0.2042483660130719 0.5361328125 0.021241830065359478 0.04296875
3 0.17851307189542484 0.52392578125 0.022058823529411766 0.0322265625
2 0.7749183006535948 0.52197265625 0.0988562091503268 0.0615234375
2 0.5236928104575164 0.5556640625 0.09803921568627451 0.087890625
2 0.11723856209150327 0.60791015625 0.23447712418300654 0.1826171875
2 0.2867647058823529 0.54052734375 0.119281045751634 0.1083984375
2 0.39133986928104575 0.5078125 0.03594771241830065 0.04296875
2 0.4272875816993464 0.50146484375 0.03758169934640523 0.0498046875
2 0.5416666666666666 0.50048828125 0.013071895424836602 0.0146484375
