1 0.5808333333333333 0.5784375 0.25166666666666665 0.179375
1 0.43805555555555553 0.5303125 0.14722222222222223 0.115625
1 0.2611111111111111 0.515625 0.04777777777777778 0.08875
1 0.29583333333333334 0.5134375 0.030555555555555555 0.063125
1 0.31305555555555553 0.4990625 0.019444444444444445 0.041875
1 0.3322222222222222 0.501875 0.027777777777777776 0.055
1 0.3591666666666667 0.489375 0.020555555555555556 0.04125
2 0.0825 0.49875 0.165 0.09875
2 0.24583333333333332 0.475625 0.07388888888888889 0.07125
2 0.3813888888888889 0.469375 0.02388888888888889 0.02625
2 0.5322222222222223 0.474375 0.015555555555555555 0.04125
2 0.5194444444444445 0.47125 0.014444444444444444 0.0325
2 0.4963888888888889 0.4721875 0.009444444444444445 0.008125
2 0.4494444444444444 0.466875 0.023333333333333334 0.02375
2 0.4672222222222222 0.47 0.012222222222222223 0.0125
0 0.5941666666666666 0.515 0.11722222222222223 0.26375
0 0.43222222222222223 0.4925 0.07888888888888888 0.1575
0 0.2608333333333333 0.4828125 0.04722222222222222 0.119375
0 0.2922222222222222 0.478125 0.03333333333333333 0.08875
0 0.3313888888888889 0.476875 0.029444444444444443 0.075
0 0.3625 0.4709375 0.028333333333333332 0.068125
0 0.3138888888888889 0.4784375 0.01888888888888889 0.066875
