7 0.9916666666666667 0.365625 0.016666666666666666 0.02375
7 0.9902777777777778 0.2934375 0.019444444444444445 0.076875
7 0.825 0.383125 0.02 0.0225
7 0.8205555555555556 0.319375 0.028888888888888888 0.0675
7 0.46166666666666667 0.17 0.04777777777777778 0.0725
9 0.6880555555555555 0.2534375 0.11277777777777778 0.026875
9 0.6297222222222222 0.396875 0.020555555555555556 0.01875
9 0.6294444444444445 0.4103125 0.01 0.008125
9 0.16444444444444445 0.4253125 0.005555555555555556 0.009375
9 0.4011111111111111 0.456875 0.0077777777777777776 0.00875
9 0.5147222222222222 0.1703125 0.02722222222222222 0.038125
0 0.8838888888888888 0.47 0.02666666666666667 0.09625
0 0.8275 0.453125 0.018333333333333333 0.07625
0 0.7786111111111111 0.45 0.021666666666666667 0.03375
0 0.7533333333333333 0.4475 0.012222222222222223 0.0175
0 0.6019444444444444 0.459375 0.012777777777777779 0.02
0 0.5766666666666667 0.4675 0.0077777777777777776 0.0175
0 0.008333333333333333 0.48125 0.016666666666666666 0.0575
0 0.135 0.4465625 0.016666666666666666 0.016875
0 0.10694444444444444 0.4490625 0.012777777777777779 0.024375
0 0.20472222222222222 0.4565625 0.011666666666666667 0.023125
0 0.29694444444444446 0.454375 0.006111111111111111 0.01375
1 0.5316666666666666 0.471875 0.0077777777777777776 0.0175
1 0.03916666666666667 0.470625 0.03833333333333333 0.0325
1 0.07083333333333333 0.4678125 0.029444444444444443 0.031875
2 0.6827777777777778 0.4884375 0.2388888888888889 0.098125
2 0.5016666666666667 0.4659375 0.04888888888888889 0.048125
2 0.4663888888888889 0.473125 0.007222222222222222 0.00625
2 0.43 0.4703125 0.03888888888888889 0.031875
2 0.32305555555555554 0.475625 0.059444444444444446 0.04125
2 0.12861111111111112 0.4890625 0.11722222222222223 0.069375
0 0.5316666666666666 0.4659375 0.006666666666666667 0.018125
