9 0.7944444444444444 0.3246875 0.02 0.024375
9 0.7955555555555556 0.3459375 0.051111111111111114 0.020625
9 0.7183333333333334 0.4353125 0.02 0.020625
9 0.485 0.48375 0.005555555555555556 0.0075
0 0.7866666666666666 0.5159375 0.042222222222222223 0.129375
0 0.4116666666666667 0.503125 0.005555555555555556 0.02
2 0.5761111111111111 0.53125 0.09555555555555556 0.07375
2 0.4986111111111111 0.51 0.030555555555555555 0.03125
2 0.4925 0.505 0.029444444444444443 0.0325
2 0.4775 0.50375 0.010555555555555556 0.02375
2 0.46444444444444444 0.5003125 0.022222222222222223 0.013125
2 0.4683333333333333 0.493125 0.013333333333333334 0.00625
2 0.44333333333333336 0.4903125 0.006666666666666667 0.005625
2 0.43527777777777776 0.5003125 0.011666666666666667 0.010625
2 0.4386111111111111 0.4971875 0.009444444444444445 0.009375
2 0.4225 0.498125 0.010555555555555556 0.01
2 0.4263888888888889 0.495625 0.010555555555555556 0.01125
2 0.43277777777777776 0.49125 0.008888888888888889 0.0075
2 0.3861111111111111 0.506875 0.04777777777777778 0.05
2 0.385 0.518125 0.03 0.04
2 0.37 0.523125 0.04 0.045
2 0.32472222222222225 0.526875 0.07388888888888889 0.06375
2 0.2811111111111111 0.506875 0.03666666666666667 0.02375
2 0.23305555555555554 0.55125 0.14277777777777778 0.1025
2 0.19 0.535625 0.09555555555555556 0.09
2 0.4477777777777778 0.48875 0.005555555555555556 0.005
