7 0.4677777777777778 0.03375 0.027777777777777776 0.0675
7 0.5436111111111112 0.3959375 0.015 0.040625
7 0.5905555555555555 0.3975 0.005555555555555556 0.03125
7 0.5422222222222223 0.43125 0.012222222222222223 0.0175
7 0.44472222222222224 0.4003125 0.009444444444444445 0.030625
7 0.4463888888888889 0.433125 0.015 0.015
7 0.21916666666666668 0.2853125 0.012777777777777779 0.039375
9 0.5280555555555555 0.0353125 0.03722222222222222 0.070625
9 0.034444444444444444 0.4609375 0.02 0.026875
9 0.32666666666666666 0.4609375 0.008888888888888889 0.015625
2 0.065 0.5090625 0.10444444444444445 0.080625
2 0.5133333333333333 0.4790625 0.04 0.024375
2 0.37694444444444447 0.4921875 0.04055555555555555 0.036875
2 0.3463888888888889 0.4859375 0.03611111111111111 0.024375
2 0.2975 0.488125 0.051666666666666666 0.02
