7 0.44222222222222224 0.37875 0.008888888888888889 0.02125
7 0.5333333333333333 0.4178125 0.0044444444444444444 0.014375
7 0.34194444444444444 0.373125 0.008333333333333333 0.01625
9 0.6211111111111111 0.3934375 0.01888888888888889 0.024375
9 0.6216666666666667 0.4153125 0.01 0.016875
2 0.9286111111111112 0.5403125 0.14277777777777778 0.204375
2 0.8152777777777778 0.495 0.23722222222222222 0.18
2 0.6380555555555556 0.4759375 0.10277777777777777 0.070625
2 0.5580555555555555 0.464375 0.049444444444444444 0.03875
2 0.5288888888888889 0.4646875 0.01888888888888889 0.025625
2 0.5008333333333334 0.4578125 0.019444444444444445 0.018125
2 0.2911111111111111 0.4778125 0.13111111111111112 0.114375
2 0.20472222222222222 0.480625 0.041666666666666664 0.04375
2 0.05 0.495 0.09555555555555556 0.06125
2 0.12111111111111111 0.4921875 0.06222222222222222 0.043125
