7 0.49972222222222223 0.2259375 0.02722222222222222 0.068125
7 0.9136111111111112 0.32125 0.025 0.055
9 0.9627777777777777 0.3496875 0.042222222222222223 0.013125
0 0.8738888888888889 0.475625 0.03 0.115
0 0.8997222222222222 0.4721875 0.03388888888888889 0.098125
1 0.7055555555555556 0.4925 0.03666666666666667 0.04875
2 0.4463888888888889 0.4875 0.20055555555555554 0.205
0 0.7030555555555555 0.46375 0.025 0.065
7 0.7483333333333333 0.3609375 0.014444444444444444 0.041875
9 0.6305555555555555 0.419375 0.013333333333333334 0.02
