7 0.22058823529411764 0.431640625 0.004901960784313725 0.013671875
7 0.22916666666666666 0.4453125 0.004084967320261438 0.005859375
7 0.33986928104575165 0.45361328125 0.0032679738562091504 0.0048828125
7 0.34558823529411764 0.453125 0.0032679738562091504 0.00390625
7 0.3958333333333333 0.44287109375 0.005718954248366013 0.0068359375
7 0.4084967320261438 0.45166015625 0.0032679738562091504 0.0107421875
7 0.43586601307189543 0.42236328125 0.005718954248366013 0.0205078125
7 0.4775326797385621 0.45166015625 0.004084967320261438 0.0048828125
7 0.5020424836601307 0.455078125 0.004084967320261438 0.005859375
7 0.5996732026143791 0.43115234375 0.006535947712418301 0.0205078125
9 0.2042483660130719 0.4013671875 0.017973856209150325 0.01171875
9 0.2042483660130719 0.4130859375 0.017973856209150325 0.009765625
9 0.2042483660130719 0.42431640625 0.017973856209150325 0.0087890625
9 0.20383986928104575 0.435546875 0.01715686274509804 0.009765625
9 0.2777777777777778 0.43896484375 0.008169934640522876 0.0126953125
9 0.2769607843137255 0.42236328125 0.006535947712418301 0.0146484375
9 0.29901960784313725 0.4375 0.0196078431372549 0.005859375
9 0.29901960784313725 0.44287109375 0.021241830065359478 0.0048828125
9 0.29983660130718953 0.44775390625 0.0196078431372549 0.0048828125
9 0.3006535947712418 0.453125 0.017973856209150325 0.005859375
9 0.434640522875817 0.44384765625 0.014705882352941176 0.0166015625
9 0.4354575163398693 0.45361328125 0.011437908496732025 0.0048828125
9 0.4783496732026144 0.4443359375 0.005718954248366013 0.009765625
9 0.49060457516339867 0.43994140625 0.007352941176470588 0.0107421875
9 0.4897875816993464 0.46533203125 0.007352941176470588 0.0087890625
9 0.4133986928104575 0.462890625 0.011437908496732025 0.013671875
9 0.39215686274509803 0.4921875 0.0196078431372549 0.021484375
9 0.5984477124183006 0.45166015625 0.010620915032679739 0.0185546875
0 0.15849673202614378 0.49169921875 0.014705882352941176 0.0498046875
0 0.1715686274509804 0.4892578125 0.016339869281045753 0.05859375
0 0.22508169934640523 0.470703125 0.005718954248366013 0.01953125
0 0.5980392156862745 0.4833984375 0.00980392156862745 0.0390625
0 0.2332516339869281 0.46728515625 0.004084967320261438 0.0126953125
6 0.5919117647058824 0.47021484375 0.03349673202614379 0.0263671875
3 0.056781045751633986 0.5146484375 0.041666666666666664 0.068359375
3 0.0951797385620915 0.509765625 0.04003267973856209 0.0625
2 0.18913398692810457 0.47265625 0.015522875816993464 0.009765625
2 0.2136437908496732 0.47314453125 0.013888888888888888 0.0107421875
2 0.24673202614379086 0.4697265625 0.021241830065359478 0.013671875
2 0.2651143790849673 0.4677734375 0.012254901960784314 0.01171875
2 0.5130718954248366 0.47607421875 0.021241830065359478 0.0244140625
2 0.4861111111111111 0.49169921875 0.049019607843137254 0.0458984375
2 0.45955882352941174 0.54052734375 0.12173202614379085 0.1162109375
2 0.5490196078431373 0.4775390625 0.058823529411764705 0.078125
2 0.7181372549019608 0.56689453125 0.1895424836601307 0.1552734375
2 0.1454248366013072 0.48876953125 0.07352941176470588 0.0498046875
0 0.40236928104575165 0.47216796875 0.008986928104575163 0.0205078125
0 0.4035947712418301 0.4794921875 0.013071895424836602 0.015625
