7 0.4152777777777778 0.4359375 0.008333333333333333 0.011875
7 0.5005555555555555 0.43375 0.005555555555555556 0.0075
7 0.4897222222222222 0.4378125 0.005 0.005625
9 0.9275 0.311875 0.028333333333333332 0.04375
9 0.6247222222222222 0.379375 0.015 0.025
0 0.7241666666666666 0.4359375 0.013888888888888888 0.029375
0 0.7102777777777778 0.4365625 0.013888888888888888 0.026875
0 0.6958333333333333 0.435625 0.015 0.02875
0 0.03888888888888889 0.4846875 0.017777777777777778 0.071875
2 0.4722222222222222 0.4490625 0.013333333333333334 0.013125
