9 0.514892578125 0.5016276041666666 0.00439453125 0.008463541666666666
9 0.514892578125 0.4947916666666667 0.00537109375 0.00390625
0 0.903076171875 0.6360677083333334 0.05126953125 0.3046875
1 0.39404296875 0.5472005208333334 0.0126953125 0.030598958333333332
1 0.193115234375 0.6259765625 0.03466796875 0.11263020833333333
1 0.13427734375 0.6334635416666666 0.0390625 0.09635416666666667
2 0.93505859375 0.5784505208333334 0.0693359375 0.13606770833333334
2 0.796142578125 0.552734375 0.11279296875 0.12630208333333334
2 0.713134765625 0.5579427083333334 0.07958984375 0.1015625
2 0.67138671875 0.5224609375 0.0517578125 0.060546875
2 0.640869140625 0.5276692708333334 0.02978515625 0.052734375
2 0.56396484375 0.5218098958333334 0.01171875 0.031901041666666664
2 0.61962890625 0.5260416666666666 0.025390625 0.05078125
2 0.513427734375 0.5257161458333334 0.02685546875 0.033203125
2 0.4609375 0.53125 0.02734375 0.022135416666666668
2 0.432373046875 0.5260416666666666 0.01318359375 0.018229166666666668
2 0.408203125 0.5276692708333334 0.0166015625 0.029296875
2 0.36474609375 0.5423177083333334 0.021484375 0.040364583333333336
2 0.355712890625 0.5455729166666666 0.01708984375 0.0390625
2 0.322509765625 0.544921875 0.05322265625 0.06640625
2 0.29248046875 0.5559895833333334 0.0693359375 0.06380208333333333
2 0.209716796875 0.5654296875 0.10595703125 0.10481770833333333
2 0.1220703125 0.5986328125 0.111328125 0.10481770833333333
0 0.394287109375 0.5335286458333334 0.01318359375 0.038411458333333336
0 0.191162109375 0.58203125 0.04931640625 0.17317708333333334
0 0.134033203125 0.5787760416666666 0.04638671875 0.15885416666666666
