4 0.62646484375 0.5208333333333334 0.037109375 0.053385416666666664
4 0.53369140625 0.51953125 0.078125 0.03125
9 0.807861328125 0.4573567708333333 0.02783203125 0.046223958333333336
9 0.792724609375 0.4567057291666667 0.00439453125 0.026692708333333332
0 0.961181640625 0.5784505208333334 0.01708984375 0.12044270833333333
0 0.886474609375 0.5361328125 0.02001953125 0.039713541666666664
0 0.873779296875 0.5589192708333334 0.01806640625 0.08528645833333333
0 0.850341796875 0.5598958333333334 0.02099609375 0.08333333333333333
0 0.833740234375 0.5559895833333334 0.02294921875 0.078125
0 0.816650390625 0.5579427083333334 0.01220703125 0.08463541666666667
0 0.792724609375 0.5458984375 0.01220703125 0.056640625
0 0.328125 0.5494791666666666 0.0205078125 0.0546875
0 0.3125 0.5478515625 0.0146484375 0.057942708333333336
0 0.296875 0.5465494791666666 0.0166015625 0.055338541666666664
1 0.908447265625 0.5787760416666666 0.06689453125 0.055989583333333336
1 0.89990234375 0.5748697916666666 0.0625 0.057291666666666664
1 0.844482421875 0.5706380208333334 0.04345703125 0.038411458333333336
1 0.788818359375 0.5826822916666666 0.01904296875 0.0390625
2 0.652587890625 0.548828125 0.03662109375 0.04296875
2 0.58056640625 0.5325520833333334 0.0244140625 0.024739583333333332
2 0.6005859375 0.5208333333333334 0.0205078125 0.032552083333333336
0 0.730224609375 0.5709635416666666 0.03173828125 0.11067708333333333
0 0.6904296875 0.5667317708333334 0.0302734375 0.123046875
8 0.261474609375 0.572265625 0.01904296875 0.040364583333333336
11 0.68701171875 0.6302083333333334 0.0224609375 0.013020833333333334
11 0.732177734375 0.6285807291666666 0.01416015625 0.009765625
