7 0.8494444444444444 0.22375 0.03 0.08875
7 0.4216666666666667 0.445 0.0044444444444444444 0.01
9 0.6236111111111111 0.390625 0.019444444444444445 0.02875
9 0.8358333333333333 0.318125 0.025 0.0425
9 0.8708333333333333 0.3253125 0.020555555555555556 0.028125
0 0.40694444444444444 0.468125 0.012777777777777779 0.0275
0 0.6838888888888889 0.4684375 0.03222222222222222 0.083125
0 0.6777777777777778 0.4684375 0.016666666666666666 0.070625
0 0.7105555555555556 0.4584375 0.016666666666666666 0.060625
0 0.9636111111111111 0.4584375 0.02722222222222222 0.094375
0 0.06416666666666666 0.4834375 0.029444444444444443 0.056875
0 0.20416666666666666 0.505625 0.10277777777777777 0.2425
0 0.14583333333333334 0.531875 0.12166666666666667 0.2625
2 0.1272222222222222 0.480625 0.10666666666666667 0.10125
2 0.27555555555555555 0.4990625 0.14444444444444443 0.106875
2 0.325 0.4740625 0.10555555555555556 0.110625
2 0.38027777777777777 0.4709375 0.019444444444444445 0.058125
2 0.45222222222222225 0.4803125 0.05 0.075625
2 0.5136111111111111 0.4671875 0.10944444444444444 0.095625
2 0.5336111111111111 0.505625 0.14833333333333334 0.13625
