7 0.9088888888888889 0.4071875 0.01 0.048125
7 0.7486111111111111 0.3328125 0.009444444444444445 0.031875
7 0.6091666666666666 0.318125 0.009444444444444445 0.0425
7 0.12166666666666667 0.41875 0.008888888888888889 0.02875
9 0.8797222222222222 0.4503125 0.028333333333333332 0.020625
9 0.8791666666666667 0.465625 0.015 0.01
9 0.8783333333333333 0.479375 0.016666666666666666 0.015
9 0.8780555555555556 0.493125 0.012777777777777779 0.00875
9 0.7291666666666666 0.4753125 0.012777777777777779 0.016875
9 0.5858333333333333 0.445625 0.025 0.00875
9 0.11138888888888888 0.48375 0.01611111111111111 0.01
9 0.16694444444444445 0.461875 0.01611111111111111 0.025
9 0.16694444444444445 0.48 0.01611111111111111 0.01125
9 0.2777777777777778 0.4746875 0.012222222222222223 0.014375
2 0.5791666666666667 0.495 0.23055555555555557 0.09625
2 0.4494444444444444 0.4975 0.04111111111111111 0.03625
2 0.37222222222222223 0.4921875 0.025555555555555557 0.044375
2 0.33 0.489375 0.08888888888888889 0.06625
