0 0.49583333333333335 0.455625 0.009444444444444445 0.02875
1 0.6905555555555556 0.5034375 0.043333333333333335 0.068125
1 0.6447222222222222 0.5015625 0.028333333333333332 0.055625
1 0.6108333333333333 0.4915625 0.026111111111111113 0.046875
1 0.5536111111111112 0.4790625 0.025 0.040625
1 0.5283333333333333 0.4675 0.01888888888888889 0.03375
1 0.5075 0.4615625 0.013888888888888888 0.024375
1 0.48527777777777775 0.45875 0.009444444444444445 0.02125
1 0.45416666666666666 0.463125 0.008333333333333333 0.01375
1 0.445 0.4628125 0.0077777777777777776 0.011875
1 0.5202777777777777 0.4634375 0.011666666666666667 0.021875
2 0.35333333333333333 0.449375 0.04777777777777778 0.045
2 0.4752777777777778 0.4640625 0.028333333333333332 0.013125
0 0.6905555555555556 0.4684375 0.04111111111111111 0.096875
0 0.6461111111111111 0.4821875 0.03 0.084375
0 0.6125 0.4725 0.028333333333333332 0.07625
0 0.5533333333333333 0.46125 0.023333333333333334 0.0675
0 0.5294444444444445 0.453125 0.01888888888888889 0.05
0 0.5208333333333334 0.4496875 0.007222222222222222 0.029375
0 0.5080555555555556 0.4496875 0.013888888888888888 0.034375
0 0.4855555555555556 0.4484375 0.011111111111111112 0.026875
0 0.45444444444444443 0.455625 0.008888888888888889 0.02125
0 0.44555555555555554 0.4553125 0.008888888888888889 0.016875
