9 0.48828125 0.4462890625 0.003125 0.001953125
9 0.487890625 0.44140625 0.00546875 0.0078125
0 0.278125 0.52197265625 0.0265625 0.1025390625
0 0.52109375 0.48046875 0.0171875 0.04296875
0 0.55859375 0.48046875 0.015625 0.048828125
1 0.487109375 0.509765625 0.01328125 0.037109375
2 0.0421875 0.62353515625 0.084375 0.2197265625
2 0.110546875 0.59375 0.10703125 0.13671875
2 0.165625 0.55859375 0.115625 0.12890625
2 0.21796875 0.5390625 0.0515625 0.091796875
2 0.25 0.53515625 0.05 0.076171875
2 0.31015625 0.50390625 0.053125 0.060546875
2 0.34296875 0.49755859375 0.0265625 0.0419921875
2 0.358203125 0.4921875 0.02265625 0.033203125
2 0.36640625 0.4853515625 0.03125 0.037109375
2 0.3859375 0.47998046875 0.0171875 0.0263671875
2 0.3953125 0.47412109375 0.0203125 0.0224609375
2 0.40703125 0.4697265625 0.0140625 0.021484375
2 0.410546875 0.466796875 0.01484375 0.017578125
2 0.436328125 0.46435546875 0.01796875 0.0146484375
2 0.503125 0.48046875 0.028125 0.033203125
2 0.526171875 0.46630859375 0.01484375 0.0302734375
2 0.582421875 0.47265625 0.03515625 0.0390625
2 0.580078125 0.4814453125 0.01953125 0.0390625
2 0.6484375 0.47802734375 0.0609375 0.0458984375
2 0.752734375 0.4609375 0.14921875 0.09375
2 0.744921875 0.4951171875 0.08515625 0.078125
2 0.848828125 0.490234375 0.14140625 0.111328125
2 0.9015625 0.4990234375 0.196875 0.11328125
2 0.465625 0.46533203125 0.015625 0.0126953125
0 0.48515625 0.49365234375 0.0171875 0.0615234375
