9 0.544921875 0.4765625 0.03203125 0.025390625
9 0.5421875 0.44140625 0.0375 0.0546875
9 0.189453125 0.455078125 0.00546875 0.005859375
2 0.120703125 0.46875 0.01015625 0.009765625
2 0.1265625 0.47119140625 0.0140625 0.0126953125
2 0.147265625 0.4677734375 0.00703125 0.005859375
2 0.18671875 0.4794921875 0.015625 0.015625
2 0.163671875 0.53125 0.02890625 0.03125
2 0.226953125 0.50244140625 0.02265625 0.0244140625
2 0.327734375 0.52734375 0.03984375 0.04296875
2 0.40390625 0.55712890625 0.090625 0.0927734375
