7 0.6499183006535948 0.46240234375 0.01715686274509804 0.0419921875
7 0.2777777777777778 0.453125 0.013071895424836602 0.033203125
7 0.2708333333333333 0.51416015625 0.007352941176470588 0.0185546875
7 0.6556372549019608 0.5205078125 0.007352941176470588 0.01953125
9 0.22303921568627452 0.4462890625 0.017973856209150325 0.029296875
9 0.8186274509803921 0.4521484375 0.0392156862745098 0.013671875
9 0.8186274509803921 0.42236328125 0.0392156862745098 0.0458984375
9 0.5849673202614379 0.4990234375 0.00980392156862745 0.00390625
9 0.5853758169934641 0.48974609375 0.012254901960784314 0.0146484375
9 0.38766339869281047 0.4912109375 0.007352941176470588 0.0078125
0 0.22344771241830066 0.53173828125 0.01715686274509804 0.0478515625
0 0.20506535947712418 0.53271484375 0.0196078431372549 0.0654296875
1 0.875 0.587890625 0.03758169934640523 0.05859375
2 0.4722222222222222 0.5224609375 0.0196078431372549 0.017578125
2 0.440359477124183 0.5166015625 0.013071895424836602 0.013671875
2 0.4513888888888889 0.52587890625 0.022058823529411766 0.0205078125
2 0.41421568627450983 0.5458984375 0.06045751633986928 0.05078125
