7 0.6522222222222223 0.3303125 0.014444444444444444 0.053125
7 0.6527777777777778 0.389375 0.013333333333333334 0.02
7 0.23777777777777778 0.34125 0.014444444444444444 0.05125
7 0.44916666666666666 0.205625 0.017222222222222222 0.0525
0 0.9847222222222223 0.4878125 0.030555555555555555 0.115625
0 0.5630555555555555 0.4625 0.008333333333333333 0.02625
0 0.19416666666666665 0.470625 0.013888888888888888 0.0425
0 0.1827777777777778 0.47375 0.012222222222222223 0.055
0 0.1288888888888889 0.476875 0.017777777777777778 0.07
0 0.105 0.4746875 0.022222222222222223 0.070625
0 0.07611111111111112 0.455 0.014444444444444444 0.03625
0 0.01638888888888889 0.483125 0.02722222222222222 0.08625
0 0.028333333333333332 0.4603125 0.015555555555555555 0.038125
0 0.004166666666666667 0.46 0.008333333333333333 0.0425
0 0.03833333333333333 0.4825 0.035555555555555556 0.09125
1 0.62 0.4784375 0.017777777777777778 0.044375
1 0.6047222222222223 0.476875 0.017222222222222222 0.03875
1 0.5933333333333334 0.47625 0.017777777777777778 0.03625
1 0.5786111111111111 0.4775 0.017222222222222222 0.03375
1 0.5486111111111112 0.4725 0.008333333333333333 0.02
1 0.5577777777777778 0.4709375 0.011111111111111112 0.021875
1 0.5291666666666667 0.4684375 0.012777777777777779 0.019375
1 0.5416666666666666 0.473125 0.01 0.02
1 0.2563888888888889 0.4853125 0.03388888888888889 0.050625
1 0.2311111111111111 0.4884375 0.03666666666666667 0.045625
1 0.15416666666666667 0.486875 0.013888888888888888 0.0375
1 0.1638888888888889 0.48625 0.017777777777777778 0.03375
1 0.12777777777777777 0.49 0.02666666666666667 0.03125
1 0.20027777777777778 0.4859375 0.02388888888888889 0.033125
1 0.034722222222222224 0.501875 0.03611111111111111 0.05125
2 0.41638888888888886 0.5609375 0.32611111111111113 0.215625
8 0.5958333333333333 0.486875 0.011666666666666667 0.03125
