2 0.051111111111111114 0.50125 0.10222222222222223 0.17
2 0.15166666666666667 0.50375 0.14666666666666667 0.125
2 0.2325 0.4871875 0.16166666666666665 0.108125
2 0.35777777777777775 0.474375 0.14666666666666667 0.085
2 0.735 0.4103125 0.06333333333333334 0.026875
2 0.7069444444444445 0.48125 0.10944444444444444 0.05375
2 0.7772222222222223 0.498125 0.15 0.0925
2 0.8397222222222223 0.495 0.115 0.14
2 0.9388888888888889 0.4915625 0.12222222222222222 0.256875
2 0.8158333333333333 0.4134375 0.06166666666666667 0.028125
