9 0.07026143790849673 0.4716796875 0.013071895424836602 0.01953125
9 0.06985294117647059 0.48681640625 0.013888888888888888 0.0087890625
9 0.22875816993464052 0.44580078125 0.008169934640522876 0.0244140625
9 0.22875816993464052 0.4697265625 0.008169934640522876 0.01953125
9 0.22875816993464052 0.48583984375 0.008169934640522876 0.0087890625
9 0.27736928104575165 0.4697265625 0.01715686274509804 0.0234375
9 0.2761437908496732 0.48583984375 0.016339869281045753 0.0087890625
9 0.9142156862745098 0.484375 0.013071895424836602 0.021484375
9 0.9256535947712419 0.54443359375 0.03594771241830065 0.0400390625
9 0.026143790849673203 0.56640625 0.017973856209150325 0.02734375
9 0.8705065359477124 0.37841796875 0.02042483660130719 0.0283203125
9 0.8713235294117647 0.4404296875 0.028594771241830064 0.013671875
9 0.8419117647058824 0.4130859375 0.05310457516339869 0.017578125
9 0.8484477124183006 0.48779296875 0.01715686274509804 0.0244140625
0 0.7230392156862745 0.54345703125 0.017973856209150325 0.0556640625
0 0.6270424836601307 0.52978515625 0.007352941176470588 0.0283203125
0 0.6352124183006536 0.5302734375 0.008986928104575163 0.02734375
6 0.4513888888888889 0.51806640625 0.02042483660130719 0.0283203125
3 0.4652777777777778 0.552734375 0.02042483660130719 0.03515625
2 0.190359477124183 0.73291015625 0.380718954248366 0.3701171875
2 0.21854575163398693 0.54638671875 0.11356209150326797 0.0185546875
2 0.37336601307189543 0.55126953125 0.05392156862745098 0.0478515625
2 0.4285130718954248 0.53271484375 0.02696078431372549 0.0263671875
2 0.47549019607843135 0.5400390625 0.03758169934640523 0.037109375
2 0.4820261437908497 0.51708984375 0.00980392156862745 0.0107421875
0 0.46405228758169936 0.5419921875 0.0196078431372549 0.041015625
