4 0.1642156862745098 0.47119140625 0.08660130718954248 0.0654296875
7 0.6495098039215687 0.416015625 0.006535947712418301 0.017578125
7 0.6642156862745098 0.4208984375 0.004901960784313725 0.01171875
7 0.46200980392156865 0.4443359375 0.004084967320261438 0.01171875
7 0.8439542483660131 0.4013671875 0.006535947712418301 0.015625
0 0.7422385620915033 0.474609375 0.018790849673202614 0.0390625
0 0.7120098039215687 0.4765625 0.028594771241830064 0.03515625
0 0.5065359477124183 0.47509765625 0.006535947712418301 0.0126953125
0 0.5138888888888888 0.47314453125 0.006535947712418301 0.0146484375
0 0.5261437908496732 0.47265625 0.006535947712418301 0.01171875
0 0.5351307189542484 0.47216796875 0.004901960784313725 0.0146484375
0 0.5437091503267973 0.470703125 0.005718954248366013 0.015625
2 0.5241013071895425 0.56689453125 0.1854575163398693 0.1767578125
2 0.5788398692810458 0.47509765625 0.035130718954248366 0.0380859375
2 0.8333333333333334 0.45654296875 0.06862745098039216 0.0361328125
2 0.9375 0.44921875 0.07434640522875817 0.04296875
2 0.6633986928104575 0.46728515625 0.024509803921568627 0.0205078125
2 0.7201797385620915 0.4638671875 0.035130718954248366 0.0234375
2 0.6090686274509803 0.4697265625 0.02696078431372549 0.01953125
2 0.4861111111111111 0.478515625 0.027777777777777776 0.01953125
2 0.28431372549019607 0.494140625 0.0196078431372549 0.021484375
2 0.24673202614379086 0.49609375 0.05718954248366013 0.029296875
2 0.2079248366013072 0.50341796875 0.03839869281045752 0.0283203125
2 0.17238562091503268 0.505859375 0.05392156862745098 0.03515625
2 0.11151960784313726 0.51220703125 0.059640522875817 0.0380859375
2 0.042483660130718956 0.525390625 0.08496732026143791 0.04296875
