7 0.6225490196078431 0.41845703125 0.004901960784313725 0.0087890625
7 0.704248366013072 0.41650390625 0.004901960784313725 0.0087890625
7 0.704248366013072 0.435546875 0.004901960784313725 0.005859375
9 0.6809640522875817 0.42578125 0.005718954248366013 0.005859375
9 0.7038398692810458 0.4267578125 0.005718954248366013 0.009765625
9 0.6217320261437909 0.43017578125 0.008169934640522876 0.0126953125
2 0.2136437908496732 0.5810546875 0.2867647058823529 0.2109375
2 0.9044117647058824 0.57470703125 0.19117647058823528 0.2666015625
2 0.4485294117647059 0.5087890625 0.10294117647058823 0.09375
2 0.5040849673202614 0.49658203125 0.06045751633986928 0.0693359375
2 0.5310457516339869 0.48388671875 0.06699346405228758 0.0634765625
2 0.5678104575163399 0.47265625 0.04411764705882353 0.048828125
2 0.5870098039215687 0.4677734375 0.02369281045751634 0.0390625
2 0.5976307189542484 0.4677734375 0.022058823529411766 0.03515625
2 0.6078431372549019 0.46337890625 0.017973856209150325 0.0302734375
2 0.6160130718954249 0.4619140625 0.017973856209150325 0.02734375
2 0.8263888888888888 0.52294921875 0.0988562091503268 0.1572265625
2 0.7785947712418301 0.49169921875 0.06372549019607843 0.0849609375
2 0.735702614379085 0.4716796875 0.04820261437908497 0.05078125
2 0.7312091503267973 0.4638671875 0.042483660130718956 0.04296875
2 0.7111928104575164 0.46142578125 0.015522875816993464 0.0322265625
2 0.6580882352941176 0.4560546875 0.04656862745098039 0.021484375
2 0.6511437908496732 0.439453125 0.016339869281045753 0.01171875
2 0.6617647058823529 0.4404296875 0.00980392156862745 0.009765625
2 0.676062091503268 0.45166015625 0.01715686274509804 0.0205078125
2 0.7009803921568627 0.45703125 0.011437908496732025 0.015625
2 0.6948529411764706 0.45263671875 0.007352941176470588 0.0166015625
2 0.6919934640522876 0.451171875 0.00980392156862745 0.013671875
