7 0.099609375 0.39599609375 0.01953125 0.0341796875
7 0.096875 0.46044921875 0.0125 0.0185546875
7 0.755859375 0.251953125 0.02578125 0.037109375
7 0.961328125 0.33544921875 0.02265625 0.0341796875
7 0.9609375 0.42529296875 0.0140625 0.0166015625
9 0.20625 0.45703125 0.00625 0.015625
9 0.433203125 0.43310546875 0.01640625 0.0205078125
9 0.433984375 0.44580078125 0.01015625 0.0048828125
9 0.678515625 0.427734375 0.01640625 0.01953125
9 0.8828125 0.42578125 0.0078125 0.015625
9 0.973046875 0.40576171875 0.03515625 0.0126953125
0 0.57265625 0.638671875 0.075 0.203125
2 0.488671875 0.470703125 0.03515625 0.03125
8 0.1296875 0.52880859375 0.0109375 0.0341796875
