7 0.3761111111111111 0.4096875 0.0033333333333333335 0.009375
7 0.40444444444444444 0.41 0.0033333333333333335 0.01
7 0.4463888888888889 0.4315625 0.0038888888888888888 0.013125
7 0.3125 0.4396875 0.0038888888888888888 0.010625
7 0.36527777777777776 0.4009375 0.0038888888888888888 0.010625
9 0.7805555555555556 0.34125 0.02 0.025
9 0.5588888888888889 0.3775 0.03222222222222222 0.04375
0 0.7269444444444444 0.4378125 0.010555555555555556 0.025625
0 0.7147222222222223 0.43625 0.013888888888888888 0.02875
0 0.5930555555555556 0.4540625 0.013888888888888888 0.038125
0 0.5791666666666667 0.4525 0.013888888888888888 0.04125
0 0.5677777777777778 0.4490625 0.008888888888888889 0.041875
1 0.9466666666666667 0.485625 0.10666666666666667 0.125
2 0.9561111111111111 0.4178125 0.017777777777777778 0.009375
2 0.44555555555555554 0.4703125 0.04888888888888889 0.045625
2 0.4225 0.4559375 0.019444444444444445 0.021875
2 0.3972222222222222 0.4525 0.012222222222222223 0.01125
2 0.36138888888888887 0.465625 0.04611111111111111 0.0475
2 0.30916666666666665 0.4846875 0.095 0.076875
2 0.2561111111111111 0.4734375 0.03888888888888889 0.044375
2 0.035555555555555556 0.490625 0.06666666666666667 0.06375
2 0.10388888888888889 0.4825 0.10111111111111111 0.08125
2 0.1622222222222222 0.48 0.022222222222222223 0.03125
2 0.17666666666666667 0.4784375 0.025555555555555557 0.028125
2 0.1913888888888889 0.47625 0.020555555555555556 0.025
2 0.20333333333333334 0.4728125 0.022222222222222223 0.026875
2 0.21777777777777776 0.474375 0.011111111111111112 0.02
2 0.22444444444444445 0.4725 0.015555555555555555 0.02
2 0.22805555555555557 0.46875 0.02277777777777778 0.025
0 0.9208333333333333 0.4278125 0.019444444444444445 0.038125
1 0.9347222222222222 0.42375 0.055 0.0475
