7 0.5863888888888888 0.4415625 0.005 0.014375
7 0.5575 0.4453125 0.002777777777777778 0.009375
7 0.49 0.4315625 0.0033333333333333335 0.009375
7 0.5205555555555555 0.433125 0.0033333333333333335 0.00875
7 0.45305555555555554 0.4334375 0.005 0.011875
9 0.7838888888888889 0.41375 0.09222222222222222 0.04125
9 0.6347222222222222 0.4553125 0.018333333333333333 0.014375
9 0.6347222222222222 0.46875 0.018333333333333333 0.0125
9 0.5508333333333333 0.4553125 0.006111111111111111 0.005625
9 0.5375 0.4603125 0.005 0.005625
9 0.5030555555555556 0.4634375 0.006111111111111111 0.006875
9 0.3561111111111111 0.4653125 0.008888888888888889 0.010625
9 0.35583333333333333 0.475625 0.006111111111111111 0.0075
9 0.15388888888888888 0.4378125 0.008888888888888889 0.023125
9 0.2936111111111111 0.456875 0.006111111111111111 0.0125
2 0.5847222222222223 0.4884375 0.04722222222222222 0.039375
2 0.5033333333333333 0.4859375 0.03222222222222222 0.031875
2 0.5325 0.47625 0.01611111111111111 0.015
2 0.5472222222222223 0.4709375 0.017777777777777778 0.011875
2 0.5294444444444445 0.471875 0.014444444444444444 0.0125
2 0.46111111111111114 0.470625 0.024444444444444446 0.0125
2 0.43777777777777777 0.4690625 0.012222222222222223 0.013125
2 0.42083333333333334 0.4696875 0.013888888888888888 0.013125
2 0.2313888888888889 0.48625 0.021666666666666667 0.02375
