1 0.6611111111111111 0.5475 0.058888888888888886 0.0875
1 0.4533333333333333 0.525625 0.02666666666666667 0.045
1 0.38805555555555554 0.52 0.018333333333333333 0.0325
1 0.37194444444444447 0.51625 0.010555555555555556 0.03
1 0.36027777777777775 0.516875 0.009444444444444445 0.025
1 0.3427777777777778 0.5171875 0.008888888888888889 0.018125
1 0.3347222222222222 0.513125 0.007222222222222222 0.02
2 0.5347222222222222 0.5121875 0.06833333333333333 0.026875
2 0.0575 0.51125 0.115 0.14
2 0.19944444444444445 0.503125 0.024444444444444446 0.0175
2 0.21638888888888888 0.5053125 0.013888888888888888 0.011875
2 0.2947222222222222 0.5046875 0.013888888888888888 0.013125
2 0.28 0.4925 0.006666666666666667 0.00625
0 0.6561111111111111 0.5153125 0.052222222222222225 0.124375
0 0.38666666666666666 0.505 0.017777777777777778 0.05625
0 0.37222222222222223 0.5034375 0.012222222222222223 0.049375
0 0.36083333333333334 0.5040625 0.013888888888888888 0.043125
0 0.3427777777777778 0.505 0.012222222222222223 0.035
0 0.3352777777777778 0.501875 0.010555555555555556 0.0275
0 0.45361111111111113 0.5090625 0.021666666666666667 0.064375
14 0.4658333333333333 0.4975 0.08166666666666667 0.0875
2 0.4122222222222222 0.504375 0.03777777777777778 0.06
