0 0.11572265625 0.6259765625 0.08203125 0.2805989583333333
2 0.49658203125 0.5361328125 0.037109375 0.035807291666666664
2 0.482421875 0.5517578125 0.0302734375 0.043619791666666664
2 0.443115234375 0.5576171875 0.04833984375 0.055338541666666664
2 0.399169921875 0.5647786458333334 0.05517578125 0.07747395833333333
2 0.356689453125 0.5748697916666666 0.05517578125 0.09765625
2 0.29345703125 0.5836588541666666 0.1337890625 0.11002604166666667
2 0.189697265625 0.5631510416666666 0.08935546875 0.0859375
2 0.1025390625 0.6302083333333334 0.142578125 0.20963541666666666
2 0.673828125 0.5426432291666666 0.0595703125 0.051432291666666664
2 0.682861328125 0.5670572916666666 0.03955078125 0.057291666666666664
2 0.709716796875 0.5833333333333334 0.06982421875 0.12239583333333333
2 0.72021484375 0.6116536458333334 0.0458984375 0.12565104166666666
2 0.807861328125 0.611328125 0.18896484375 0.20182291666666666
2 0.592529296875 0.6591796875 0.23974609375 0.2506510416666667
