9 0.8102777777777778 0.4171875 0.011666666666666667 0.020625
9 0.7255555555555555 0.4021875 0.025555555555555557 0.035625
9 0.6811111111111111 0.41 0.021111111111111112 0.02375
9 0.6813888888888889 0.4309375 0.013888888888888888 0.018125
9 0.6461111111111111 0.436875 0.006666666666666667 0.01
9 0.6613888888888889 0.4446875 0.02388888888888889 0.011875
9 0.5755555555555556 0.4396875 0.006666666666666667 0.009375
9 0.01861111111111111 0.4284375 0.009444444444444445 0.035625
9 0.4477777777777778 0.45 0.0044444444444444444 0.0075
9 0.5041666666666667 0.4528125 0.006111111111111111 0.009375
0 0.24222222222222223 0.4684375 0.0077777777777777776 0.023125
0 0.23527777777777778 0.4675 0.009444444444444445 0.02375
2 0.9583333333333334 0.4375 0.06222222222222222 0.0375
2 0.9091666666666667 0.44 0.07944444444444444 0.0375
2 0.42055555555555557 0.4625 0.015555555555555555 0.01375
2 0.3252777777777778 0.4615625 0.012777777777777779 0.010625
2 0.6469444444444444 0.459375 0.017222222222222222 0.0125
2 0.5333333333333333 0.4565625 0.02666666666666667 0.010625
