9 0.5386111111111112 0.4465625 0.009444444444444445 0.014375
0 0.7877777777777778 0.468125 0.025555555555555557 0.07875
1 0.35555555555555557 0.5025 0.024444444444444446 0.04625
2 0.6938888888888889 0.5034375 0.15444444444444444 0.125625
2 0.6297222222222222 0.4821875 0.10277777777777777 0.111875
2 0.5586111111111111 0.4815625 0.04055555555555555 0.041875
2 0.5516666666666666 0.4746875 0.04 0.043125
2 0.5269444444444444 0.4771875 0.013888888888888888 0.026875
2 0.5230555555555556 0.471875 0.015 0.0225
2 0.5119444444444444 0.4671875 0.015 0.018125
2 0.05277777777777778 0.51875 0.10555555555555556 0.175
2 0.105 0.5340625 0.16555555555555557 0.129375
2 0.2152777777777778 0.5071875 0.10277777777777777 0.105625
2 0.2827777777777778 0.5025 0.05444444444444444 0.06125
2 0.3169444444444444 0.488125 0.06722222222222222 0.065
2 0.37916666666666665 0.488125 0.03388888888888889 0.03375
2 0.4033333333333333 0.4803125 0.028888888888888888 0.028125
2 0.42583333333333334 0.4775 0.021666666666666667 0.0225
2 0.45666666666666667 0.475 0.025555555555555557 0.02625
2 0.4708333333333333 0.47125 0.010555555555555556 0.01875
2 0.4766666666666667 0.460625 0.01 0.01
0 0.3541666666666667 0.4784375 0.025 0.064375
