7 0.42333984375 0.2513020833333333 0.0234375 0.08333333333333333
7 0.70361328125 0.3850911458333333 0.03125 0.07877604166666667
7 0.885498046875 0.3404947916666667 0.02392578125 0.08463541666666667
7 0.703369140625 0.462890625 0.01318359375 0.024739583333333332
9 0.48046875 0.24055989583333334 0.03515625 0.041015625
9 0.69091796875 0.2962239583333333 0.0478515625 0.02734375
9 0.69775390625 0.435546875 0.0361328125 0.016927083333333332
9 0.927490234375 0.4059244791666667 0.02197265625 0.022786458333333332
2 0.112548828125 0.5891927083333334 0.11865234375 0.08333333333333333
2 0.219970703125 0.5706380208333334 0.05712890625 0.050130208333333336
2 0.28759765625 0.5677083333333334 0.0712890625 0.0703125
2 0.419189453125 0.5481770833333334 0.04833984375 0.044270833333333336
2 0.5498046875 0.5380859375 0.0166015625 0.016276041666666668
