9 0.9269444444444445 0.39125 0.07277777777777777 0.11625
9 0.9227777777777778 0.27625 0.09666666666666666 0.115
9 0.875 0.28625 0.02666666666666667 0.1125
0 0.23722222222222222 0.454375 0.01888888888888889 0.0375
0 0.25972222222222224 0.465 0.021666666666666667 0.05625
0 0.28055555555555556 0.4615625 0.022222222222222223 0.061875
0 0.3025 0.465625 0.015 0.05375
0 0.3169444444444444 0.4640625 0.017222222222222222 0.054375
0 0.3386111111111111 0.461875 0.01611111111111111 0.0475
0 0.35138888888888886 0.461875 0.010555555555555556 0.03125
0 0.3630555555555556 0.453125 0.011666666666666667 0.02375
2 0.4066666666666667 0.4771875 0.12444444444444444 0.096875
2 0.4519444444444444 0.5090625 0.1661111111111111 0.153125
2 0.13416666666666666 0.560625 0.2683333333333333 0.28625
8 0.7669444444444444 0.46125 0.059444444444444446 0.155
