9 0.6102941176470589 0.52197265625 0.06535947712418301 0.0361328125
9 0.060866013071895424 0.50146484375 0.015522875816993464 0.0166015625
0 0.1184640522875817 0.68701171875 0.184640522875817 0.3544921875
0 0.6462418300653595 0.6494140625 0.0915032679738562 0.26171875
0 0.7160947712418301 0.62109375 0.1184640522875817 0.23046875
0 0.9195261437908496 0.57861328125 0.04656862745098039 0.1943359375
0 0.9897875816993464 0.60498046875 0.02042483660130719 0.1298828125
0 0.8954248366013072 0.52880859375 0.03431372549019608 0.0830078125
0 0.7834967320261438 0.55615234375 0.032679738562091505 0.0986328125
0 0.33619281045751637 0.5234375 0.01715686274509804 0.04296875
0 0.3235294117647059 0.525390625 0.011437908496732025 0.0390625
0 0.22303921568627452 0.51904296875 0.008169934640522876 0.0224609375
0 0.21446078431372548 0.5234375 0.010620915032679739 0.02734375
0 0.20220588235294118 0.5166015625 0.012254901960784314 0.03515625
0 0.18341503267973855 0.52294921875 0.012254901960784314 0.0244140625
0 0.06004901960784314 0.5400390625 0.01715686274509804 0.056640625
0 0.16258169934640523 0.521484375 0.014705882352941176 0.025390625
0 0.24918300653594772 0.517578125 0.008169934640522876 0.009765625
0 0.3897058823529412 0.52783203125 0.011437908496732025 0.0380859375
0 0.31413398692810457 0.52294921875 0.008986928104575163 0.0341796875
2 0.4375 0.53662109375 0.07434640522875817 0.0615234375
2 0.3525326797385621 0.509765625 0.03839869281045752 0.01171875
2 0.1270424836601307 0.52490234375 0.051470588235294115 0.0380859375
2 0.02900326797385621 0.54052734375 0.04493464052287582 0.0283203125
2 0.25735294117647056 0.5634765625 0.0784313725490196 0.08203125
2 0.17197712418300654 0.63037109375 0.23774509803921567 0.1923828125
