7 0.9019444444444444 0.415 0.015 0.01375
7 0.8641666666666666 0.3759375 0.010555555555555556 0.030625
7 0.4436111111111111 0.4371875 0.005 0.005625
7 0.6197222222222222 0.39 0.015 0.04
7 0.024444444444444446 0.41125 0.012222222222222223 0.04
7 0.6105555555555555 0.428125 0.0077777777777777776 0.0125
7 0.38333333333333336 0.4596875 0.006666666666666667 0.008125
0 0.6797222222222222 0.47625 0.019444444444444445 0.0525
0 0.6563888888888889 0.4725 0.019444444444444445 0.05375
0 0.6352777777777778 0.473125 0.02388888888888889 0.06875
2 0.5202777777777777 0.48125 0.041666666666666664 0.0325
2 0.4913888888888889 0.479375 0.020555555555555556 0.0175
2 0.24333333333333335 0.4896875 0.05 0.034375
2 0.28833333333333333 0.484375 0.04 0.0375
2 0.33666666666666667 0.483125 0.022222222222222223 0.02
