0 0.2565359477124183 0.39111328125 0.02287581699346405 0.0302734375
0 0.2062908496732026 0.416015625 0.03022875816993464 0.0859375
0 0.826797385620915 0.47265625 0.024509803921568627 0.072265625
0 0.6748366013071896 0.431640625 0.008169934640522876 0.02734375
2 0.031862745098039214 0.60400390625 0.06372549019607843 0.1884765625
2 0.5547385620915033 0.54931640625 0.2696078431372549 0.2705078125
2 0.3999183006535948 0.43603515625 0.09068627450980392 0.0771484375
2 0.3333333333333333 0.4375 0.08006535947712418 0.095703125
2 0.28022875816993464 0.45654296875 0.1323529411764706 0.1083984375
2 0.7479575163398693 0.46533203125 0.07924836601307189 0.0732421875
2 0.5281862745098039 0.412109375 0.061274509803921566 0.015625
2 0.4738562091503268 0.416015625 0.021241830065359478 0.021484375
