7 0.42777777777777776 0.2709375 0.012222222222222223 0.043125
7 0.2927777777777778 0.261875 0.012222222222222223 0.045
7 0.5647222222222222 0.4440625 0.006111111111111111 0.020625
7 0.5022222222222222 0.44375 0.006666666666666667 0.0225
7 0.5363888888888889 0.4590625 0.008333333333333333 0.014375
7 0.5230555555555556 0.460625 0.007222222222222222 0.01125
7 0.3869444444444444 0.390625 0.007222222222222222 0.02375
7 0.12805555555555556 0.4534375 0.006111111111111111 0.021875
7 0.23527777777777778 0.3953125 0.01611111111111111 0.054375
7 0.1486111111111111 0.34375 0.013888888888888888 0.0375
9 0.4888888888888889 0.449375 0.017777777777777778 0.02
9 0.4897222222222222 0.4671875 0.010555555555555556 0.015625
9 0.40194444444444444 0.385 0.010555555555555556 0.0125
9 0.24694444444444444 0.4378125 0.019444444444444445 0.021875
0 0.5888888888888889 0.5075 0.02666666666666667 0.0575
0 0.5691666666666667 0.5159375 0.017222222222222222 0.044375
0 0.5475 0.5125 0.015 0.04875
0 0.5555555555555556 0.5 0.006666666666666667 0.0375
0 0.515 0.501875 0.01 0.03
2 0.35305555555555557 0.499375 0.026111111111111113 0.02
2 0.37916666666666665 0.504375 0.013888888888888888 0.0075
2 0.3138888888888889 0.503125 0.03111111111111111 0.02125
2 0.2777777777777778 0.503125 0.034444444444444444 0.03625
2 0.2452777777777778 0.513125 0.042777777777777776 0.0325
2 0.18555555555555556 0.51375 0.04666666666666667 0.03125
2 0.04777777777777778 0.515 0.09555555555555556 0.065
2 0.16194444444444445 0.4953125 0.04055555555555555 0.014375
8 0.5325 0.521875 0.010555555555555556 0.03
