7 0.32972222222222225 0.430625 0.011666666666666667 0.01375
7 0.4702777777777778 0.406875 0.007222222222222222 0.00875
7 0.5261111111111111 0.4325 0.0077777777777777776 0.01
7 0.6530555555555555 0.3903125 0.013888888888888888 0.021875
7 0.9230555555555555 0.3709375 0.026111111111111113 0.025625
7 0.6602777777777777 0.32375 0.028333333333333332 0.03625
9 0.6558333333333334 0.4328125 0.010555555555555556 0.018125
9 0.6616666666666666 0.3684375 0.04 0.016875
9 0.9452777777777778 0.325 0.028333333333333332 0.035
9 0.9694444444444444 0.3584375 0.03666666666666667 0.015625
0 0.04083333333333333 0.4675 0.017222222222222222 0.06
0 0.09944444444444445 0.4575 0.014444444444444444 0.0375
0 0.059722222222222225 0.4784375 0.013888888888888888 0.053125
0 0.5536111111111112 0.471875 0.021666666666666667 0.0925
0 0.5697222222222222 0.479375 0.025 0.1
0 0.6825 0.438125 0.02722222222222222 0.03625
0 0.7133333333333334 0.455625 0.01888888888888889 0.07125
0 0.7436111111111111 0.465625 0.025 0.095
0 0.7813888888888889 0.4675 0.020555555555555556 0.1
0 0.7711111111111111 0.4721875 0.02666666666666667 0.108125
0 0.8836111111111111 0.458125 0.030555555555555555 0.11625
0 0.8469444444444445 0.460625 0.020555555555555556 0.10625
0 0.8586111111111111 0.4640625 0.021666666666666667 0.106875
1 0.09444444444444444 0.4803125 0.051111111111111114 0.045625
1 0.10861111111111112 0.4809375 0.04055555555555555 0.036875
2 0.25277777777777777 0.47625 0.08555555555555555 0.0675
2 0.31527777777777777 0.4746875 0.05277777777777778 0.045625
2 0.34305555555555556 0.4725 0.02388888888888889 0.04125
2 0.45111111111111113 0.4634375 0.023333333333333334 0.021875
