9 0.7091666666666666 0.4090625 0.019444444444444445 0.029375
9 0.38916666666666666 0.4578125 0.006111111111111111 0.009375
2 0.6391666666666667 0.4840625 0.09277777777777778 0.078125
2 0.6019444444444444 0.4721875 0.08055555555555556 0.073125
2 0.24055555555555555 0.4521875 0.03333333333333333 0.026875
2 0.5052777777777778 0.45375 0.018333333333333333 0.0175
2 0.49944444444444447 0.44875 0.014444444444444444 0.015
2 0.49722222222222223 0.4428125 0.015555555555555555 0.015625
2 0.48638888888888887 0.425625 0.011666666666666667 0.01125
2 0.5361111111111111 0.4334375 0.02 0.013125
