7 0.312255859375 0.3955078125 0.01318359375 0.037109375
7 0.48046875 0.2770182291666667 0.015625 0.037109375
7 0.637939453125 0.3955078125 0.01318359375 0.038411458333333336
7 0.78857421875 0.19954427083333334 0.01953125 0.056640625
7 0.925048828125 0.4733072916666667 0.01318359375 0.026041666666666668
9 0.947509765625 0.41015625 0.02685546875 0.055989583333333336
9 0.22900390625 0.4329427083333333 0.0322265625 0.01171875
0 0.323974609375 0.5234375 0.01318359375 0.046875
0 0.336181640625 0.52734375 0.01318359375 0.0546875
0 0.70166015625 0.5380859375 0.015625 0.07356770833333333
0 0.7177734375 0.5358072916666666 0.01953125 0.07552083333333333
1 0.937744140625 0.6516927083333334 0.06201171875 0.1875
1 0.844482421875 0.6552734375 0.05810546875 0.18033854166666666
1 0.4482421875 0.5511067708333334 0.01953125 0.030598958333333332
2 0.43505859375 0.5234375 0.015625 0.033854166666666664
2 0.4658203125 0.5231119791666666 0.0126953125 0.021484375
2 0.565673828125 0.5299479166666666 0.01513671875 0.0234375
0 0.445556640625 0.5309244791666666 0.02294921875 0.048828125
8 0.6015625 0.5543619791666666 0.0107421875 0.027994791666666668
