7 0.9972222222222222 0.393125 0.0033333333333333335 0.00875
9 0.44722222222222224 0.4546875 0.006666666666666667 0.006875
9 0.4797222222222222 0.4509375 0.006111111111111111 0.008125
9 0.5213888888888889 0.4453125 0.010555555555555556 0.006875
9 0.5288888888888889 0.45 0.013333333333333334 0.01125
9 0.5161111111111111 0.45125 0.0044444444444444444 0.005
9 0.5630555555555555 0.445625 0.007222222222222222 0.01
9 0.47805555555555557 0.4025 0.04833333333333333 0.0275
9 0.5383333333333333 0.40375 0.04777777777777778 0.02625
9 0.7838888888888889 0.435625 0.017777777777777778 0.0075
9 0.9408333333333333 0.3984375 0.020555555555555556 0.014375
9 0.9213888888888889 0.4059375 0.008333333333333333 0.011875
6 0.4661111111111111 0.454375 0.015555555555555555 0.015
6 0.42583333333333334 0.45875 0.012777777777777779 0.01125
2 0.4216666666666667 0.463125 0.0077777777777777776 0.00625
2 0.43916666666666665 0.4646875 0.012777777777777779 0.010625
2 0.46694444444444444 0.4646875 0.015 0.011875
2 0.5233333333333333 0.4609375 0.012222222222222223 0.010625
2 0.6663888888888889 0.4725 0.08611111111111111 0.07125
2 0.9936111111111111 0.4209375 0.012777777777777779 0.019375
