2 0.134521484375 0.5579427083333334 0.06591796875 0.10677083333333333
2 0.066162109375 0.5309244791666666 0.06982421875 0.10091145833333333
2 0.083740234375 0.6481119791666666 0.10595703125 0.22200520833333334
2 0.34912109375 0.5791015625 0.1162109375 0.11002604166666667
2 0.41796875 0.5651041666666666 0.056640625 0.08333333333333333
2 0.443359375 0.5579427083333334 0.03515625 0.07161458333333333
2 0.4619140625 0.5472005208333334 0.05078125 0.076171875
2 0.490478515625 0.5413411458333334 0.03662109375 0.06315104166666667
2 0.52197265625 0.5305989583333334 0.037109375 0.040364583333333336
2 0.544189453125 0.5266927083333334 0.01904296875 0.033854166666666664
2 0.546630859375 0.5152994791666666 0.03271484375 0.033203125
2 0.633544921875 0.5081380208333334 0.01318359375 0.014973958333333334
2 0.640380859375 0.5149739583333334 0.00927734375 0.01953125
2 0.656494140625 0.521484375 0.02783203125 0.028645833333333332
2 0.74365234375 0.5345052083333334 0.02734375 0.040364583333333336
2 0.883544921875 0.5315755208333334 0.05810546875 0.057942708333333336
2 0.892333984375 0.6549479166666666 0.15380859375 0.1875
0 0.720458984375 0.5615234375 0.02197265625 0.12955729166666666
0 0.71044921875 0.5748697916666666 0.04296875 0.14583333333333334
0 0.778564453125 0.5986328125 0.07470703125 0.24934895833333334
11 0.772705078125 0.7327473958333334 0.02490234375 0.016276041666666668
11 0.708984375 0.6520182291666666 0.0126953125 0.008463541666666666
11 0.722412109375 0.6295572916666666 0.01025390625 0.006510416666666667
