4 0.5933333333333334 0.4428125 0.06333333333333334 0.070625
9 0.7994444444444444 0.3415625 0.044444444444444446 0.051875
9 0.8005555555555556 0.381875 0.014444444444444444 0.0225
9 0.8002777777777778 0.39875 0.012777777777777779 0.01125
9 0.26472222222222225 0.3959375 0.009444444444444445 0.021875
2 0.5280555555555555 0.451875 0.03722222222222222 0.03125
2 0.4922222222222222 0.435625 0.014444444444444444 0.01125
2 0.4761111111111111 0.4340625 0.016666666666666666 0.015625
2 0.46555555555555556 0.44 0.023333333333333334 0.02
2 0.40444444444444444 0.459375 0.06 0.05375
