4 0.6188888888888889 0.4496875 0.31333333333333335 0.099375
7 0.8830555555555556 0.3509375 0.03277777777777778 0.029375
7 0.8758333333333334 0.26125 0.02388888888888889 0.0725
7 0.5269444444444444 0.039375 0.02277777777777778 0.0775
7 0.29055555555555557 0.0325 0.051111111111111114 0.06375
9 0.39694444444444443 0.03 0.059444444444444446 0.06
9 0.6508333333333334 0.144375 0.15388888888888888 0.03375
9 0.7255555555555555 0.4328125 0.012222222222222223 0.021875
9 0.6805555555555556 0.4471875 0.013333333333333334 0.020625
9 0.6022222222222222 0.4059375 0.011111111111111112 0.008125
9 0.6022222222222222 0.3909375 0.011111111111111112 0.021875
0 0.04416666666666667 0.4896875 0.019444444444444445 0.038125
6 0.3813888888888889 0.463125 0.035 0.0425
2 0.2658333333333333 0.4940625 0.11833333333333333 0.114375
2 0.3372222222222222 0.468125 0.0077777777777777776 0.00625
2 0.36444444444444446 0.4703125 0.0077777777777777776 0.014375
2 0.9716666666666667 0.4471875 0.04111111111111111 0.029375
2 0.9863888888888889 0.4521875 0.02722222222222222 0.031875
2 0.9177777777777778 0.4546875 0.09666666666666666 0.029375
