7 0.08374183006535947 0.53759765625 0.022058823529411766 0.0751953125
7 0.0727124183006536 0.22119140625 0.05392156862745098 0.1533203125
7 0.41911764705882354 0.48974609375 0.004901960784313725 0.0126953125
7 0.46119281045751637 0.48583984375 0.004084967320261438 0.0068359375
7 0.7732843137254902 0.46142578125 0.022058823529411766 0.0361328125
9 0.5179738562091504 0.4921875 0.013071895424836602 0.017578125
9 0.6552287581699346 0.43505859375 0.016339869281045753 0.0224609375
9 0.8496732026143791 0.50390625 0.0196078431372549 0.025390625
9 0.7871732026143791 0.416015625 0.03022875816993464 0.01953125
9 0.08333333333333333 0.4345703125 0.042483660130718956 0.03515625
9 0.21323529411764705 0.41357421875 0.017973856209150325 0.0400390625
0 0.7128267973856209 0.5703125 0.03349673202614379 0.138671875
0 0.8570261437908496 0.5439453125 0.0392156862745098 0.1015625
0 0.7965686274509803 0.52294921875 0.0196078431372549 0.0791015625
0 0.7691993464052288 0.53173828125 0.02042483660130719 0.0712890625
0 0.6740196078431373 0.5166015625 0.011437908496732025 0.056640625
2 0.03758169934640523 0.58740234375 0.07516339869281045 0.0888671875
2 0.2246732026143791 0.556640625 0.06535947712418301 0.060546875
2 0.2777777777777778 0.56591796875 0.09640522875816994 0.0849609375
2 0.32598039215686275 0.52490234375 0.03431372549019608 0.0341796875
2 0.3729575163398693 0.53076171875 0.041666666666666664 0.0380859375
2 0.42769607843137253 0.51611328125 0.02042483660130719 0.0185546875
2 0.45955882352941174 0.52099609375 0.025326797385620915 0.0205078125
2 0.4550653594771242 0.509765625 0.017973856209150325 0.01171875
2 0.35130718954248363 0.51904296875 0.016339869281045753 0.0166015625
