9 0.5925 0.4109375 0.020555555555555556 0.021875
9 0.5925 0.4253125 0.015 0.006875
2 0.29555555555555557 0.47 0.06333333333333334 0.05875
2 0.3338888888888889 0.4584375 0.02 0.014375
2 0.3663888888888889 0.464375 0.03166666666666667 0.02875
2 0.4083333333333333 0.4546875 0.014444444444444444 0.011875
2 0.3938888888888889 0.4553125 0.02 0.014375
2 0.43805555555555553 0.455625 0.020555555555555556 0.0125
2 0.4558333333333333 0.45625 0.028333333333333332 0.02125
2 0.7808333333333334 0.4584375 0.13277777777777777 0.066875
