9 0.03888888888888889 0.44 0.008888888888888889 0.0175
9 0.2727777777777778 0.4275 0.03777777777777778 0.04
9 0.7522222222222222 0.3675 0.017777777777777778 0.03125
9 0.6755555555555556 0.3859375 0.04111111111111111 0.046875
9 0.6644444444444444 0.4375 0.0044444444444444444 0.0025
9 0.6636111111111112 0.431875 0.008333333333333333 0.00875
9 0.4930555555555556 0.429375 0.007222222222222222 0.005
9 0.40194444444444444 0.458125 0.011666666666666667 0.015
9 0.34833333333333333 0.445 0.006666666666666667 0.00875
9 0.3252777777777778 0.44125 0.006111111111111111 0.00875
0 0.6847222222222222 0.4546875 0.011666666666666667 0.039375
6 0.5386111111111112 0.4496875 0.03166666666666667 0.028125
2 0.9930555555555556 0.4428125 0.013888888888888888 0.016875
2 0.5975 0.4515625 0.019444444444444445 0.015625
2 0.6175 0.459375 0.06388888888888888 0.025
2 0.43083333333333335 0.469375 0.04833333333333333 0.04
2 0.057777777777777775 0.46625 0.012222222222222223 0.01
2 0.02 0.4653125 0.015555555555555555 0.010625
2 0.1661111111111111 0.46 0.014444444444444444 0.00875
