0 0.6330555555555556 0.4634375 0.028333333333333332 0.085625
0 0.5688888888888889 0.4584375 0.014444444444444444 0.051875
0 0.5816666666666667 0.455625 0.015555555555555555 0.055
2 0.9497222222222222 0.499375 0.10055555555555555 0.25875
2 0.8736111111111111 0.50625 0.09944444444444445 0.15
2 0.8225 0.48875 0.17944444444444443 0.125
2 0.7336111111111111 0.4753125 0.10277777777777777 0.088125
2 0.7122222222222222 0.4628125 0.11333333333333333 0.079375
2 0.6594444444444445 0.4590625 0.04 0.064375
2 0.6022222222222222 0.446875 0.03 0.03125
2 0.6111111111111112 0.45625 0.034444444444444444 0.0525
2 0.5125 0.4628125 0.11055555555555556 0.131875
2 0.04527777777777778 0.4975 0.09055555555555556 0.3125
2 0.1225 0.490625 0.15611111111111112 0.2125
2 0.205 0.4815625 0.11333333333333333 0.159375
2 0.29305555555555557 0.48875 0.10166666666666667 0.10625
2 0.3086111111111111 0.4696875 0.1361111111111111 0.088125
2 0.35833333333333334 0.4575 0.1388888888888889 0.07875
2 0.44555555555555554 0.45875 0.03333333333333333 0.0425
