7 0.2425 0.38125 0.015 0.03625
7 0.01361111111111111 0.3778125 0.011666666666666667 0.034375
7 0.7736111111111111 0.3715625 0.008333333333333333 0.029375
7 0.76 0.3721875 0.012222222222222223 0.026875
7 0.7938888888888889 0.395 0.015555555555555555 0.01625
9 0.2588888888888889 0.395 0.011111111111111112 0.02
9 0.7975 0.38 0.025 0.00875
0 0.7341666666666666 0.4296875 0.017222222222222222 0.015625
0 0.015833333333333335 0.4796875 0.021666666666666667 0.071875
2 0.4802777777777778 0.4496875 0.010555555555555556 0.015625
2 0.4525 0.451875 0.011666666666666667 0.0175
2 0.4663888888888889 0.4496875 0.02388888888888889 0.020625
2 0.5269444444444444 0.4496875 0.017222222222222222 0.020625
2 0.5416666666666666 0.4490625 0.015555555555555555 0.031875
2 0.5608333333333333 0.448125 0.03611111111111111 0.0275
2 0.3952777777777778 0.4528125 0.01611111111111111 0.025625
2 0.3788888888888889 0.4553125 0.02666666666666667 0.035625
2 0.37333333333333335 0.45875 0.01888888888888889 0.035
2 0.3425 0.4584375 0.059444444444444446 0.053125
2 0.42083333333333334 0.460625 0.05388888888888889 0.045
2 0.11833333333333333 0.4784375 0.19444444444444445 0.093125
2 0.6725 0.5759375 0.4027777777777778 0.283125
2 0.9136111111111112 0.5396875 0.17277777777777778 0.298125
