9 0.4033333333333333 0.44625 0.012222222222222223 0.01375
9 0.33694444444444444 0.4371875 0.011666666666666667 0.013125
9 0.3372222222222222 0.4484375 0.006666666666666667 0.009375
9 0.17694444444444443 0.431875 0.020555555555555556 0.02625
9 0.7638888888888888 0.41875 0.012222222222222223 0.015
9 0.6691666666666667 0.3965625 0.028333333333333332 0.031875
9 0.6330555555555556 0.4025 0.02388888888888889 0.005
9 0.5861111111111111 0.4321875 0.011111111111111112 0.009375
9 0.5686111111111111 0.431875 0.005 0.01125
9 0.5527777777777778 0.441875 0.0077777777777777776 0.01125
0 0.6952777777777778 0.4675 0.013888888888888888 0.045
0 0.5894444444444444 0.458125 0.006666666666666667 0.02375
0 0.5938888888888889 0.4621875 0.005555555555555556 0.020625
0 0.18944444444444444 0.4740625 0.01 0.031875
0 0.2338888888888889 0.4725 0.0077777777777777776 0.025
1 0.7483333333333333 0.47875 0.03111111111111111 0.0275
1 0.5477777777777778 0.466875 0.0077777777777777776 0.015
1 0.1386111111111111 0.48375 0.01611111111111111 0.02125
2 0.6777777777777778 0.4675 0.09 0.04
2 0.51 0.4759375 0.058888888888888886 0.051875
2 0.46055555555555555 0.461875 0.012222222222222223 0.01375
0 0.9433333333333334 0.479375 0.03222222222222222 0.10125
0 0.7525 0.465625 0.020555555555555556 0.045
0 0.5477777777777778 0.46 0.0077777777777777776 0.02375
0 0.13944444444444445 0.4746875 0.012222222222222223 0.029375
11 0.9394444444444444 0.53125 0.01888888888888889 0.01
13 0.6938888888888889 0.48 0.014444444444444444 0.0275
