4 0.13031045751633988 0.40771484375 0.26062091503267976 0.5888671875
4 0.39501633986928103 0.3798828125 0.051470588235294115 0.123046875
4 0.8745915032679739 0.4111328125 0.03676470588235294 0.046875
7 0.2908496732026144 0.3291015625 0.00980392156862745 0.037109375
7 0.809640522875817 0.33837890625 0.013071895424836602 0.0498046875
0 0.2602124183006536 0.40283203125 0.008986928104575163 0.0439453125
0 0.3480392156862745 0.40576171875 0.013071895424836602 0.0439453125
0 0.36356209150326796 0.40869140625 0.008169934640522876 0.0380859375
0 0.3590686274509804 0.40478515625 0.007352941176470588 0.0361328125
1 0.30187908496732024 0.4228515625 0.02042483660130719 0.041015625
1 0.8255718954248366 0.44580078125 0.04820261437908497 0.0458984375
2 0.8901143790849673 0.53857421875 0.21977124183006536 0.3056640625
2 0.7483660130718954 0.42724609375 0.11437908496732026 0.2021484375
2 0.5506535947712419 0.47607421875 0.3366013071895425 0.4521484375
