4 0.3015625 0.41162109375 0.0171875 0.0107421875
0 0.848046875 0.4140625 0.02109375 0.068359375
0 0.971484375 0.41650390625 0.03203125 0.0712890625
0 0.923046875 0.416015625 0.02734375 0.076171875
2 0.915234375 0.55029296875 0.16953125 0.1904296875
2 0.546875 0.49072265625 0.1171875 0.1123046875
2 0.0828125 0.58203125 0.1640625 0.236328125
2 0.064453125 0.4443359375 0.12890625 0.072265625
2 0.137109375 0.46337890625 0.05859375 0.1123046875
2 0.187109375 0.44921875 0.07890625 0.09375
2 0.23203125 0.447265625 0.0296875 0.072265625
2 0.258984375 0.439453125 0.04453125 0.05078125
2 0.28203125 0.43994140625 0.0203125 0.0439453125
2 0.299609375 0.43701171875 0.02734375 0.0322265625
2 0.303125 0.43408203125 0.03125 0.0361328125
2 0.32109375 0.435546875 0.009375 0.025390625
2 0.3296875 0.43115234375 0.01875 0.0224609375
2 0.3359375 0.4296875 0.0140625 0.0234375
2 0.342578125 0.421875 0.00703125 0.01171875
2 0.509765625 0.4716796875 0.05390625 0.080078125
2 0.507421875 0.458984375 0.07890625 0.087890625
2 0.4671875 0.46240234375 0.021875 0.0576171875
2 0.46640625 0.4482421875 0.034375 0.0546875
2 0.44765625 0.44140625 0.0265625 0.046875
2 0.4375 0.43896484375 0.0140625 0.0439453125
2 0.430859375 0.43701171875 0.01171875 0.0341796875
2 0.38984375 0.42236328125 0.015625 0.0185546875
2 0.42421875 0.43359375 0.0078125 0.02734375
2 0.41953125 0.4306640625 0.0109375 0.02734375
2 0.413671875 0.42626953125 0.01015625 0.0224609375
2 0.361328125 0.42236328125 0.01171875 0.0126953125
2 0.378125 0.42138671875 0.0078125 0.0107421875
