7 0.7158333333333333 0.2996875 0.03833333333333333 0.088125
7 0.995 0.2603125 0.01 0.080625
9 0.5686111111111111 0.4115625 0.011666666666666667 0.016875
9 0.5688888888888889 0.4259375 0.008888888888888889 0.011875
9 0.5494444444444444 0.448125 0.005555555555555556 0.0075
9 0.36 0.4321875 0.005555555555555556 0.011875
0 0.5911111111111111 0.4521875 0.008888888888888889 0.023125
0 0.6725 0.494375 0.02722222222222222 0.11875
0 0.7227777777777777 0.493125 0.03888888888888889 0.125
2 0.07666666666666666 0.4603125 0.10111111111111111 0.030625
2 0.3883333333333333 0.470625 0.042222222222222223 0.03625
2 0.45916666666666667 0.4565625 0.013888888888888888 0.011875
2 0.9402777777777778 0.4859375 0.11944444444444445 0.065625
2 0.8502777777777778 0.473125 0.12833333333333333 0.06625
2 0.7713888888888889 0.476875 0.041666666666666664 0.04
2 0.7638888888888888 0.4678125 0.06777777777777778 0.045625
