4 0.4591503267973856 0.3984375 0.05065359477124183 0.068359375
9 0.03553921568627451 0.25048828125 0.07107843137254902 0.0263671875
9 0.3443627450980392 0.375 0.008986928104575163 0.009765625
9 0.38112745098039214 0.38720703125 0.005718954248366013 0.0068359375
0 0.1736111111111111 0.4072265625 0.025326797385620915 0.0703125
2 0.38357843137254904 0.404296875 0.010620915032679739 0.01171875
2 0.4027777777777778 0.4052734375 0.014705882352941176 0.015625
2 0.40931372549019607 0.41259765625 0.0196078431372549 0.0185546875
2 0.42606209150326796 0.40673828125 0.015522875816993464 0.0126953125
2 0.5187908496732027 0.41845703125 0.03104575163398693 0.0361328125
2 0.5375816993464052 0.3955078125 0.029411764705882353 0.01171875
2 0.4832516339869281 0.43408203125 0.06454248366013073 0.0634765625
2 0.8075980392156863 0.4599609375 0.11356209150326797 0.078125
2 0.9227941176470589 0.45068359375 0.10049019607843138 0.0615234375
