7 0.07194444444444445 0.4115625 0.009444444444444445 0.030625
7 0.29138888888888886 0.3059375 0.009444444444444445 0.030625
7 0.3933333333333333 0.31125 0.01 0.03
7 0.5425 0.3865625 0.009444444444444445 0.030625
7 0.7136111111111111 0.3759375 0.009444444444444445 0.026875
7 0.7386111111111111 0.410625 0.010555555555555556 0.01125
7 0.7177777777777777 0.4109375 0.0077777777777777776 0.011875
7 0.7711111111111111 0.1571875 0.06333333333333334 0.139375
7 0.9516666666666667 0.1696875 0.024444444444444446 0.069375
9 0.7991666666666667 0.3778125 0.02277777777777778 0.038125
9 0.3136111111111111 0.30375 0.013888888888888888 0.01625
9 0.5363888888888889 0.341875 0.019444444444444445 0.01125
0 0.255 0.4509375 0.04111111111111111 0.093125
0 0.5713888888888888 0.4525 0.01611111111111111 0.03375
0 0.6572222222222223 0.449375 0.015555555555555555 0.04
0 0.6744444444444444 0.449375 0.012222222222222223 0.03625
0 0.7047222222222222 0.4509375 0.009444444444444445 0.043125
0 0.9372222222222222 0.4509375 0.06555555555555556 0.154375
0 0.9197222222222222 0.456875 0.05388888888888889 0.13875
2 0.01611111111111111 0.5728125 0.03222222222222222 0.194375
2 0.12222222222222222 0.473125 0.18555555555555556 0.075
2 0.24305555555555555 0.47125 0.02388888888888889 0.04125
2 0.41444444444444445 0.5865625 0.4411111111111111 0.374375
2 0.9336111111111111 0.45625 0.13277777777777777 0.08875
2 0.8127777777777778 0.4540625 0.12555555555555556 0.058125
