7 0.4765625 0.45361328125 0.00625 0.0087890625
7 0.536328125 0.44677734375 0.00703125 0.0087890625
7 0.5890625 0.42578125 0.00625 0.009765625
7 0.622265625 0.447265625 0.00703125 0.009765625
9 0.083984375 0.453125 0.03046875 0.013671875
9 0.083203125 0.40478515625 0.04453125 0.0556640625
9 0.903125 0.42431640625 0.028125 0.0146484375
9 0.901953125 0.37353515625 0.04453125 0.0556640625
9 0.981640625 0.4072265625 0.03515625 0.052734375
9 0.784375 0.4306640625 0.0203125 0.009765625
9 0.479296875 0.52783203125 0.01640625 0.0517578125
2 0.59609375 0.46875 0.015625 0.015625
2 0.461328125 0.48095703125 0.02109375 0.0244140625
2 0.44296875 0.486328125 0.015625 0.021484375
2 0.425390625 0.48876953125 0.02265625 0.0283203125
2 0.626953125 0.48095703125 0.01328125 0.0224609375
2 0.64296875 0.48388671875 0.0265625 0.0283203125
2 0.352734375 0.548828125 0.10703125 0.08984375
