4 0.5627777777777778 0.44875 0.31 0.14
9 0.8161111111111111 0.415625 0.011111111111111112 0.01875
9 0.9502777777777778 0.4175 0.008333333333333333 0.02875
9 0.9683333333333334 0.43 0.025555555555555557 0.04125
9 0.29138888888888886 0.4221875 0.010555555555555556 0.018125
9 0.29194444444444445 0.434375 0.010555555555555556 0.00625
2 0.3363888888888889 0.46375 0.026111111111111113 0.0225
2 0.39861111111111114 0.4590625 0.008333333333333333 0.008125
2 0.7672222222222222 0.4375 0.07 0.0225
2 0.735 0.4375 0.03777777777777778 0.0225
2 0.8663888888888889 0.4353125 0.03388888888888889 0.019375
2 0.8908333333333334 0.4321875 0.020555555555555556 0.019375
2 0.8391666666666666 0.4371875 0.02722222222222222 0.018125
