9 0.8897222222222222 0.2403125 0.050555555555555555 0.073125
9 0.7555555555555555 0.3840625 0.042222222222222223 0.013125
0 0.6155555555555555 0.4759375 0.012222222222222223 0.038125
2 0.2386111111111111 0.4909375 0.11166666666666666 0.090625
2 0.3338888888888889 0.4796875 0.05333333333333334 0.048125
2 0.3736111111111111 0.47625 0.030555555555555555 0.02875
2 0.3852777777777778 0.4721875 0.02722222222222222 0.030625
2 0.4086111111111111 0.4709375 0.025 0.021875
2 0.42583333333333334 0.46875 0.017222222222222222 0.0175
2 0.4469444444444444 0.468125 0.017222222222222222 0.01875
