9 0.364501953125 0.5009765625 0.00732421875 0.005859375
9 0.364501953125 0.4830729166666667 0.01025390625 0.028645833333333332
9 0.829345703125 0.4837239583333333 0.01806640625 0.01171875
9 0.82861328125 0.4436848958333333 0.048828125 0.06705729166666667
0 0.58447265625 0.5400390625 0.01171875 0.048828125
0 0.57275390625 0.5377604166666666 0.0107421875 0.049479166666666664
2 0.085693359375 0.650390625 0.10791015625 0.22265625
2 0.166748046875 0.619140625 0.14794921875 0.15885416666666666
2 0.26513671875 0.5413411458333334 0.052734375 0.06315104166666667
2 0.181396484375 0.5406901041666666 0.10107421875 0.07096354166666667
2 0.3134765625 0.5445963541666666 0.0546875 0.055338541666666664
2 0.359375 0.5406901041666666 0.041015625 0.048828125
2 0.40087890625 0.5533854166666666 0.0654296875 0.0625
2 0.438720703125 0.5462239583333334 0.03759765625 0.046875
2 0.4609375 0.5423177083333334 0.0263671875 0.04296875
2 0.48193359375 0.5341796875 0.0322265625 0.031901041666666664
2 0.49609375 0.5279947916666666 0.029296875 0.033854166666666664
2 0.52099609375 0.5247395833333334 0.0126953125 0.016927083333333332
2 0.530517578125 0.5208333333333334 0.01708984375 0.018229166666666668
2 0.514404296875 0.5266927083333334 0.01123046875 0.026041666666666668
2 0.5390625 0.515625 0.0087890625 0.013020833333333334
2 0.91259765625 0.7623697916666666 0.1123046875 0.3216145833333333
2 0.86767578125 0.6770833333333334 0.201171875 0.2682291666666667
2 0.788818359375 0.6116536458333334 0.16943359375 0.19596354166666666
2 0.634521484375 0.5458984375 0.05908203125 0.07096354166666667
2 0.599609375 0.5328776041666666 0.01953125 0.043619791666666664
2 0.609375 0.5384114583333334 0.0166015625 0.046875
