4 0.2630718954248366 0.48876953125 0.16666666666666666 0.0791015625
7 0.45465686274509803 0.4453125 0.007352941176470588 0.021484375
7 0.44485294117647056 0.4404296875 0.007352941176470588 0.025390625
7 0.6147875816993464 0.4853515625 0.005718954248366013 0.015625
7 0.7136437908496732 0.44140625 0.007352941176470588 0.025390625
7 0.6225490196078431 0.35986328125 0.008169934640522876 0.0244140625
9 0.7508169934640523 0.44091796875 0.017973856209150325 0.0224609375
9 0.7508169934640523 0.4560546875 0.013071895424836602 0.0078125
9 0.7508169934640523 0.4658203125 0.008169934640522876 0.01171875
9 0.9636437908496732 0.435546875 0.02696078431372549 0.03515625
0 0.42810457516339867 0.51708984375 0.00980392156862745 0.0419921875
0 0.4354575163398693 0.51708984375 0.011437908496732025 0.0380859375
0 0.42034313725490197 0.513671875 0.005718954248366013 0.029296875
2 0.7520424836601307 0.59619140625 0.20669934640522875 0.1767578125
2 0.608251633986928 0.5380859375 0.08088235294117647 0.076171875
2 0.5718954248366013 0.52734375 0.026143790849673203 0.05078125
2 0.5629084967320261 0.5078125 0.00980392156862745 0.013671875
2 0.5294117647058824 0.505859375 0.024509803921568627 0.02734375
2 0.5469771241830066 0.5068359375 0.01715686274509804 0.01953125
2 0.119281045751634 0.6455078125 0.238562091503268 0.296875
2 0.2724673202614379 0.5625 0.11356209150326797 0.1328125
2 0.35661764705882354 0.5517578125 0.07434640522875817 0.083984375
2 0.3958333333333333 0.52783203125 0.051470588235294115 0.0634765625
2 0.443218954248366 0.5107421875 0.018790849673202614 0.033203125
2 0.46405228758169936 0.50927734375 0.016339869281045753 0.0263671875
2 0.4783496732026144 0.50732421875 0.013888888888888888 0.0126953125
2 0.4869281045751634 0.5048828125 0.011437908496732025 0.01171875
2 0.43995098039215685 0.48974609375 0.022058823529411766 0.0107421875
