7 0.5188888888888888 0.420625 0.01 0.03125
7 0.43416666666666665 0.3809375 0.009444444444444445 0.024375
7 0.4186111111111111 0.414375 0.0038888888888888888 0.01125
7 0.31027777777777776 0.37125 0.009444444444444445 0.02625
7 0.2125 0.4159375 0.009444444444444445 0.026875
7 0.35833333333333334 0.4459375 0.0033333333333333335 0.009375
9 0.4102777777777778 0.411875 0.007222222222222222 0.0075
9 0.6291666666666667 0.391875 0.041666666666666664 0.03875
9 0.6322222222222222 0.349375 0.04777777777777778 0.0375
0 0.9227777777777778 0.470625 0.05333333333333334 0.12375
0 0.8744444444444445 0.46625 0.05555555555555555 0.145
1 0.8080555555555555 0.50875 0.05722222222222222 0.11125
1 0.8272222222222222 0.499375 0.07777777777777778 0.12
1 0.4891666666666667 0.476875 0.010555555555555556 0.02125
2 0.4577777777777778 0.4775 0.04555555555555556 0.04125
2 0.42527777777777775 0.47 0.02277777777777778 0.0225
2 0.39361111111111113 0.4684375 0.021666666666666667 0.015625
2 0.01 0.5234375 0.01888888888888889 0.120625
0 0.48833333333333334 0.4709375 0.008888888888888889 0.026875
