7 0.9255555555555556 0.3728125 0.023333333333333334 0.023125
7 0.6608333333333334 0.3440625 0.010555555555555556 0.030625
7 0.5241666666666667 0.43 0.005 0.0125
7 0.47 0.4075 0.0077777777777777776 0.00875
7 0.32805555555555554 0.4309375 0.005 0.013125
9 0.9458333333333333 0.3259375 0.03277777777777778 0.035625
9 0.9713888888888889 0.36 0.03277777777777778 0.015
9 0.6563888888888889 0.435 0.010555555555555556 0.01625
9 0.6627777777777778 0.3690625 0.03666666666666667 0.011875
0 0.8513888888888889 0.4803125 0.03833333333333333 0.145625
0 0.8872222222222222 0.46 0.03111111111111111 0.11625
0 0.8652777777777778 0.4659375 0.02277777777777778 0.103125
0 0.8161111111111111 0.4715625 0.034444444444444444 0.110625
0 0.7747222222222222 0.46375 0.03388888888888889 0.08875
0 0.7452777777777778 0.468125 0.020555555555555556 0.09375
0 0.7305555555555555 0.4796875 0.022222222222222223 0.095625
0 0.7066666666666667 0.47875 0.034444444444444444 0.1025
0 0.03861111111111111 0.4559375 0.019444444444444445 0.033125
0 0.05333333333333334 0.4571875 0.01 0.028125
0 0.0925 0.4546875 0.011666666666666667 0.023125
1 0.09444444444444444 0.48375 0.04777777777777778 0.0375
1 0.1063888888888889 0.485 0.041666666666666664 0.03125
2 0.3175 0.4753125 0.051666666666666666 0.048125
2 0.3422222222222222 0.4740625 0.025555555555555557 0.035625
2 0.2538888888888889 0.4784375 0.09 0.063125
