4 0.3190359477124183 0.48046875 0.010620915032679739 0.005859375
9 0.5183823529411765 0.4580078125 0.012254901960784314 0.015625
9 0.4681372549019608 0.4453125 0.029411764705882353 0.005859375
9 0.4681372549019608 0.439453125 0.029411764705882353 0.005859375
9 0.28717320261437906 0.4619140625 0.013888888888888888 0.017578125
9 0.2397875816993464 0.43408203125 0.02042483660130719 0.0107421875
9 0.24019607843137256 0.4462890625 0.0196078431372549 0.013671875
9 0.9816176470588235 0.2529296875 0.03676470588235294 0.154296875
9 0.9718137254901961 0.26123046875 0.056372549019607844 0.1630859375
6 0.3790849673202614 0.49560546875 0.03594771241830065 0.0341796875
3 0.4305555555555556 0.537109375 0.03104575163398693 0.056640625
3 0.3022875816993464 0.4892578125 0.0032679738562091504 0.005859375
2 0.47344771241830064 0.50732421875 0.061274509803921566 0.0751953125
2 0.4097222222222222 0.4951171875 0.01715686274509804 0.017578125
2 0.4178921568627451 0.48876953125 0.008986928104575163 0.0087890625
2 0.3958333333333333 0.48876953125 0.005718954248366013 0.0087890625
2 0.33455882352941174 0.501953125 0.03022875816993464 0.021484375
2 0.3472222222222222 0.484375 0.008169934640522876 0.005859375
2 0.33619281045751637 0.4814453125 0.007352941176470588 0.005859375
2 0.2696078431372549 0.51123046875 0.05065359477124183 0.0380859375
2 0.21691176470588236 0.52392578125 0.08905228758169935 0.0615234375
2 0.08660130718954248 0.52734375 0.10457516339869281 0.060546875
2 0.1568627450980392 0.49462890625 0.0457516339869281 0.0322265625
2 0.2749183006535948 0.48681640625 0.013888888888888888 0.0126953125
2 0.2965686274509804 0.48779296875 0.008169934640522876 0.0146484375
2 0.3088235294117647 0.49169921875 0.00980392156862745 0.0107421875
2 0.3202614379084967 0.48828125 0.008169934640522876 0.0078125
2 0.31290849673202614 0.4853515625 0.008169934640522876 0.005859375
0 0.4297385620915033 0.50048828125 0.026143790849673203 0.0380859375
0 0.3022875816993464 0.48681640625 0.0032679738562091504 0.0048828125
