9 0.6136111111111111 0.408125 0.009444444444444445 0.0125
9 0.5588888888888889 0.4384375 0.0077777777777777776 0.009375
9 0.5433333333333333 0.4375 0.0077777777777777776 0.00875
9 0.43472222222222223 0.4415625 0.007222222222222222 0.008125
0 0.4925 0.45125 0.0038888888888888888 0.01375
1 0.5147222222222222 0.489375 0.026111111111111113 0.06
2 0.9136111111111112 0.523125 0.17277777777777778 0.18125
2 0.8016666666666666 0.49375 0.15888888888888889 0.1125
2 0.6908333333333333 0.478125 0.09833333333333333 0.06875
2 0.6486111111111111 0.4721875 0.05722222222222222 0.061875
2 0.6241666666666666 0.4671875 0.04722222222222222 0.056875
2 0.5972222222222222 0.46625 0.03777777777777778 0.04
2 0.5780555555555555 0.4646875 0.025 0.033125
2 0.5747222222222222 0.4609375 0.028333333333333332 0.031875
2 0.5577777777777778 0.459375 0.015555555555555555 0.0225
2 0.5505555555555556 0.4575 0.013333333333333334 0.02125
2 0.5480555555555555 0.4553125 0.01611111111111111 0.021875
2 0.5377777777777778 0.45625 0.012222222222222223 0.01875
2 0.5316666666666666 0.455625 0.005555555555555556 0.0125
2 0.4527777777777778 0.4575 0.005555555555555556 0.0125
2 0.45 0.45875 0.006666666666666667 0.01125
2 0.43583333333333335 0.4590625 0.008333333333333333 0.018125
2 0.44166666666666665 0.4584375 0.0077777777777777776 0.015625
2 0.4297222222222222 0.4584375 0.010555555555555556 0.020625
2 0.42583333333333334 0.459375 0.009444444444444445 0.02125
2 0.41833333333333333 0.4603125 0.014444444444444444 0.025625
2 0.4091666666666667 0.4621875 0.015 0.026875
2 0.39916666666666667 0.46375 0.018333333333333333 0.02875
2 0.37444444444444447 0.465 0.03888888888888889 0.04125
2 0.35583333333333333 0.470625 0.049444444444444444 0.0425
2 0.31166666666666665 0.4771875 0.05555555555555555 0.060625
2 0.27194444444444443 0.485625 0.0661111111111111 0.07125
2 0.1688888888888889 0.50125 0.15666666666666668 0.10875
0 0.5138888888888888 0.465 0.034444444444444444 0.0825
