7 0.8149509803921569 0.47314453125 0.005718954248366013 0.0126953125
7 0.440359477124183 0.49072265625 0.004901960784313725 0.0068359375
7 0.4375 0.439453125 0.007352941176470588 0.0234375
7 0.3684640522875817 0.4208984375 0.011437908496732025 0.03125
9 0.7144607843137255 0.44384765625 0.02042483660130719 0.0244140625
9 0.7148692810457516 0.45947265625 0.016339869281045753 0.0087890625
9 0.30392156862745096 0.48779296875 0.00980392156862745 0.0126953125
0 0.9419934640522876 0.53515625 0.027777777777777776 0.080078125
0 0.7038398692810458 0.51025390625 0.010620915032679739 0.0283203125
0 0.34681372549019607 0.5244140625 0.028594771241830064 0.064453125
0 0.3194444444444444 0.5234375 0.013071895424836602 0.052734375
3 0.6127450980392157 0.515625 0.008169934640522876 0.015625
3 0.2986111111111111 0.52734375 0.022058823529411766 0.044921875
2 0.1482843137254902 0.607421875 0.2965686274509804 0.314453125
2 0.5363562091503268 0.6318359375 0.2426470588235294 0.255859375
2 0.8014705882352942 0.5107421875 0.03104575163398693 0.02734375
2 0.6715686274509803 0.50439453125 0.008169934640522876 0.0126953125
2 0.6560457516339869 0.50439453125 0.011437908496732025 0.0126953125
2 0.6241830065359477 0.50927734375 0.011437908496732025 0.0107421875
2 0.627859477124183 0.505859375 0.013888888888888888 0.013671875
2 0.6102941176470589 0.5029296875 0.016339869281045753 0.021484375
2 0.6041666666666666 0.51171875 0.007352941176470588 0.013671875
2 0.5788398692810458 0.5146484375 0.04003267973856209 0.02734375
2 0.5204248366013072 0.51318359375 0.07516339869281045 0.0380859375
2 0.40441176470588236 0.51953125 0.04738562091503268 0.04296875
2 0.3570261437908497 0.52099609375 0.06862745098039216 0.0517578125
2 0.2826797385620915 0.52099609375 0.014705882352941176 0.0126953125
0 0.6825980392156863 0.5146484375 0.015522875816993464 0.041015625
0 0.6131535947712419 0.50830078125 0.007352941176470588 0.0166015625
14 0.6870915032679739 0.52099609375 0.008169934640522876 0.0283203125
