1 0.819091796875 0.6881510416666666 0.05810546875 0.17838541666666666
1 0.90478515625 0.7366536458333334 0.0869140625 0.21158854166666666
2 0.212890625 0.626953125 0.2392578125 0.18098958333333334
2 0.34521484375 0.5856119791666666 0.1376953125 0.15299479166666666
2 0.448486328125 0.5696614583333334 0.07470703125 0.07682291666666667
2 0.490234375 0.548828125 0.060546875 0.078125
2 0.523193359375 0.5530598958333334 0.01904296875 0.042317708333333336
2 0.526123046875 0.5439453125 0.02978515625 0.046223958333333336
2 0.53759765625 0.5397135416666666 0.02734375 0.048177083333333336
2 0.564208984375 0.5377604166666666 0.02685546875 0.024739583333333332
2 0.57763671875 0.5361328125 0.0107421875 0.025390625
2 0.76025390625 0.578125 0.0751953125 0.08333333333333333
2 0.7236328125 0.5595703125 0.05078125 0.056640625
2 0.7001953125 0.5537109375 0.02734375 0.047526041666666664
2 0.689453125 0.5462239583333334 0.0263671875 0.0390625
2 0.668212890625 0.5432942708333334 0.02001953125 0.021484375
2 0.66259765625 0.5328776041666666 0.0224609375 0.033203125
2 0.588134765625 0.5387369791666666 0.01220703125 0.018880208333333332
2 0.919677734375 0.6650390625 0.09912109375 0.21940104166666666
0 0.909423828125 0.6520182291666666 0.09326171875 0.3157552083333333
0 0.82080078125 0.6181640625 0.07421875 0.279296875
9 0.720458984375 0.5006510416666666 0.01513671875 0.020833333333333332
9 0.719970703125 0.5139973958333334 0.00830078125 0.004557291666666667
