9 0.6261111111111111 0.45875 0.0077777777777777776 0.0075
9 0.6252777777777778 0.446875 0.013888888888888888 0.015
9 0.6036111111111111 0.455625 0.008333333333333333 0.01125
9 0.5922222222222222 0.4575 0.0044444444444444444 0.005
9 0.5538888888888889 0.4590625 0.006666666666666667 0.009375
9 0.5836111111111111 0.4621875 0.002777777777777778 0.004375
9 0.48277777777777775 0.441875 0.017777777777777778 0.00625
9 0.14277777777777778 0.445625 0.015555555555555555 0.01625
2 0.5952777777777778 0.4609375 0.0038888888888888888 0.004375
2 0.5888888888888889 0.4628125 0.0044444444444444444 0.004375
2 0.5402777777777777 0.4675 0.007222222222222222 0.00625
2 0.5216666666666666 0.470625 0.012222222222222223 0.01125
2 0.5083333333333333 0.4665625 0.0077777777777777776 0.006875
2 0.5 0.47 0.012222222222222223 0.01
2 0.49166666666666664 0.4671875 0.01 0.009375
2 0.48083333333333333 0.46875 0.012777777777777779 0.0125
2 0.45861111111111114 0.4690625 0.019444444444444445 0.019375
2 0.43416666666666665 0.4659375 0.03277777777777778 0.036875
