7 0.9233333333333333 0.3740625 0.024444444444444446 0.026875
7 0.6522222222222223 0.3934375 0.014444444444444444 0.021875
7 0.6605555555555556 0.335625 0.021111111111111112 0.05375
7 0.32916666666666666 0.424375 0.012777777777777779 0.0175
7 0.47055555555555556 0.4009375 0.011111111111111112 0.014375
7 0.5261111111111111 0.4221875 0.008888888888888889 0.013125
9 0.9697222222222223 0.360625 0.03388888888888889 0.0125
9 0.9441666666666667 0.3271875 0.030555555555555555 0.036875
9 0.6552777777777777 0.4365625 0.009444444444444445 0.018125
9 0.6622222222222223 0.37125 0.03666666666666667 0.0125
0 0.8880555555555556 0.4596875 0.035 0.115625
0 0.8544444444444445 0.466875 0.028888888888888888 0.1025
0 0.78 0.4753125 0.027777777777777776 0.108125
0 0.7555555555555555 0.460625 0.02666666666666667 0.0825
0 0.7316666666666667 0.4590625 0.028888888888888888 0.080625
0 0.6719444444444445 0.4490625 0.01611111111111111 0.048125
0 0.5586111111111111 0.4796875 0.02388888888888889 0.085625
0 0.4761111111111111 0.476875 0.03333333333333333 0.1025
0 0.3138888888888889 0.4675 0.035555555555555556 0.1175
0 0.23305555555555554 0.468125 0.04611111111111111 0.1175
0 0.10916666666666666 0.4571875 0.01611111111111111 0.024375
1 0.10055555555555555 0.4846875 0.04777777777777778 0.036875
1 0.10277777777777777 0.485 0.05555555555555555 0.03
2 0.355 0.471875 0.03111111111111111 0.035
2 0.3347222222222222 0.4775 0.03833333333333333 0.04125
2 0.295 0.4753125 0.035555555555555556 0.045625
2 0.25083333333333335 0.47875 0.08833333333333333 0.06375
