7 0.17333333333333334 0.30875 0.013333333333333334 0.03625
7 0.33666666666666667 0.2925 0.014444444444444444 0.0375
7 0.45222222222222225 0.36625 0.0077777777777777776 0.02125
7 0.5308333333333334 0.3725 0.008333333333333333 0.02125
7 0.6383333333333333 0.4165625 0.006666666666666667 0.019375
7 0.6386111111111111 0.4384375 0.005 0.005625
7 0.6991666666666667 0.41 0.006111111111111111 0.0275
7 0.6830555555555555 0.4153125 0.005 0.018125
7 0.8113888888888889 0.3384375 0.007222222222222222 0.033125
7 0.8638888888888889 0.3840625 0.011111111111111112 0.031875
7 0.8513888888888889 0.3853125 0.006111111111111111 0.026875
7 0.8730555555555556 0.39125 0.005 0.02375
7 0.8783333333333333 0.4228125 0.008888888888888889 0.010625
7 0.8569444444444444 0.42125 0.006111111111111111 0.01125
7 0.0475 0.376875 0.005 0.02625
7 0.08861111111111111 0.4234375 0.006111111111111111 0.029375
7 0.13916666666666666 0.4309375 0.006111111111111111 0.018125
7 0.13666666666666666 0.4525 0.006666666666666667 0.00875
9 0.3113888888888889 0.2884375 0.019444444444444445 0.023125
9 0.46805555555555556 0.365625 0.010555555555555556 0.0125
9 0.5741666666666667 0.39625 0.03611111111111111 0.0125
9 0.0175 0.373125 0.035 0.01625
9 0.059722222222222225 0.393125 0.013888888888888888 0.00625
9 0.3277777777777778 0.4446875 0.01888888888888889 0.025625
9 0.8477777777777777 0.348125 0.014444444444444444 0.0125
0 0.7494444444444445 0.463125 0.0077777777777777776 0.035
6 0.2847222222222222 0.4609375 0.04833333333333333 0.033125
2 0.019166666666666665 0.4865625 0.03833333333333333 0.038125
2 0.04388888888888889 0.480625 0.08444444444444445 0.04
2 0.24694444444444444 0.4815625 0.10611111111111111 0.046875
2 0.3536111111111111 0.4746875 0.021666666666666667 0.021875
2 0.33111111111111113 0.4728125 0.03222222222222222 0.023125
2 0.3725 0.4721875 0.020555555555555556 0.020625
2 0.4716666666666667 0.543125 0.2577777777777778 0.2425
2 0.6163888888888889 0.474375 0.07166666666666667 0.065
2 0.6611111111111111 0.4884375 0.09222222222222222 0.073125
2 0.9369444444444445 0.53125 0.12611111111111112 0.2375
