9 0.53984375 0.44287109375 0.0109375 0.0185546875
0 0.403515625 0.4736328125 0.00703125 0.02734375
0 0.3984375 0.47705078125 0.00625 0.0244140625
0 0.65390625 0.47216796875 0.0125 0.0322265625
0 0.67421875 0.474609375 0.0140625 0.029296875
2 0.31796875 0.5068359375 0.1390625 0.068359375
2 0.905078125 0.6591796875 0.18984375 0.240234375
2 0.81484375 0.603515625 0.171875 0.15625
2 0.7421875 0.56982421875 0.125 0.1162109375
2 0.653515625 0.52783203125 0.09453125 0.0849609375
2 0.559765625 0.4912109375 0.04453125 0.044921875
2 0.53125 0.482421875 0.028125 0.033203125
2 0.515625 0.48046875 0.0171875 0.03125
2 0.503125 0.47265625 0.0203125 0.021484375
2 0.492578125 0.4677734375 0.01328125 0.015625
2 0.44296875 0.4814453125 0.0515625 0.033203125
2 0.90078125 0.5 0.128125 0.048828125
2 0.48515625 0.46484375 0.0140625 0.015625
