7 0.9358333333333333 0.3659375 0.010555555555555556 0.031875
7 0.9002777777777777 0.346875 0.020555555555555556 0.0525
7 0.9152777777777777 0.396875 0.012777777777777779 0.01875
7 0.9 0.3990625 0.01 0.019375
7 0.8661111111111112 0.293125 0.01 0.02875
7 0.8286111111111111 0.299375 0.008333333333333333 0.02625
7 0.7941666666666667 0.40125 0.005 0.02
7 0.8002777777777778 0.420625 0.005 0.00875
7 0.5638888888888889 0.3590625 0.008888888888888889 0.030625
7 0.6161111111111112 0.3915625 0.0077777777777777776 0.035625
7 0.6161111111111112 0.4225 0.005555555555555556 0.0075
7 0.5469444444444445 0.4353125 0.002777777777777778 0.008125
7 0.5219444444444444 0.4190625 0.002777777777777778 0.008125
7 0.5222222222222223 0.43875 0.0022222222222222222 0.005
7 0.3194444444444444 0.408125 0.006666666666666667 0.02125
7 0.17277777777777778 0.4090625 0.0077777777777777776 0.024375
7 0.08916666666666667 0.3221875 0.007222222222222222 0.026875
9 0.8477777777777777 0.294375 0.005555555555555556 0.01625
0 0.9313888888888889 0.461875 0.017222222222222222 0.065
0 0.9161111111111111 0.453125 0.013333333333333334 0.04625
0 0.8747222222222222 0.4465625 0.007222222222222222 0.018125
0 0.8863888888888889 0.4471875 0.008333333333333333 0.015625
0 0.9891666666666666 0.4528125 0.011666666666666667 0.029375
0 0.9747222222222223 0.44375 0.012777777777777779 0.0225
0 0.9619444444444445 0.4459375 0.009444444444444445 0.020625
0 0.7936111111111112 0.4565625 0.010555555555555556 0.034375
0 0.7852777777777777 0.4521875 0.010555555555555556 0.035625
0 0.6191666666666666 0.4525 0.010555555555555556 0.03125
0 0.6111111111111112 0.4525 0.01 0.0325
0 0.1713888888888889 0.46625 0.018333333333333333 0.05875
0 0.1811111111111111 0.4625 0.021111111111111112 0.06875
0 0.6280555555555556 0.4509375 0.008333333333333333 0.026875
0 0.6022222222222222 0.4521875 0.005555555555555556 0.021875
0 0.5966666666666667 0.4525 0.005555555555555556 0.02
1 0.8197222222222222 0.4659375 0.03166666666666667 0.024375
2 0.9591666666666666 0.458125 0.08166666666666667 0.045
2 0.8847222222222222 0.4584375 0.050555555555555555 0.038125
2 0.7102777777777778 0.495 0.1527777777777778 0.13375
2 0.5222222222222223 0.4525 0.012222222222222223 0.015
2 0.5341666666666667 0.44625 0.008333333333333333 0.00875
2 0.012222222222222223 0.4728125 0.024444444444444446 0.030625
0 0.8238888888888889 0.4540625 0.013333333333333334 0.040625
8 0.9141666666666667 0.480625 0.015 0.04
