7 0.47890625 0.4404296875 0.0109375 0.03125
7 0.64375 0.43603515625 0.0078125 0.0263671875
7 0.857421875 0.3203125 0.03046875 0.099609375
7 0.008984375 0.41748046875 0.01796875 0.0615234375
9 0.02265625 0.48779296875 0.03125 0.0615234375
0 0.087109375 0.54541015625 0.01796875 0.0478515625
1 0.9625 0.64599609375 0.075 0.1298828125
1 0.8234375 0.498046875 0.028125 0.041015625
2 0.426953125 0.55419921875 0.11171875 0.1005859375
2 0.4765625 0.52978515625 0.0640625 0.0712890625
2 0.497265625 0.50048828125 0.05390625 0.0478515625
0 0.823046875 0.48779296875 0.02421875 0.0615234375
8 0.808203125 0.5634765625 0.02421875 0.07421875
