7 0.5220588235294118 0.40771484375 0.004901960784313725 0.0146484375
9 0.3815359477124183 0.39453125 0.05228758169934641 0.033203125
9 0.32107843137254904 0.40478515625 0.0196078431372549 0.0087890625
9 0.5228758169934641 0.41845703125 0.006535947712418301 0.0068359375
9 0.6176470588235294 0.40234375 0.00980392156862745 0.015625
3 0.553921568627451 0.451171875 0.013071895424836602 0.021484375
2 0.07352941176470588 0.55224609375 0.14705882352941177 0.0966796875
2 0.5902777777777778 0.43359375 0.010620915032679739 0.0078125
2 0.3786764705882353 0.51025390625 0.02042483660130719 0.0302734375
2 0.31004901960784315 0.4345703125 0.018790849673202614 0.005859375
2 0.12826797385620914 0.4365234375 0.024509803921568627 0.00390625
0 0.5543300653594772 0.44287109375 0.010620915032679739 0.0224609375
