7 0.44607843137254904 0.50732421875 0.0032679738562091504 0.0048828125
7 0.5437091503267973 0.47998046875 0.005718954248366013 0.0068359375
7 0.5428921568627451 0.51220703125 0.004084967320261438 0.0048828125
7 0.6670751633986928 0.5078125 0.004084967320261438 0.005859375
7 0.6617647058823529 0.4892578125 0.004901960784313725 0.0078125
7 0.8108660130718954 0.517578125 0.012254901960784314 0.033203125
7 0.9522058823529411 0.3046875 0.041666666666666664 0.10546875
7 0.9428104575163399 0.537109375 0.017973856209150325 0.048828125
7 0.7986111111111112 0.47412109375 0.015522875816993464 0.0244140625
9 0.18341503267973855 0.48388671875 0.018790849673202614 0.0224609375
9 0.18341503267973855 0.49853515625 0.013888888888888888 0.0087890625
9 0.6368464052287581 0.47998046875 0.010620915032679739 0.0146484375
9 0.6609477124183006 0.4755859375 0.013071895424836602 0.015625
9 0.6723856209150327 0.43505859375 0.017973856209150325 0.0068359375
9 0.6727941176470589 0.44482421875 0.01715686274509804 0.0107421875
9 0.6727941176470589 0.45654296875 0.018790849673202614 0.0107421875
9 0.673202614379085 0.4716796875 0.017973856209150325 0.017578125
9 0.7875816993464052 0.404296875 0.00980392156862745 0.005859375
9 0.7712418300653595 0.412109375 0.04411764705882353 0.01171875
9 0.7712418300653595 0.435546875 0.03104575163398693 0.037109375
9 0.7720588235294118 0.45849609375 0.027777777777777776 0.0107421875
9 0.9546568627450981 0.4052734375 0.06454248366013073 0.076171875
0 0.5269607843137255 0.52294921875 0.00980392156862745 0.0244140625
0 0.47630718954248363 0.52783203125 0.011437908496732025 0.0224609375
0 0.5388071895424836 0.5244140625 0.004084967320261438 0.017578125
0 0.5449346405228758 0.52490234375 0.006535947712418301 0.0185546875
0 0.8496732026143791 0.50048828125 0.006535947712418301 0.0185546875
0 0.8370098039215687 0.5009765625 0.007352941176470588 0.01953125
3 0.3533496732026144 0.68212890625 0.10049019607843138 0.2138671875
2 0.0363562091503268 0.7265625 0.0727124183006536 0.1875
2 0.8047385620915033 0.65966796875 0.31862745098039214 0.2431640625
0 0.3525326797385621 0.6474609375 0.10049019607843138 0.23828125
