7 0.3436111111111111 0.4321875 0.005 0.008125
7 0.8044444444444444 0.29875 0.03 0.05625
7 0.8133333333333334 0.3596875 0.023333333333333334 0.025625
7 0.5461111111111111 0.3353125 0.017777777777777778 0.040625
7 0.5419444444444445 0.37625 0.020555555555555556 0.02375
9 0.3463888888888889 0.42625 0.010555555555555556 0.005
9 0.45416666666666666 0.415 0.008333333333333333 0.01375
9 0.45361111111111113 0.4028125 0.005 0.009375
9 0.4702777777777778 0.41375 0.007222222222222222 0.01125
9 0.4702777777777778 0.3884375 0.013888888888888888 0.019375
9 0.5375 0.4234375 0.011666666666666667 0.016875
9 0.8094444444444444 0.3378125 0.02666666666666667 0.020625
9 0.8616666666666667 0.346875 0.03666666666666667 0.01375
0 0.07277777777777777 0.45875 0.017777777777777778 0.0525
0 0.405 0.4528125 0.015555555555555555 0.030625
0 0.5116666666666667 0.445625 0.022222222222222223 0.05625
0 0.49777777777777776 0.4375 0.012222222222222223 0.045
0 0.5225 0.434375 0.011666666666666667 0.03125
1 0.6205555555555555 0.4809375 0.028888888888888888 0.054375
2 0.1413888888888889 0.466875 0.07833333333333334 0.05875
2 0.42055555555555557 0.45125 0.014444444444444444 0.01875
2 0.4438888888888889 0.4575 0.04777777777777778 0.04125
0 0.6263888888888889 0.4521875 0.03722222222222222 0.076875
8 0.5238888888888888 0.4634375 0.016666666666666666 0.038125
