9 0.980859375 0.3974609375 0.03515625 0.046875
9 0.50703125 0.4326171875 0.025 0.037109375
0 0.53984375 0.484375 0.01875 0.05078125
1 0.087890625 0.51220703125 0.03515625 0.0439453125
1 0.108984375 0.51220703125 0.02734375 0.0400390625
1 0.125 0.513671875 0.0203125 0.037109375
1 0.566015625 0.64697265625 0.07265625 0.1337890625
1 0.636328125 0.55078125 0.05078125 0.095703125
1 0.5515625 0.55712890625 0.0203125 0.0732421875
1 0.85703125 0.5361328125 0.0734375 0.064453125
1 0.8234375 0.53369140625 0.0640625 0.0634765625
2 0.8453125 0.49169921875 0.0640625 0.0498046875
2 0.890234375 0.4873046875 0.04765625 0.04296875
2 0.925 0.4833984375 0.0359375 0.0390625
2 0.957421875 0.4765625 0.05234375 0.048828125
2 0.977734375 0.47900390625 0.04453125 0.0478515625
0 0.569140625 0.58544921875 0.07578125 0.1865234375
8 0.700390625 0.63330078125 0.04140625 0.0908203125
