7 0.6666666666666666 0.324375 0.012222222222222223 0.03875
7 0.44555555555555554 0.246875 0.013333333333333334 0.04
7 0.2788888888888889 0.2571875 0.01 0.028125
7 0.8755555555555555 0.29625 0.023333333333333334 0.0675
9 0.6563888888888889 0.27625 0.058333333333333334 0.0275
0 0.9236111111111112 0.4178125 0.042777777777777776 0.103125
0 0.8619444444444444 0.4234375 0.03833333333333333 0.100625
0 0.7958333333333333 0.4240625 0.045 0.109375
2 0.9033333333333333 0.3946875 0.1922222222222222 0.130625
2 0.14194444444444446 0.46625 0.07944444444444444 0.05
