7 0.9415849673202614 0.41748046875 0.015522875816993464 0.0576171875
7 0.23161764705882354 0.47509765625 0.004084967320261438 0.0048828125
9 0.7066993464052288 0.455078125 0.00980392156862745 0.013671875
9 0.6854575163398693 0.4580078125 0.00980392156862745 0.01171875
9 0.6245915032679739 0.4658203125 0.012254901960784314 0.01171875
0 0.24918300653594772 0.52294921875 0.024509803921568627 0.0595703125
0 0.23570261437908496 0.51953125 0.02042483660130719 0.06640625
0 0.21405228758169934 0.548828125 0.0196078431372549 0.078125
0 0.18668300653594772 0.55029296875 0.02696078431372549 0.0869140625
0 0.16666666666666666 0.54638671875 0.0196078431372549 0.0830078125
0 0.14665032679738563 0.55810546875 0.018790849673202614 0.0654296875
0 0.12826797385620914 0.54833984375 0.029411764705882353 0.0908203125
0 0.0959967320261438 0.544921875 0.03676470588235294 0.08203125
0 0.0625 0.546875 0.022058823529411766 0.08203125
6 0.8476307189542484 0.48388671875 0.2916666666666667 0.1240234375
3 0.9607843137254902 0.62939453125 0.0784313725490196 0.1455078125
3 0.9330065359477124 0.6318359375 0.08660130718954248 0.10546875
3 0.9162581699346405 0.603515625 0.11683006535947713 0.125
3 0.872140522875817 0.58349609375 0.12990196078431374 0.1240234375
3 0.829248366013072 0.57177734375 0.09803921568627451 0.1123046875
2 0.6466503267973857 0.5732421875 0.12663398692810457 0.1171875
2 0.6213235294117647 0.515625 0.09722222222222222 0.046875
2 0.568218954248366 0.5166015625 0.04003267973856209 0.03515625
2 0.42687908496732024 0.66845703125 0.309640522875817 0.3349609375
2 0.3035130718954248 0.56689453125 0.10375816993464053 0.1318359375
2 0.5334967320261438 0.50634765625 0.029411764705882353 0.0224609375
2 0.46568627450980393 0.4990234375 0.014705882352941176 0.01171875
