9 0.9505555555555556 0.3965625 0.006666666666666667 0.028125
9 0.8805555555555555 0.409375 0.005555555555555556 0.01875
2 0.9383333333333334 0.5328125 0.12333333333333334 0.165625
2 0.8355555555555556 0.5009375 0.29 0.170625
2 0.6261111111111111 0.4709375 0.20333333333333334 0.130625
2 0.5113888888888889 0.4746875 0.03166666666666667 0.038125
2 0.48333333333333334 0.4828125 0.011111111111111112 0.016875
2 0.44055555555555553 0.4834375 0.01888888888888889 0.016875
2 0.42277777777777775 0.4853125 0.012222222222222223 0.013125
2 0.04111111111111111 0.47625 0.08222222222222222 0.0375
2 0.12361111111111112 0.4778125 0.06833333333333333 0.028125
2 0.2011111111111111 0.4740625 0.03777777777777778 0.019375
2 0.28805555555555556 0.483125 0.02388888888888889 0.03375
2 0.2608333333333333 0.478125 0.04055555555555555 0.02625
14 0.3902777777777778 0.47875 0.02388888888888889 0.02875
