9 0.65087890625 0.4765625 0.015625 0.01953125
9 0.650634765625 0.4889322916666667 0.00634765625 0.005208333333333333
2 0.22412109375 0.5989583333333334 0.158203125 0.12630208333333334
2 0.33740234375 0.5690104166666666 0.0888671875 0.08333333333333333
2 0.4130859375 0.5517578125 0.0859375 0.083984375
2 0.9384765625 0.8154296875 0.0615234375 0.236328125
2 0.8701171875 0.6917317708333334 0.2001953125 0.2766927083333333
2 0.706298828125 0.5852864583333334 0.10107421875 0.11197916666666667
2 0.6494140625 0.5725911458333334 0.0498046875 0.06315104166666667
2 0.637451171875 0.5524088541666666 0.03466796875 0.052734375
2 0.619384765625 0.5481770833333334 0.01708984375 0.04296875
2 0.6298828125 0.5345052083333334 0.0400390625 0.03515625
2 0.528076171875 0.5354817708333334 0.02685546875 0.025390625
2 0.50634765625 0.5315755208333334 0.0205078125 0.026692708333333332
2 0.484130859375 0.5289713541666666 0.01416015625 0.022786458333333332
2 0.470703125 0.5302734375 0.015625 0.024088541666666668
2 0.71923828125 0.517578125 0.046875 0.024739583333333332
2 0.81640625 0.544921875 0.0673828125 0.055989583333333336
