7 0.9183333333333333 0.3525 0.02666666666666667 0.03125
7 0.9088888888888889 0.27625 0.023333333333333334 0.06
7 0.5180555555555556 0.055 0.029444444444444443 0.08375
7 0.49027777777777776 0.40375 0.007222222222222222 0.01
7 0.45 0.403125 0.0077777777777777776 0.00875
7 0.4613888888888889 0.403125 0.007222222222222222 0.00875
7 0.41194444444444445 0.409375 0.008333333333333333 0.01
7 0.4925 0.425 0.002777777777777778 0.00625
7 0.46444444444444444 0.4225 0.0033333333333333335 0.00625
7 0.4722222222222222 0.4246875 0.0022222222222222222 0.005625
9 0.9369444444444445 0.325 0.06833333333333333 0.01875
9 0.7016666666666667 0.3778125 0.04777777777777778 0.055625
9 0.8927777777777778 0.36 0.013333333333333334 0.04625
9 0.46944444444444444 0.404375 0.0044444444444444444 0.0075
9 0.4388888888888889 0.404375 0.005555555555555556 0.0075
9 0.49944444444444447 0.4034375 0.005555555555555556 0.008125
9 0.5436111111111112 0.4365625 0.006111111111111111 0.009375
0 0.8680555555555556 0.4425 0.013888888888888888 0.0725
0 0.9930555555555556 0.461875 0.013888888888888888 0.13
2 0.81 0.4565625 0.07777777777777778 0.058125
2 0.08805555555555555 0.4959375 0.08166666666666667 0.056875
2 0.2763888888888889 0.473125 0.03388888888888889 0.03625
2 0.3086111111111111 0.4709375 0.05277777777777778 0.043125
2 0.2575 0.471875 0.04055555555555555 0.04
2 0.39361111111111113 0.4609375 0.019444444444444445 0.015625
2 0.405 0.4584375 0.013333333333333334 0.014375
2 0.42055555555555557 0.456875 0.013333333333333334 0.0125
2 0.5866666666666667 0.464375 0.051111111111111114 0.045
2 0.5516666666666666 0.4571875 0.03888888888888889 0.030625
2 0.49472222222222223 0.4615625 0.04611111111111111 0.045625
2 0.4722222222222222 0.4553125 0.014444444444444444 0.018125
2 0.43 0.454375 0.0077777777777777776 0.01
2 0.44027777777777777 0.455 0.011666666666666667 0.01
2 0.4558333333333333 0.451875 0.017222222222222222 0.0175
2 0.5152777777777777 0.4478125 0.013888888888888888 0.020625
8 0.7205555555555555 0.48125 0.016666666666666666 0.04375
