0 0.32972222222222225 0.4275 0.006111111111111111 0.0125
0 0.22944444444444445 0.431875 0.006666666666666667 0.0175
2 0.48444444444444446 0.4775 0.08666666666666667 0.0675
2 0.4388888888888889 0.4759375 0.03666666666666667 0.050625
2 0.4116666666666667 0.466875 0.043333333333333335 0.03875
2 0.4022222222222222 0.4621875 0.035555555555555556 0.034375
2 0.38027777777777777 0.45625 0.025 0.02625
2 0.26361111111111113 0.4309375 0.026111111111111113 0.020625
2 0.22333333333333333 0.448125 0.024444444444444446 0.0225
2 0.21027777777777779 0.4571875 0.03388888888888889 0.030625
