7 0.43709150326797386 0.4462890625 0.008169934640522876 0.025390625
7 0.3684640522875817 0.427734375 0.011437908496732025 0.03125
7 0.8157679738562091 0.47216796875 0.005718954248366013 0.0146484375
9 0.7144607843137255 0.4501953125 0.022058823529411766 0.025390625
9 0.7148692810457516 0.46630859375 0.016339869281045753 0.0068359375
0 0.9865196078431373 0.56103515625 0.02696078431372549 0.1298828125
0 0.9693627450980392 0.54736328125 0.02042483660130719 0.0810546875
0 0.7949346405228758 0.5087890625 0.008169934640522876 0.01953125
0 0.829248366013072 0.5185546875 0.016339869281045753 0.048828125
3 0.11683006535947713 0.55078125 0.03758169934640523 0.056640625
3 0.49673202614379086 0.5234375 0.008169934640522876 0.01953125
2 0.08006535947712418 0.7265625 0.16013071895424835 0.318359375
2 0.2512254901960784 0.57421875 0.2312091503267974 0.19921875
2 0.09191176470588236 0.53515625 0.10049019607843138 0.0703125
2 0.36233660130718953 0.52685546875 0.031862745098039214 0.0419921875
2 0.40032679738562094 0.52734375 0.05555555555555555 0.04296875
2 0.5633169934640523 0.58447265625 0.1511437908496732 0.1513671875
2 0.8075980392156863 0.51513671875 0.01715686274509804 0.0224609375
2 0.7046568627450981 0.509765625 0.008986928104575163 0.015625
2 0.6801470588235294 0.51025390625 0.010620915032679739 0.0107421875
2 0.6062091503267973 0.509765625 0.03104575163398693 0.033203125
2 0.5837418300653595 0.5107421875 0.018790849673202614 0.025390625
2 0.039624183006535946 0.54736328125 0.013888888888888888 0.0380859375
0 0.11601307189542484 0.53515625 0.029411764705882353 0.0703125
