9 0.20805555555555555 0.4009375 0.025 0.041875
0 0.14 0.4571875 0.017777777777777778 0.026875
1 0.4075 0.489375 0.028333333333333332 0.04
1 0.42694444444444446 0.491875 0.019444444444444445 0.035
1 0.4513888888888889 0.4834375 0.010555555555555556 0.018125
1 0.46055555555555555 0.4853125 0.013333333333333334 0.025625
1 0.4688888888888889 0.48375 0.012222222222222223 0.0225
1 0.49 0.48 0.011111111111111112 0.02375
1 0.5019444444444444 0.4778125 0.007222222222222222 0.015625
1 0.5105555555555555 0.475625 0.0077777777777777776 0.015
2 0.18 0.458125 0.10222222222222223 0.02375
2 0.3422222222222222 0.4821875 0.07444444444444444 0.050625
2 0.4 0.473125 0.043333333333333335 0.04625
2 0.47888888888888886 0.4725 0.01 0.02
2 0.6127777777777778 0.474375 0.044444444444444446 0.04125
2 0.5908333333333333 0.475 0.009444444444444445 0.0275
2 0.5863888888888888 0.4740625 0.009444444444444445 0.025625
2 0.5836111111111111 0.4734375 0.009444444444444445 0.023125
2 0.5705555555555556 0.476875 0.0077777777777777776 0.00625
2 0.5555555555555556 0.47375 0.014444444444444444 0.01375
0 0.40944444444444444 0.4765625 0.021111111111111112 0.048125
0 0.4280555555555556 0.476875 0.02277777777777778 0.06125
0 0.44 0.4728125 0.014444444444444444 0.031875
0 0.45916666666666667 0.4696875 0.017222222222222222 0.033125
0 0.4688888888888889 0.470625 0.012222222222222223 0.035
0 0.49 0.4725 0.013333333333333334 0.03
0 0.5025 0.4690625 0.008333333333333333 0.020625
0 0.5111111111111111 0.4684375 0.008888888888888889 0.020625
8 0.21638888888888888 0.496875 0.009444444444444445 0.0225
