9 0.1425 0.41875 0.01611111111111111 0.015
9 0.005 0.393125 0.01 0.0375
0 0.11972222222222222 0.480625 0.026111111111111113 0.05375
0 0.12611111111111112 0.4525 0.01 0.01875
0 0.1238888888888889 0.468125 0.01 0.0275
0 0.20472222222222222 0.4678125 0.010555555555555556 0.034375
0 0.42583333333333334 0.4703125 0.020555555555555556 0.028125
0 0.4411111111111111 0.4859375 0.025555555555555557 0.058125
0 0.47583333333333333 0.500625 0.02277777777777778 0.0675
0 0.4741666666666667 0.48 0.026111111111111113 0.04125
0 0.5594444444444444 0.48 0.06111111111111111 0.10875
0 0.595 0.4815625 0.021111111111111112 0.078125
0 0.6072222222222222 0.4809375 0.017777777777777778 0.080625
0 0.9633333333333334 0.576875 0.07 0.25625
2 0.0325 0.4909375 0.065 0.129375
2 0.31833333333333336 0.5309375 0.2677777777777778 0.186875
