9 0.6919934640522876 0.42236328125 0.027777777777777776 0.0439453125
9 0.6919934640522876 0.4521484375 0.013071895424836602 0.015625
9 0.693218954248366 0.46435546875 0.01715686274509804 0.0068359375
9 0.30718954248366015 0.42529296875 0.027777777777777776 0.0458984375
9 0.30800653594771243 0.45556640625 0.013071895424836602 0.0146484375
9 0.30718954248366015 0.46630859375 0.017973856209150325 0.0068359375
9 0.5073529411764706 0.36376953125 0.07026143790849673 0.0107421875
9 0.5073529411764706 0.37646484375 0.07026143790849673 0.0126953125
9 0.5069444444444444 0.392578125 0.06944444444444445 0.017578125
9 0.43137254901960786 0.38232421875 0.05555555555555555 0.0126953125
9 0.43137254901960786 0.3974609375 0.05555555555555555 0.013671875
9 0.5698529411764706 0.38525390625 0.03676470588235294 0.0126953125
9 0.5698529411764706 0.396484375 0.035130718954248366 0.009765625
9 0.22794117647058823 0.376953125 0.02287581699346405 0.009765625
9 0.2275326797385621 0.38525390625 0.022058823529411766 0.0068359375
9 0.22794117647058823 0.3916015625 0.02287581699346405 0.005859375
9 0.2340686274509804 0.396484375 0.013888888888888888 0.00390625
9 0.5694444444444444 0.36962890625 0.0392156862745098 0.0205078125
6 0.5555555555555556 0.47900390625 0.0392156862745098 0.0576171875
6 0.21568627450980393 0.4716796875 0.10294117647058823 0.07421875
2 0.5988562091503268 0.52099609375 0.08006535947712418 0.0771484375
2 0.5400326797385621 0.49560546875 0.03758169934640523 0.0400390625
2 0.5065359477124183 0.494140625 0.017973856209150325 0.01953125
2 0.48733660130718953 0.494140625 0.012254901960784314 0.017578125
2 0.4701797385620915 0.50341796875 0.04003267973856209 0.0419921875
2 0.43423202614379086 0.54296875 0.125 0.1171875
2 0.2397875816993464 0.53955078125 0.14950980392156862 0.1083984375
2 0.12214052287581699 0.50537109375 0.0923202614379085 0.0400390625
2 0.09477124183006536 0.5 0.03758169934640523 0.029296875
2 0.5200163398692811 0.49365234375 0.008986928104575163 0.0126953125
2 0.494281045751634 0.48828125 0.013071895424836602 0.015625
2 0.3059640522875817 0.49267578125 0.031862745098039214 0.0126953125
2 0.3304738562091503 0.48876953125 0.01715686274509804 0.0166015625
14 0.6491013071895425 0.3740234375 0.051470588235294115 0.0390625
