0 0.3265625 0.49072265625 0.0125 0.0224609375
1 0.313671875 0.5126953125 0.03046875 0.029296875
2 0.8734375 0.7431640625 0.253125 0.30078125
2 0.093359375 0.59765625 0.18671875 0.205078125
2 0.2109375 0.57373046875 0.075 0.1318359375
2 0.255859375 0.55908203125 0.05703125 0.0869140625
2 0.358203125 0.50341796875 0.06484375 0.0595703125
2 0.40546875 0.48974609375 0.046875 0.0458984375
2 0.424609375 0.48095703125 0.04609375 0.0498046875
2 0.449609375 0.4814453125 0.01796875 0.037109375
2 0.465625 0.47607421875 0.0296875 0.0322265625
2 0.478515625 0.4755859375 0.01171875 0.029296875
2 0.489453125 0.4716796875 0.02265625 0.02734375
2 0.50390625 0.47021484375 0.0140625 0.0244140625
2 0.515625 0.4658203125 0.0203125 0.021484375
2 0.5265625 0.4638671875 0.0140625 0.017578125
2 0.53046875 0.46142578125 0.0171875 0.0205078125
2 0.551953125 0.45947265625 0.03046875 0.0185546875
2 0.573828125 0.45361328125 0.01796875 0.0224609375
2 0.593359375 0.5009765625 0.06171875 0.060546875
2 0.601171875 0.4697265625 0.04453125 0.037109375
2 0.888671875 0.47021484375 0.18984375 0.0927734375
2 0.771875 0.470703125 0.0734375 0.068359375
2 0.783984375 0.47607421875 0.04140625 0.0615234375
2 0.609375 0.44287109375 0.0203125 0.0205078125
