7 0.33251633986928103 0.35791015625 0.004901960784313725 0.0107421875
7 0.40808823529411764 0.36474609375 0.005718954248366013 0.0126953125
7 0.5355392156862745 0.373046875 0.005718954248366013 0.013671875
9 0.2079248366013072 0.27392578125 0.09068627450980392 0.0791015625
0 0.7107843137254902 0.453125 0.032679738562091505 0.076171875
2 0.9440359477124183 0.49609375 0.1119281045751634 0.171875
2 0.8427287581699346 0.4755859375 0.125 0.12890625
2 0.7540849673202614 0.458984375 0.08006535947712418 0.083984375
2 0.6887254901960784 0.439453125 0.07026143790849673 0.064453125
2 0.48080065359477125 0.41455078125 0.04656862745098039 0.0556640625
2 0.39869281045751637 0.4169921875 0.06535947712418301 0.07421875
2 0.3488562091503268 0.44287109375 0.05718954248366013 0.0986328125
2 0.2704248366013072 0.45458984375 0.16176470588235295 0.1279296875
2 0.09272875816993464 0.56396484375 0.1854575163398693 0.3388671875
