4 0.47467320261437906 0.44921875 0.029411764705882353 0.015625
7 0.7058823529411765 0.4150390625 0.004901960784313725 0.0078125
7 0.608251633986928 0.39599609375 0.004084967320261438 0.0087890625
7 0.6000816993464052 0.4150390625 0.0024509803921568627 0.005859375
7 0.5580065359477124 0.44189453125 0.0016339869281045752 0.0048828125
9 0.0298202614379085 0.484375 0.059640522875817 0.078125
3 0.5269607843137255 0.5048828125 0.03104575163398693 0.064453125
3 0.7986111111111112 0.45703125 0.028594771241830064 0.0390625
3 0.7855392156862745 0.4541015625 0.018790849673202614 0.037109375
2 0.23937908496732027 0.59814453125 0.24673202614379086 0.1904296875
2 0.08700980392156862 0.56201171875 0.1642156862745098 0.1181640625
2 0.013480392156862746 0.56005859375 0.02696078431372549 0.0966796875
2 0.051470588235294115 0.52490234375 0.0784313725490196 0.0537109375
2 0.15318627450980393 0.505859375 0.06454248366013073 0.021484375
2 0.19117647058823528 0.5009765625 0.032679738562091505 0.017578125
2 0.3366013071895425 0.5 0.06862745098039216 0.05078125
2 0.28594771241830064 0.49169921875 0.04738562091503268 0.0263671875
2 0.25612745098039214 0.4921875 0.028594771241830064 0.021484375
2 0.37663398692810457 0.48681640625 0.029411764705882353 0.0322265625
2 0.41217320261437906 0.48291015625 0.041666666666666664 0.0439453125
2 0.46282679738562094 0.4951171875 0.08088235294117647 0.080078125
2 0.40931372549019607 0.4580078125 0.027777777777777776 0.01171875
2 0.5151143790849673 0.47607421875 0.03022875816993464 0.0341796875
2 0.4979575163398693 0.4658203125 0.012254901960784314 0.017578125
2 0.5351307189542484 0.46240234375 0.0196078431372549 0.0224609375
2 0.5678104575163399 0.48193359375 0.049019607843137254 0.0517578125
2 0.6629901960784313 0.48193359375 0.06454248366013073 0.0576171875
2 0.7075163398692811 0.45361328125 0.06372549019607843 0.0693359375
2 0.625 0.4677734375 0.03431372549019608 0.037109375
2 0.5833333333333334 0.46435546875 0.02287581699346405 0.0263671875
2 0.5665849673202614 0.45263671875 0.012254901960784314 0.0068359375
2 0.6058006535947712 0.455078125 0.013888888888888888 0.015625
2 0.5976307189542484 0.45458984375 0.004084967320261438 0.0107421875
2 0.9673202614379085 0.4580078125 0.06535947712418301 0.07421875
2 0.9142156862745098 0.458984375 0.08169934640522876 0.05859375
2 0.8660130718954249 0.45556640625 0.05718954248366013 0.0537109375
2 0.8316993464052288 0.455078125 0.03758169934640523 0.05078125
0 0.5257352941176471 0.484375 0.028594771241830064 0.056640625
