4 0.5314542483660131 0.515625 0.015522875816993464 0.0234375
4 0.027369281045751634 0.525390625 0.05473856209150327 0.044921875
7 0.8782679738562091 0.40771484375 0.014705882352941176 0.0537109375
7 0.7013888888888888 0.51025390625 0.007352941176470588 0.0146484375
7 0.6924019607843137 0.48681640625 0.007352941176470588 0.0087890625
7 0.5694444444444444 0.5205078125 0.004901960784313725 0.0078125
7 0.4133986928104575 0.5224609375 0.004901960784313725 0.009765625
7 0.41380718954248363 0.49853515625 0.005718954248366013 0.0087890625
7 0.11437908496732026 0.5 0.008169934640522876 0.015625
7 0.6270424836601307 0.5068359375 0.005718954248366013 0.005859375
7 0.7226307189542484 0.50390625 0.005718954248366013 0.0078125
7 0.7679738562091504 0.49267578125 0.006535947712418301 0.0087890625
7 0.8839869281045751 0.5283203125 0.008169934640522876 0.01171875
7 0.45588235294117646 0.50634765625 0.006535947712418301 0.0107421875
9 0.9787581699346405 0.4716796875 0.032679738562091505 0.015625
9 0.9779411764705882 0.4384765625 0.042483660130718956 0.044921875
9 0.8770424836601307 0.45703125 0.031862745098039214 0.03515625
9 0.795751633986928 0.47265625 0.0457516339869281 0.01171875
9 0.7937091503267973 0.46044921875 0.04493464052287582 0.0087890625
9 0.7675653594771242 0.42724609375 0.012254901960784314 0.0263671875
9 0.7683823529411765 0.44580078125 0.012254901960784314 0.0068359375
9 0.7197712418300654 0.48681640625 0.008169934640522876 0.0146484375
9 0.6213235294117647 0.48681640625 0.01715686274509804 0.0048828125
9 0.6217320261437909 0.4912109375 0.017973856209150325 0.00390625
9 0.6217320261437909 0.49658203125 0.017973856209150325 0.0048828125
9 0.6217320261437909 0.50146484375 0.017973856209150325 0.0048828125
9 0.5784313725490197 0.49951171875 0.00980392156862745 0.0107421875
9 0.5780228758169934 0.50634765625 0.007352941176470588 0.0029296875
9 0.5616830065359477 0.50341796875 0.007352941176470588 0.0068359375
9 0.5612745098039216 0.5087890625 0.006535947712418301 0.00390625
9 0.6094771241830066 0.47509765625 0.014705882352941176 0.0068359375
9 0.4215686274509804 0.486328125 0.00980392156862745 0.0078125
0 0.9844771241830066 0.56396484375 0.03104575163398693 0.1650390625
0 0.8296568627450981 0.537109375 0.02042483660130719 0.056640625
0 0.7508169934640523 0.5341796875 0.014705882352941176 0.044921875
0 0.7373366013071896 0.53271484375 0.013888888888888888 0.0458984375
0 0.05024509803921569 0.58056640625 0.03676470588235294 0.1103515625
0 0.015931372549019607 0.58154296875 0.031862745098039214 0.1376953125
0 0.7209967320261438 0.5283203125 0.010620915032679739 0.029296875
1 0.12663398692810457 0.56689453125 0.07352941176470588 0.0576171875
1 0.5808823529411765 0.5341796875 0.02287581699346405 0.015625
3 0.3382352941176471 0.5419921875 0.02287581699346405 0.0390625
2 0.798202614379085 0.53076171875 0.05228758169934641 0.0322265625
2 0.5020424836601307 0.52978515625 0.031862745098039214 0.0341796875
2 0.4583333333333333 0.5380859375 0.05065359477124183 0.048828125
2 0.42687908496732024 0.529296875 0.015522875816993464 0.015625
2 0.37459150326797386 0.53271484375 0.035130718954248366 0.0341796875
2 0.8545751633986928 0.5302734375 0.03758169934640523 0.03515625
0 0.33905228758169936 0.5322265625 0.021241830065359478 0.04296875
0 0.12009803921568628 0.55419921875 0.03431372549019608 0.0849609375
