4 0.29697712418300654 0.5029296875 0.07434640522875817 0.064453125
4 0.43014705882352944 0.5 0.01715686274509804 0.017578125
7 0.6299019607843137 0.47509765625 0.004901960784313725 0.0166015625
9 0.6176470588235294 0.47998046875 0.008169934640522876 0.0087890625
0 0.184640522875817 0.51171875 0.00980392156862745 0.015625
0 0.8799019607843137 0.5263671875 0.014705882352941176 0.044921875
0 0.8586601307189542 0.5322265625 0.00980392156862745 0.033203125
0 0.9603758169934641 0.5302734375 0.01715686274509804 0.037109375
0 0.9906045751633987 0.5263671875 0.012254901960784314 0.04296875
3 0.7001633986928104 0.56640625 0.08496732026143791 0.076171875
3 0.5147058823529411 0.5341796875 0.021241830065359478 0.037109375
2 0.9125816993464052 0.68798828125 0.17483660130718953 0.2783203125
2 0.05310457516339869 0.5537109375 0.10620915032679738 0.0859375
2 0.11887254901960784 0.5380859375 0.05310457516339869 0.05078125
2 0.16952614379084968 0.53173828125 0.04820261437908497 0.0361328125
2 0.21405228758169934 0.5283203125 0.0457516339869281 0.033203125
2 0.2536764705882353 0.52197265625 0.02369281045751634 0.0205078125
2 0.31781045751633985 0.5283203125 0.05065359477124183 0.046875
2 0.3574346405228758 0.52197265625 0.03022875816993464 0.0283203125
2 0.3831699346405229 0.5166015625 0.03104575163398693 0.02734375
2 0.6446078431372549 0.54541015625 0.07516339869281045 0.0712890625
2 0.5866013071895425 0.52880859375 0.03594771241830065 0.0361328125
2 0.5755718954248366 0.525390625 0.03349673202614379 0.03515625
2 0.5371732026143791 0.52734375 0.035130718954248366 0.0390625
2 0.45098039215686275 0.5595703125 0.10294117647058823 0.107421875
0 0.5147058823529411 0.5234375 0.021241830065359478 0.0390625
