9 0.6904296875 0.4524739583333333 0.021484375 0.026041666666666668
9 0.690185546875 0.470703125 0.00927734375 0.0078125
9 0.378662109375 0.4736328125 0.01318359375 0.016276041666666668
9 0.3779296875 0.458984375 0.0166015625 0.006510416666666667
0 0.551025390625 0.5384114583333334 0.01416015625 0.044270833333333336
0 0.531494140625 0.5374348958333334 0.01220703125 0.041015625
0 0.540771484375 0.537109375 0.01025390625 0.046875
2 0.6044921875 0.5364583333333334 0.0537109375 0.029947916666666668
2 0.671875 0.5520833333333334 0.07421875 0.08072916666666667
2 0.670166015625 0.5625 0.04541015625 0.07682291666666667
2 0.711181640625 0.5784505208333334 0.09814453125 0.10221354166666667
2 0.835693359375 0.6402994791666666 0.25830078125 0.20768229166666666
2 0.92578125 0.76953125 0.087890625 0.2643229166666667
2 0.36865234375 0.5556640625 0.0302734375 0.08268229166666667
2 0.33740234375 0.5501302083333334 0.0556640625 0.10677083333333333
2 0.222900390625 0.580078125 0.24462890625 0.17708333333333334
2 0.0703125 0.6292317708333334 0.0791015625 0.189453125
2 0.51806640625 0.5325520833333334 0.0224609375 0.03125
2 0.4912109375 0.5299479166666666 0.03515625 0.036458333333333336
2 0.389404296875 0.53125 0.02685546875 0.03125
2 0.796875 0.521484375 0.0810546875 0.045572916666666664
