7 0.3322222222222222 0.425 0.0033333333333333335 0.00875
7 0.36777777777777776 0.443125 0.0033333333333333335 0.00875
7 0.30833333333333335 0.424375 0.0033333333333333335 0.00875
7 0.30333333333333334 0.41875 0.0033333333333333335 0.01
7 0.27 0.4215625 0.0033333333333333335 0.011875
9 0.06583333333333333 0.4278125 0.009444444444444445 0.019375
9 0.20527777777777778 0.48 0.015 0.04875
9 0.4477777777777778 0.4196875 0.01888888888888889 0.025625
9 0.5319444444444444 0.3525 0.03944444444444444 0.04625
9 0.5344444444444445 0.391875 0.024444444444444446 0.01375
9 0.5119444444444444 0.4234375 0.008333333333333333 0.008125
9 0.9708333333333333 0.120625 0.058333333333333334 0.1025
9 0.5372222222222223 0.45125 0.005555555555555556 0.01125
9 0.5116666666666667 0.4440625 0.0044444444444444444 0.013125
0 0.45944444444444443 0.4621875 0.008888888888888889 0.028125
0 0.5522222222222222 0.4534375 0.008888888888888889 0.019375
0 0.7186111111111111 0.453125 0.015 0.05
0 0.7044444444444444 0.4525 0.016666666666666666 0.05375
0 0.9341666666666667 0.4471875 0.029444444444444443 0.095625
0 0.9811111111111112 0.4246875 0.0044444444444444444 0.009375
0 0.8708333333333333 0.4315625 0.0038888888888888888 0.008125
0 0.7752777777777777 0.4378125 0.002777777777777778 0.006875
0 0.7636111111111111 0.438125 0.002777777777777778 0.00625
2 0.14805555555555555 0.480625 0.04055555555555555 0.03625
2 0.17833333333333334 0.4796875 0.023333333333333334 0.023125
2 0.19194444444444445 0.47625 0.012777777777777779 0.02
2 0.23666666666666666 0.471875 0.024444444444444446 0.02625
2 0.2922222222222222 0.4859375 0.09 0.076875
2 0.3327777777777778 0.4709375 0.028888888888888888 0.045625
2 0.3572222222222222 0.4646875 0.016666666666666666 0.020625
2 0.36666666666666664 0.4678125 0.021111111111111112 0.026875
2 0.38027777777777777 0.46875 0.01611111111111111 0.02875
2 0.40305555555555556 0.47375 0.042777777777777776 0.04
2 0.7430555555555556 0.4384375 0.026111111111111113 0.010625
1 0.6311111111111111 0.4475 0.025555555555555557 0.025
