7 0.16833333333333333 0.3890625 0.01888888888888889 0.044375
7 0.18777777777777777 0.42125 0.012222222222222223 0.01625
7 0.5819444444444445 0.3590625 0.02388888888888889 0.029375
7 0.5758333333333333 0.4028125 0.012777777777777779 0.019375
7 0.6947222222222222 0.314375 0.045 0.04
7 0.7302777777777778 0.3584375 0.017222222222222222 0.030625
9 0.69 0.231875 0.042222222222222223 0.06875
9 0.7080555555555555 0.28 0.019444444444444445 0.03625
9 0.7702777777777777 0.3809375 0.02388888888888889 0.010625
0 0.15527777777777776 0.4771875 0.019444444444444445 0.055625
0 0.12555555555555556 0.4728125 0.015555555555555555 0.051875
0 0.10694444444444444 0.4690625 0.01611111111111111 0.036875
0 0.2513888888888889 0.469375 0.02277777777777778 0.06125
0 0.28305555555555556 0.4696875 0.02388888888888889 0.056875
0 0.3630555555555556 0.466875 0.015 0.0575
0 0.5427777777777778 0.4871875 0.043333333333333335 0.154375
0 0.8052777777777778 0.4390625 0.013888888888888888 0.054375
0 0.7836111111111111 0.441875 0.011666666666666667 0.035
0 0.5802777777777778 0.44875 0.025 0.0625
2 0.0636111111111111 0.5009375 0.1272222222222222 0.081875
2 0.3075 0.4690625 0.042777777777777776 0.036875
2 0.5194444444444445 0.4590625 0.013333333333333334 0.025625
2 0.6947222222222222 0.4603125 0.15166666666666667 0.066875
