9 0.458203125 0.46728515625 0.00390625 0.0126953125
0 0.820703125 0.50927734375 0.03984375 0.0654296875
0 0.416796875 0.48388671875 0.01171875 0.0478515625
0 0.426953125 0.46923828125 0.00390625 0.0107421875
1 0.466796875 0.47998046875 0.00703125 0.0166015625
3 0.531640625 0.498046875 0.04609375 0.037109375
2 0.941015625 0.52685546875 0.11796875 0.1689453125
2 0.72578125 0.5791015625 0.2328125 0.2109375
2 0.6171875 0.56201171875 0.046875 0.1162109375
2 0.5765625 0.482421875 0.0328125 0.041015625
2 0.549609375 0.4755859375 0.02265625 0.029296875
2 0.51640625 0.4921875 0.0375 0.037109375
2 0.496484375 0.486328125 0.01796875 0.033203125
2 0.4890625 0.4814453125 0.0140625 0.025390625
2 0.52265625 0.46533203125 0.0171875 0.0146484375
2 0.46953125 0.46875 0.0125 0.013671875
2 0.46640625 0.4658203125 0.0109375 0.013671875
2 0.44296875 0.46923828125 0.0109375 0.0107421875
2 0.409765625 0.47412109375 0.01015625 0.0185546875
2 0.4 0.47802734375 0.0171875 0.0224609375
2 0.39453125 0.47998046875 0.0125 0.0244140625
2 0.388671875 0.482421875 0.01484375 0.02734375
2 0.37109375 0.4833984375 0.0328125 0.033203125
2 0.36640625 0.49365234375 0.028125 0.0361328125
2 0.357421875 0.50341796875 0.01328125 0.0302734375
2 0.344921875 0.50244140625 0.02265625 0.0439453125
2 0.316015625 0.5068359375 0.05234375 0.060546875
2 0.298828125 0.5185546875 0.05390625 0.0546875
2 0.270703125 0.5390625 0.04765625 0.076171875
2 0.23125 0.55126953125 0.078125 0.0927734375
2 0.1953125 0.5703125 0.109375 0.10546875
2 0.10390625 0.60791015625 0.171875 0.1513671875
2 0.1234375 0.5107421875 0.1046875 0.04296875
0 0.466796875 0.47265625 0.00703125 0.021484375
