0 0.101806640625 0.6383463541666666 0.06494140625 0.2649739583333333
0 0.144775390625 0.6064453125 0.05908203125 0.2766927083333333
0 0.184814453125 0.6324869791666666 0.06103515625 0.279296875
0 0.804931640625 0.6321614583333334 0.08154296875 0.3372395833333333
2 0.593017578125 0.5192057291666666 0.00927734375 0.013671875
2 0.5771484375 0.5221354166666666 0.0166015625 0.01953125
2 0.547607421875 0.5244140625 0.02392578125 0.025390625
2 0.49658203125 0.5250651041666666 0.03515625 0.027994791666666668
2 0.439697265625 0.5231119791666666 0.04248046875 0.041015625
2 0.419677734375 0.5296223958333334 0.07275390625 0.046223958333333336
2 0.351318359375 0.525390625 0.06298828125 0.052083333333333336
2 0.332275390625 0.58984375 0.08837890625 0.13151041666666666
2 0.245361328125 0.6110026041666666 0.14501953125 0.18033854166666666
2 0.62841796875 0.5247395833333334 0.025390625 0.03125
2 0.67919921875 0.537109375 0.0302734375 0.0390625
2 0.66650390625 0.5276692708333334 0.02734375 0.034505208333333336
2 0.649658203125 0.5231119791666666 0.01708984375 0.026692708333333332
2 0.692138671875 0.5423177083333334 0.02392578125 0.045572916666666664
2 0.703125 0.5481770833333334 0.0234375 0.055989583333333336
2 0.7412109375 0.5498046875 0.0751953125 0.09440104166666667
2 0.75390625 0.5826822916666666 0.044921875 0.11067708333333333
2 0.853759765625 0.6178385416666666 0.06787109375 0.17317708333333334
2 0.902099609375 0.6370442708333334 0.13330078125 0.3131510416666667
