7 0.10743464052287582 0.48876953125 0.02696078431372549 0.0751953125
7 0.1380718954248366 0.41552734375 0.03594771241830065 0.0498046875
7 0.10498366013071896 0.158203125 0.05800653594771242 0.14453125
7 0.23570261437908496 0.28271484375 0.03022875816993464 0.0966796875
7 0.21977124183006536 0.44775390625 0.02287581699346405 0.0341796875
9 0.24509803921568626 0.40380859375 0.016339869281045753 0.0419921875
9 0.22630718954248366 0.4013671875 0.011437908496732025 0.041015625
9 0.25531045751633985 0.48046875 0.01715686274509804 0.013671875
9 0.2577614379084967 0.48779296875 0.010620915032679739 0.0126953125
9 0.37745098039215685 0.478515625 0.011437908496732025 0.015625
9 0.5772058823529411 0.4580078125 0.010620915032679739 0.01171875
9 0.6368464052287581 0.41259765625 0.025326797385620915 0.0283203125
9 0.641748366013072 0.439453125 0.025326797385620915 0.025390625
9 0.6425653594771242 0.4609375 0.01715686274509804 0.017578125
9 0.7581699346405228 0.4111328125 0.04084967320261438 0.048828125
9 0.7577614379084967 0.44189453125 0.031862745098039214 0.0146484375
9 0.7553104575163399 0.45751953125 0.02369281045751634 0.0166015625
9 0.755718954248366 0.47509765625 0.02287581699346405 0.0166015625
9 0.8541666666666666 0.37353515625 0.06781045751633986 0.1689453125
0 0.16053921568627452 0.52587890625 0.012254901960784314 0.0458984375
0 0.4297385620915033 0.4755859375 0.014705882352941176 0.046875
0 0.47875816993464054 0.47705078125 0.014705882352941176 0.0458984375
0 0.7254901960784313 0.5048828125 0.008169934640522876 0.025390625
0 0.7344771241830066 0.50537109375 0.006535947712418301 0.0283203125
0 0.9301470588235294 0.51220703125 0.018790849673202614 0.0556640625
1 0.8378267973856209 0.57373046875 0.1053921568627451 0.0927734375
1 0.8504901960784313 0.57470703125 0.11437908496732026 0.0888671875
3 0.28227124183006536 0.51708984375 0.01715686274509804 0.0166015625
3 0.5379901960784313 0.54052734375 0.02696078431372549 0.0419921875
3 0.6499183006535948 0.53173828125 0.051470588235294115 0.0517578125
3 0.6936274509803921 0.53173828125 0.05228758169934641 0.0732421875
3 0.7246732026143791 0.5498046875 0.09640522875816994 0.080078125
2 0.0690359477124183 0.51904296875 0.025326797385620915 0.0263671875
2 0.08700980392156862 0.51953125 0.013888888888888888 0.021484375
2 0.1854575163398693 0.51904296875 0.017973856209150325 0.0166015625
2 0.21650326797385622 0.5166015625 0.024509803921568627 0.021484375
2 0.45588235294117646 0.57080078125 0.10294117647058823 0.1142578125
2 0.5302287581699346 0.5234375 0.06045751633986928 0.046875
2 0.5894607843137255 0.52001953125 0.02696078431372549 0.0341796875
2 0.8145424836601307 0.50634765625 0.03104575163398693 0.0341796875
0 0.5355392156862745 0.52392578125 0.01715686274509804 0.0380859375
