9 0.6511111111111111 0.38875 0.022222222222222223 0.03125
2 0.03194444444444444 0.5546875 0.06388888888888888 0.126875
2 0.20694444444444443 0.50375 0.1238888888888889 0.1075
2 0.39944444444444444 0.475 0.03111111111111111 0.0325
2 0.42138888888888887 0.4703125 0.02277777777777778 0.023125
2 0.4363888888888889 0.4678125 0.017222222222222222 0.020625
2 0.4438888888888889 0.469375 0.006666666666666667 0.015
2 0.5011111111111111 0.465625 0.017777777777777778 0.01
2 0.5338888888888889 0.4646875 0.023333333333333334 0.026875
2 0.5188888888888888 0.4634375 0.012222222222222223 0.020625
2 0.54 0.4690625 0.021111111111111112 0.031875
2 0.5658333333333333 0.466875 0.04055555555555555 0.05875
2 0.5988888888888889 0.4771875 0.05444444444444444 0.090625
2 0.7161111111111111 0.4721875 0.21222222222222223 0.189375
