9 0.15805555555555556 0.46625 0.01611111111111111 0.0375
9 0.9594444444444444 0.35 0.043333333333333335 0.0575
9 0.9033333333333333 0.345625 0.04555555555555556 0.0575
9 0.06944444444444445 0.3121875 0.04111111111111111 0.049375
9 0.06666666666666667 0.3484375 0.03333333333333333 0.021875
0 0.050555555555555555 0.4571875 0.042222222222222223 0.128125
0 0.19111111111111112 0.47625 0.027777777777777776 0.09125
0 0.23194444444444445 0.479375 0.02722222222222222 0.085
0 0.25333333333333335 0.4746875 0.02666666666666667 0.098125
0 0.2808333333333333 0.47625 0.03166666666666667 0.085
2 0.08166666666666667 0.4709375 0.10333333333333333 0.081875
2 0.15055555555555555 0.4625 0.15444444444444444 0.085
2 0.3869444444444444 0.4809375 0.145 0.100625
2 0.6222222222222222 0.5284375 0.3322222222222222 0.320625
2 0.8286111111111111 0.4528125 0.17833333333333334 0.055625
2 0.8547222222222223 0.4946875 0.205 0.104375
