9 0.3663888888888889 0.4384375 0.009444444444444445 0.010625
9 0.5666666666666667 0.4321875 0.013333333333333334 0.015625
9 0.4872222222222222 0.4509375 0.0044444444444444444 0.005625
9 0.49166666666666664 0.4521875 0.0044444444444444444 0.005625
0 0.23083333333333333 0.46 0.013888888888888888 0.0275
1 0.39555555555555555 0.473125 0.016666666666666666 0.01875
2 0.07361111111111111 0.509375 0.14722222222222223 0.13125
2 0.17527777777777778 0.5 0.09277777777777778 0.08875
2 0.26222222222222225 0.4871875 0.0811111111111111 0.063125
2 0.30777777777777776 0.4821875 0.03333333333333333 0.044375
2 0.3225 0.47875 0.021666666666666667 0.0375
2 0.595 0.4803125 0.052222222222222225 0.055625
2 0.6336111111111111 0.4809375 0.06388888888888888 0.089375
2 0.6994444444444444 0.4928125 0.13333333333333333 0.120625
2 0.8180555555555555 0.5178125 0.19277777777777777 0.146875
2 0.9177777777777778 0.546875 0.16444444444444445 0.22625
2 0.9025 0.4553125 0.095 0.038125
2 0.8116666666666666 0.4440625 0.09777777777777778 0.031875
2 0.5688888888888889 0.4709375 0.052222222222222225 0.049375
2 0.5575 0.465625 0.04722222222222222 0.05
2 0.5333333333333333 0.4671875 0.01888888888888889 0.035625
2 0.5091666666666667 0.4609375 0.026111111111111113 0.026875
2 0.495 0.460625 0.01 0.02125
2 0.48944444444444446 0.459375 0.0077777777777777776 0.0175
2 0.4836111111111111 0.46 0.007222222222222222 0.01625
2 0.38916666666666666 0.4671875 0.018333333333333333 0.019375
2 0.41055555555555556 0.4653125 0.014444444444444444 0.016875
2 0.42055555555555557 0.463125 0.011111111111111112 0.01375
2 0.43 0.4615625 0.01 0.010625
0 0.39805555555555555 0.46125 0.012777777777777779 0.03125
