4 0.39555555555555555 0.4028125 0.09222222222222222 0.051875
7 0.059166666666666666 0.4084375 0.010555555555555556 0.025625
7 0.0575 0.4434375 0.007222222222222222 0.009375
7 0.11055555555555556 0.4175 0.006666666666666667 0.02
7 0.11472222222222223 0.4378125 0.009444444444444445 0.010625
7 0.19027777777777777 0.4203125 0.009444444444444445 0.024375
7 0.19 0.44375 0.0077777777777777776 0.00875
1 0.35888888888888887 0.5921875 0.08555555555555555 0.198125
2 0.03972222222222222 0.5071875 0.07944444444444444 0.069375
2 0.08555555555555555 0.484375 0.01888888888888889 0.0275
2 0.19694444444444445 0.4834375 0.05722222222222222 0.064375
2 0.30694444444444446 0.4715625 0.013888888888888888 0.030625
2 0.26361111111111113 0.481875 0.09722222222222222 0.09375
2 0.4297222222222222 0.485 0.085 0.11625
0 0.3647222222222222 0.5071875 0.10166666666666667 0.244375
