7 0.7802777777777777 0.405 0.009444444444444445 0.01375
7 0.7711111111111111 0.35875 0.01 0.03625
7 0.6455555555555555 0.3959375 0.014444444444444444 0.016875
7 0.5255555555555556 0.394375 0.008888888888888889 0.025
7 0.545 0.3934375 0.006666666666666667 0.020625
7 0.5408333333333334 0.425 0.008333333333333333 0.00875
7 0.15722222222222224 0.40375 0.0044444444444444444 0.02125
7 0.1386111111111111 0.404375 0.006111111111111111 0.02375
7 0.13777777777777778 0.4315625 0.006666666666666667 0.009375
7 0.12166666666666667 0.325 0.005555555555555556 0.02125
7 0.09388888888888888 0.306875 0.005555555555555556 0.025
9 0.8011111111111111 0.3853125 0.015555555555555555 0.009375
9 0.7841666666666667 0.298125 0.017222222222222222 0.0225
9 0.17972222222222223 0.4521875 0.021666666666666667 0.025625
9 0.17916666666666667 0.3834375 0.02277777777777778 0.033125
9 0.13333333333333333 0.420625 0.016666666666666666 0.005
1 0.8741666666666666 0.5078125 0.0661111111111111 0.120625
1 0.43277777777777776 0.4878125 0.021111111111111112 0.050625
2 0.01972222222222222 0.469375 0.03944444444444444 0.0425
0 0.8713888888888889 0.4640625 0.06055555555555556 0.163125
0 0.43722222222222223 0.47125 0.023333333333333334 0.0825
