7 0.3844444444444444 0.3571875 0.011111111111111112 0.024375
7 0.4658333333333333 0.3725 0.010555555555555556 0.0125
2 0.2125 0.4684375 0.07944444444444444 0.048125
2 0.25194444444444447 0.464375 0.03722222222222222 0.04
2 0.2808333333333333 0.463125 0.03277777777777778 0.03375
2 0.7583333333333333 0.471875 0.12222222222222222 0.0825
2 0.5086111111111111 0.4528125 0.029444444444444443 0.024375
2 0.4688888888888889 0.4534375 0.021111111111111112 0.016875
2 0.3963888888888889 0.4565625 0.020555555555555556 0.013125
2 0.41194444444444445 0.455625 0.013888888888888888 0.015
