2 0.498779296875 0.5231119791666666 0.03857421875 0.041015625
2 0.48291015625 0.5387369791666666 0.037109375 0.048828125
2 0.4580078125 0.5397135416666666 0.0224609375 0.053385416666666664
2 0.437744140625 0.5445963541666666 0.05322265625 0.059244791666666664
2 0.394775390625 0.552734375 0.05712890625 0.07942708333333333
2 0.34716796875 0.5631510416666666 0.05859375 0.10677083333333333
2 0.2724609375 0.5751953125 0.1455078125 0.12044270833333333
2 0.634521484375 0.5224609375 0.01611328125 0.020182291666666668
2 0.652587890625 0.5234375 0.02978515625 0.026041666666666668
2 0.67919921875 0.5348307291666666 0.056640625 0.059244791666666664
2 0.69970703125 0.5576171875 0.0400390625 0.064453125
2 0.743896484375 0.57421875 0.09423828125 0.13020833333333334
2 0.7431640625 0.6028645833333334 0.052734375 0.13020833333333334
2 0.850830078125 0.6129557291666666 0.21240234375 0.23372395833333334
2 0.58251953125 0.646484375 0.2294921875 0.24479166666666666
2 0.15625 0.5465494791666666 0.1201171875 0.09309895833333333
2 0.083251953125 0.6100260416666666 0.10693359375 0.203125
