0 0.50078125 0.49755859375 0.0171875 0.0673828125
0 0.518359375 0.4990234375 0.02421875 0.064453125
0 0.525390625 0.49072265625 0.01171875 0.0556640625
2 0.045703125 0.62451171875 0.09140625 0.2001953125
2 0.066796875 0.4892578125 0.04296875 0.033203125
2 0.919140625 0.80712890625 0.16171875 0.3857421875
2 0.8578125 0.67431640625 0.2734375 0.2392578125
2 0.726953125 0.576171875 0.21328125 0.1953125
2 0.63125 0.55322265625 0.05 0.1064453125
2 0.5921875 0.5185546875 0.0984375 0.109375
2 0.56015625 0.505859375 0.034375 0.083984375
2 0.544921875 0.50244140625 0.02578125 0.0537109375
2 0.111328125 0.60400390625 0.13984375 0.1416015625
2 0.1765625 0.57177734375 0.1015625 0.1123046875
2 0.23046875 0.552734375 0.075 0.08984375
2 0.26484375 0.529296875 0.078125 0.08984375
2 0.303515625 0.51025390625 0.07578125 0.0888671875
2 0.33828125 0.5126953125 0.0203125 0.05859375
2 0.34609375 0.50537109375 0.021875 0.0517578125
2 0.35390625 0.50048828125 0.0203125 0.0478515625
2 0.362109375 0.49169921875 0.04296875 0.0498046875
2 0.38515625 0.48681640625 0.025 0.0322265625
2 0.396484375 0.47900390625 0.02578125 0.0302734375
2 0.41171875 0.4775390625 0.0140625 0.0234375
2 0.41796875 0.474609375 0.0109375 0.01953125
2 0.419140625 0.47216796875 0.01640625 0.0224609375
2 0.428125 0.46728515625 0.0171875 0.0205078125
2 0.034765625 0.50048828125 0.06953125 0.0380859375
2 0.0234375 0.48193359375 0.046875 0.0166015625
2 0.11015625 0.4931640625 0.04375 0.029296875
2 0.15703125 0.48876953125 0.05 0.0361328125
2 0.2078125 0.48486328125 0.04375 0.0380859375
2 0.237109375 0.49267578125 0.06015625 0.0361328125
2 0.25234375 0.47021484375 0.0453125 0.0126953125
2 0.47890625 0.46142578125 0.009375 0.0146484375
2 0.89140625 0.51318359375 0.18125 0.0693359375
0 0.45390625 0.46630859375 0.0046875 0.0205078125
0 0.440625 0.46826171875 0.0046875 0.0166015625
