4 0.6041666666666666 0.43408203125 0.03839869281045752 0.0458984375
4 0.3713235294117647 0.44970703125 0.02696078431372549 0.0458984375
4 0.4040032679738562 0.44580078125 0.04493464052287582 0.0751953125
7 0.7859477124183006 0.263671875 0.021241830065359478 0.076171875
7 0.7818627450980392 0.40869140625 0.008169934640522876 0.0361328125
7 0.13970588235294118 0.2919921875 0.024509803921568627 0.0859375
7 0.1511437908496732 0.44091796875 0.008169934640522876 0.0302734375
7 0.20016339869281047 0.41845703125 0.008169934640522876 0.0205078125
7 0.16993464052287582 0.36669921875 0.02287581699346405 0.0244140625
7 0.7753267973856209 0.33935546875 0.0196078431372549 0.0224609375
9 0.7769607843137255 0.359375 0.0457516339869281 0.05859375
9 0.806781045751634 0.390625 0.02042483660130719 0.021484375
9 0.8088235294117647 0.4140625 0.02287581699346405 0.021484375
9 0.13562091503267973 0.50634765625 0.10130718954248366 0.0537109375
9 0.1707516339869281 0.47314453125 0.014705882352941176 0.0654296875
9 0.16094771241830066 0.4091796875 0.03104575163398693 0.033203125
9 0.12459150326797386 0.38623046875 0.04330065359477124 0.0595703125
9 0.4624183006535948 0.40087890625 0.00980392156862745 0.0263671875
9 0.46895424836601307 0.4326171875 0.016339869281045753 0.01953125
9 0.4910130718954248 0.4248046875 0.014705882352941176 0.015625
9 0.4889705882352941 0.4345703125 0.015522875816993464 0.01953125
9 0.6695261437908496 0.423828125 0.005718954248366013 0.0078125
9 0.44485294117647056 0.4228515625 0.007352941176470588 0.015625
9 0.7030228758169934 0.41259765625 0.018790849673202614 0.0048828125
9 0.3104575163398693 0.42724609375 0.011437908496732025 0.0185546875
9 0.3263888888888889 0.43310546875 0.005718954248366013 0.0068359375
9 0.27205882352941174 0.4296875 0.006535947712418301 0.009765625
9 0.40155228758169936 0.48193359375 0.018790849673202614 0.0244140625
0 0.5065359477124183 0.44775390625 0.008169934640522876 0.0166015625
0 0.9656862745098039 0.46533203125 0.014705882352941176 0.0537109375
0 0.9869281045751634 0.46630859375 0.014705882352941176 0.0556640625
0 0.9750816993464052 0.47119140625 0.012254901960784314 0.0439453125
0 0.7287581699346405 0.44140625 0.008169934640522876 0.009765625
0 0.7369281045751634 0.44189453125 0.008169934640522876 0.0087890625
0 0.7189542483660131 0.44140625 0.006535947712418301 0.0078125
0 0.7238562091503268 0.43994140625 0.004901960784313725 0.0087890625
0 0.7581699346405228 0.443359375 0.013071895424836602 0.013671875
0 0.7736928104575164 0.4423828125 0.008169934640522876 0.013671875
0 0.7495915032679739 0.44580078125 0.007352941176470588 0.0107421875
0 0.5232843137254902 0.43603515625 0.004084967320261438 0.0087890625
1 0.07720588235294118 0.52587890625 0.02696078431372549 0.0498046875
1 0.4534313725490196 0.470703125 0.011437908496732025 0.015625
1 0.5669934640522876 0.44970703125 0.004901960784313725 0.0087890625
3 0.3639705882352941 0.53369140625 0.061274509803921566 0.0966796875
2 0.49836601307189543 0.658203125 0.3562091503267974 0.375
2 0.7769607843137255 0.47265625 0.06372549019607843 0.046875
2 0.7177287581699346 0.47021484375 0.05310457516339869 0.0498046875
2 0.7487745098039216 0.46533203125 0.02369281045751634 0.0283203125
2 0.6879084967320261 0.4609375 0.0196078431372549 0.029296875
2 0.6776960784313726 0.455078125 0.035130718954248366 0.033203125
2 0.6491013071895425 0.453125 0.025326797385620915 0.0234375
2 0.6274509803921569 0.44873046875 0.027777777777777776 0.0244140625
2 0.24387254901960784 0.48291015625 0.04330065359477124 0.0400390625
2 0.28308823529411764 0.47265625 0.035130718954248366 0.03125
2 0.3133169934640523 0.45751953125 0.022058823529411766 0.0107421875
2 0.31209150326797386 0.47900390625 0.04411764705882353 0.0322265625
2 0.33578431372549017 0.47021484375 0.029411764705882353 0.0283203125
2 0.3459967320261438 0.462890625 0.02369281045751634 0.029296875
2 0.42892156862745096 0.47119140625 0.03594771241830065 0.0322265625
2 0.4673202614379085 0.451171875 0.016339869281045753 0.01953125
2 0.5441176470588235 0.44091796875 0.011437908496732025 0.0087890625
2 0.5155228758169934 0.43701171875 0.008169934640522876 0.0087890625
2 0.4542483660130719 0.439453125 0.008169934640522876 0.0078125
2 0.5816993464052288 0.44189453125 0.00980392156862745 0.0146484375
2 0.573937908496732 0.44140625 0.007352941176470588 0.013671875
0 0.07761437908496732 0.5087890625 0.024509803921568627 0.07421875
0 0.45302287581699346 0.4638671875 0.013888888888888888 0.025390625
0 0.5669934640522876 0.4443359375 0.004901960784313725 0.013671875
0 0.369281045751634 0.494140625 0.0457516339869281 0.07421875
