7 0.6225490196078431 0.43603515625 0.008169934640522876 0.0283203125
7 0.6401143790849673 0.4794921875 0.0024509803921568627 0.009765625
7 0.6180555555555556 0.5009765625 0.005718954248366013 0.015625
7 0.5784313725490197 0.4794921875 0.0032679738562091504 0.009765625
7 0.5563725490196079 0.4814453125 0.0032679738562091504 0.009765625
7 0.37459150326797386 0.45556640625 0.008986928104575163 0.0302734375
7 0.375 0.52685546875 0.008169934640522876 0.0185546875
9 0.9554738562091504 0.42236328125 0.06454248366013073 0.0224609375
9 0.9554738562091504 0.4423828125 0.0661764705882353 0.017578125
9 0.9554738562091504 0.46337890625 0.0661764705882353 0.0224609375
9 0.9485294117647058 0.47998046875 0.05392156862745098 0.0107421875
9 0.5559640522875817 0.4912109375 0.005718954248366013 0.005859375
9 0.375 0.4833984375 0.0196078431372549 0.0234375
9 0.3741830065359477 0.5087890625 0.014705882352941176 0.0078125
0 0.20220588235294118 0.52783203125 0.02696078431372549 0.0302734375
0 0.16666666666666666 0.529296875 0.02287581699346405 0.033203125
3 0.3055555555555556 0.552734375 0.06372549019607843 0.048828125
2 0.18423202614379086 0.619140625 0.24101307189542484 0.181640625
2 0.4035947712418301 0.6494140625 0.2222222222222222 0.2265625
2 0.8762254901960784 0.7783203125 0.24754901960784315 0.443359375
2 0.7450980392156863 0.61962890625 0.25980392156862747 0.2333984375
2 0.5870098039215687 0.587890625 0.10702614379084967 0.103515625
2 0.5731209150326797 0.5439453125 0.06781045751633986 0.03125
2 0.5465686274509803 0.54931640625 0.05555555555555555 0.0595703125
2 0.516748366013072 0.5400390625 0.02369281045751634 0.037109375
2 0.5089869281045751 0.53173828125 0.03104575163398693 0.0341796875
2 0.49673202614379086 0.52392578125 0.024509803921568627 0.0263671875
2 0.47549019607843135 0.52490234375 0.021241830065359478 0.0244140625
2 0.4497549019607843 0.51806640625 0.03349673202614379 0.0166015625
2 0.4562908496732026 0.54833984375 0.05800653594771242 0.0478515625
