9 0.6013888888888889 0.423125 0.012777777777777779 0.01625
9 0.6033333333333334 0.4365625 0.008888888888888889 0.010625
9 0.2813888888888889 0.37625 0.020555555555555556 0.0275
9 0.2822222222222222 0.400625 0.011111111111111112 0.02
2 0.5244444444444445 0.481875 0.04666666666666667 0.04
2 0.5033333333333333 0.469375 0.013333333333333334 0.01625
2 0.4988888888888889 0.4675 0.016666666666666666 0.01875
2 0.4675 0.4603125 0.012777777777777779 0.015625
2 0.4502777777777778 0.4575 0.005 0.0075
2 0.43472222222222223 0.4578125 0.01611111111111111 0.019375
2 0.43222222222222223 0.461875 0.011111111111111112 0.0125
2 0.4211111111111111 0.468125 0.017777777777777778 0.01875
2 0.4152777777777778 0.4703125 0.02277777777777778 0.020625
2 0.32722222222222225 0.4796875 0.07777777777777778 0.081875
2 0.2916666666666667 0.4934375 0.09 0.078125
