9 0.7475490196078431 0.39892578125 0.029411764705882353 0.0244140625
9 0.6466503267973857 0.41015625 0.018790849673202614 0.01171875
9 0.6352124183006536 0.41357421875 0.004084967320261438 0.0087890625
9 0.5988562091503268 0.390625 0.03431372549019608 0.013671875
9 0.5355392156862745 0.41015625 0.004084967320261438 0.0078125
9 0.4783496732026144 0.41162109375 0.004084967320261438 0.0048828125
6 0.551062091503268 0.41162109375 0.008986928104575163 0.0126953125
6 0.5412581699346405 0.41455078125 0.007352941176470588 0.0048828125
2 0.556781045751634 0.41650390625 0.004084967320261438 0.0048828125
2 0.5620915032679739 0.41748046875 0.008169934640522876 0.0068359375
2 0.571078431372549 0.41748046875 0.00980392156862745 0.0068359375
2 0.5874183006535948 0.41845703125 0.00980392156862745 0.0068359375
2 0.6013071895424836 0.419921875 0.014705882352941176 0.009765625
2 0.6147875816993464 0.42041015625 0.013888888888888888 0.0107421875
2 0.6719771241830066 0.4248046875 0.015522875816993464 0.013671875
2 0.6523692810457516 0.431640625 0.03349673202614379 0.025390625
2 0.761437908496732 0.44384765625 0.08823529411764706 0.0634765625
2 0.8533496732026143 0.43408203125 0.041666666666666664 0.0283203125
2 0.5004084967320261 0.41552734375 0.005718954248366013 0.0068359375
2 0.5069444444444444 0.41552734375 0.004084967320261438 0.0048828125
2 0.5208333333333334 0.41845703125 0.008986928104575163 0.0126953125
2 0.5134803921568627 0.419921875 0.012254901960784314 0.015625
