9 0.5743464052287581 0.44921875 0.02287581699346405 0.03125
9 0.010620915032679739 0.42431640625 0.021241830065359478 0.0400390625
9 0.17197712418300654 0.44384765625 0.04656862745098039 0.0537109375
9 0.5931372549019608 0.44140625 0.013071895424836602 0.037109375
2 0.9771241830065359 0.47998046875 0.021241830065359478 0.0322265625
2 0.9566993464052288 0.48193359375 0.03758169934640523 0.0419921875
2 0.9350490196078431 0.48779296875 0.059640522875817 0.0498046875
2 0.5151143790849673 0.462890625 0.17238562091503268 0.10546875
2 0.3415032679738562 0.45361328125 0.18627450980392157 0.1044921875
2 0.19975490196078433 0.43701171875 0.16584967320261437 0.1005859375
2 0.05800653594771242 0.427734375 0.10947712418300654 0.07421875
