7 0.8439542483660131 0.4560546875 0.027777777777777776 0.033203125
7 0.5265522875816994 0.5087890625 0.004084967320261438 0.01171875
7 0.4068627450980392 0.5146484375 0.0032679738562091504 0.01171875
9 0.866421568627451 0.33203125 0.06454248366013073 0.078125
9 0.8672385620915033 0.38525390625 0.05310457516339869 0.0283203125
9 0.8676470588235294 0.4189453125 0.05392156862745098 0.0390625
9 0.5547385620915033 0.4814453125 0.00980392156862745 0.01171875
9 0.5543300653594772 0.490234375 0.008986928104575163 0.005859375
9 0.5547385620915033 0.49609375 0.008169934640522876 0.005859375
9 0.5318627450980392 0.48828125 0.006535947712418301 0.0078125
9 0.5322712418300654 0.494140625 0.005718954248366013 0.00390625
9 0.4207516339869281 0.51220703125 0.006535947712418301 0.0087890625
9 0.4207516339869281 0.5185546875 0.004901960784313725 0.00390625
9 0.352124183006536 0.5029296875 0.006535947712418301 0.009765625
9 0.352124183006536 0.5107421875 0.006535947712418301 0.005859375
0 0.7883986928104575 0.572265625 0.014705882352941176 0.060546875
0 0.6339869281045751 0.53466796875 0.008169934640522876 0.0283203125
0 0.4236111111111111 0.53564453125 0.004084967320261438 0.0146484375
0 0.2928921568627451 0.54443359375 0.008986928104575163 0.0341796875
0 0.3194444444444444 0.544921875 0.00980392156862745 0.03515625
0 0.3276143790849673 0.54345703125 0.008169934640522876 0.0341796875
0 0.04044117647058824 0.537109375 0.018790849673202614 0.033203125
0 0.008986928104575163 0.54345703125 0.00980392156862745 0.0361328125
0 0.5608660130718954 0.529296875 0.008986928104575163 0.02734375
0 0.5465686274509803 0.529296875 0.00980392156862745 0.029296875
1 0.6609477124183006 0.54296875 0.0196078431372549 0.033203125
6 0.5024509803921569 0.5224609375 0.006535947712418301 0.0078125
3 0.40727124183006536 0.55517578125 0.018790849673202614 0.0400390625
3 0.4652777777777778 0.560546875 0.01715686274509804 0.03515625
2 0.5931372549019608 0.6103515625 0.16013071895424835 0.138671875
2 0.49264705882352944 0.525390625 0.0032679738562091504 0.00390625
2 0.4820261437908497 0.52783203125 0.006535947712418301 0.0048828125
2 0.47630718954248363 0.529296875 0.008169934640522876 0.009765625
2 0.41544117647058826 0.53857421875 0.013888888888888888 0.0185546875
2 0.3909313725490196 0.53955078125 0.01715686274509804 0.0185546875
2 0.375 0.54248046875 0.032679738562091505 0.0224609375
2 0.10457516339869281 0.6240234375 0.20915032679738563 0.166015625
0 0.46486928104575165 0.5458984375 0.02287581699346405 0.05078125
0 0.40727124183006536 0.54345703125 0.018790849673202614 0.0439453125
14 0.7495915032679739 0.61279296875 0.04493464052287582 0.1123046875
