7 0.08292483660130719 0.53076171875 0.010620915032679739 0.0341796875
7 0.09272875816993464 0.375 0.022058823529411766 0.068359375
7 0.19730392156862744 0.5166015625 0.007352941176470588 0.009765625
7 0.6388888888888888 0.5341796875 0.00980392156862745 0.03125
7 0.6478758169934641 0.380859375 0.02287581699346405 0.06640625
7 0.7152777777777778 0.5087890625 0.008986928104575163 0.01171875
7 0.8423202614379085 0.5234375 0.00980392156862745 0.021484375
7 0.08660130718954248 0.494140625 0.013071895424836602 0.0234375
7 0.9129901960784313 0.4951171875 0.005718954248366013 0.01953125
9 0.10988562091503268 0.4638671875 0.02369281045751634 0.04296875
9 0.07352941176470588 0.4267578125 0.029411764705882353 0.033203125
9 0.1940359477124183 0.49267578125 0.010620915032679739 0.0126953125
9 0.19321895424836602 0.50244140625 0.012254901960784314 0.0068359375
9 0.40522875816993464 0.48681640625 0.00980392156862745 0.0107421875
9 0.40645424836601307 0.49755859375 0.012254901960784314 0.0068359375
9 0.47630718954248363 0.4638671875 0.016339869281045753 0.01953125
9 0.477124183006536 0.4775390625 0.013071895424836602 0.0078125
9 0.47794117647058826 0.49267578125 0.014705882352941176 0.0224609375
9 0.6466503267973857 0.50048828125 0.008986928104575163 0.0107421875
9 0.7091503267973857 0.48291015625 0.006535947712418301 0.0224609375
9 0.7095588235294118 0.49658203125 0.005718954248366013 0.0048828125
9 0.747140522875817 0.484375 0.007352941176470588 0.015625
9 0.7467320261437909 0.498046875 0.008169934640522876 0.01171875
9 0.9636437908496732 0.43701171875 0.015522875816993464 0.0302734375
9 0.9632352941176471 0.45703125 0.014705882352941176 0.009765625
9 0.9636437908496732 0.47216796875 0.012254901960784314 0.0205078125
9 0.983251633986928 0.47509765625 0.03349673202614379 0.0068359375
0 0.7369281045751634 0.5712890625 0.02287581699346405 0.10546875
0 0.7173202614379085 0.56640625 0.03431372549019608 0.11328125
3 0.2798202614379085 0.57275390625 0.028594771241830064 0.0615234375
2 0.30800653594771243 0.537109375 0.03758169934640523 0.029296875
2 0.32802287581699346 0.5302734375 0.028594771241830064 0.025390625
2 0.3770424836601307 0.5166015625 0.01715686274509804 0.017578125
2 0.38766339869281047 0.51025390625 0.01715686274509804 0.0146484375
2 0.397875816993464 0.505859375 0.013071895424836602 0.013671875
2 0.49060457516339867 0.56298828125 0.08741830065359477 0.0791015625
2 0.41013071895424835 0.65625 0.22712418300653595 0.21484375
2 0.8341503267973857 0.55615234375 0.09640522875816994 0.0478515625
0 0.2798202614379085 0.5517578125 0.028594771241830064 0.060546875
