9 0.16953125 0.388671875 0.0171875 0.009765625
9 0.169140625 0.35791015625 0.03671875 0.0517578125
0 0.803125 0.4580078125 0.0109375 0.03125
0 0.754296875 0.44921875 0.00703125 0.037109375
1 0.055078125 0.5205078125 0.03359375 0.0703125
1 0.2078125 0.5009765625 0.05625 0.046875
1 0.3546875 0.65625 0.1625 0.14453125
1 0.68828125 0.45166015625 0.0109375 0.0166015625
2 0.018359375 0.4931640625 0.03671875 0.068359375
2 0.03359375 0.45751953125 0.0671875 0.0478515625
2 0.103125 0.49609375 0.1421875 0.115234375
2 0.347265625 0.44921875 0.07109375 0.025390625
2 0.4078125 0.48974609375 0.0765625 0.0751953125
2 0.453515625 0.47998046875 0.04609375 0.0576171875
2 0.484375 0.4736328125 0.0484375 0.05078125
2 0.511328125 0.447265625 0.03984375 0.025390625
2 0.526171875 0.46337890625 0.04921875 0.0498046875
2 0.553515625 0.458984375 0.02734375 0.04296875
2 0.5578125 0.453125 0.04375 0.046875
2 0.585546875 0.45166015625 0.02421875 0.0341796875
2 0.599609375 0.45068359375 0.01640625 0.0302734375
2 0.59609375 0.4326171875 0.01875 0.0078125
2 0.612109375 0.44921875 0.01796875 0.02734375
2 0.613671875 0.44384765625 0.02578125 0.0263671875
2 0.632421875 0.44140625 0.02109375 0.021484375
2 0.646875 0.43701171875 0.0171875 0.0185546875
2 0.653515625 0.43408203125 0.01171875 0.0146484375
2 0.656640625 0.4306640625 0.01328125 0.017578125
2 0.662109375 0.42822265625 0.01484375 0.0185546875
2 0.67265625 0.427734375 0.009375 0.013671875
2 0.933984375 0.4921875 0.13203125 0.115234375
2 0.85625 0.49462890625 0.0890625 0.0986328125
2 0.8609375 0.46826171875 0.1171875 0.0849609375
2 0.774609375 0.447265625 0.01328125 0.029296875
2 0.710546875 0.427734375 0.01484375 0.01953125
2 0.7265625 0.4296875 0.0203125 0.0234375
2 0.721484375 0.44970703125 0.03671875 0.0283203125
2 0.71171875 0.47607421875 0.0640625 0.0673828125
0 0.346875 0.599609375 0.08125 0.193359375
0 0.689453125 0.44287109375 0.01171875 0.0263671875
