4 0.7152777777777778 0.48046875 0.0988562091503268 0.205078125
4 0.8733660130718954 0.45068359375 0.25326797385620914 0.6513671875
0 0.352124183006536 0.51806640625 0.016339869281045753 0.0205078125
0 0.3202614379084967 0.5146484375 0.0196078431372549 0.021484375
0 0.27450980392156865 0.5283203125 0.014705882352941176 0.03125
0 0.29125816993464054 0.52197265625 0.012254901960784314 0.0205078125
0 0.6131535947712419 0.5126953125 0.005718954248366013 0.017578125
0 0.3631535947712418 0.5166015625 0.012254901960784314 0.01953125
3 0.6662581699346405 0.5244140625 0.012254901960784314 0.029296875
2 0.16013071895424835 0.64599609375 0.3202614379084967 0.2939453125
2 0.3394607843137255 0.58203125 0.12173202614379085 0.115234375
2 0.41544117647058826 0.55029296875 0.0727124183006536 0.0810546875
2 0.516748366013072 0.5673828125 0.1380718954248366 0.1484375
2 0.5874183006535948 0.54052734375 0.04084967320261438 0.0537109375
