2 0.068603515625 0.5813802083333334 0.07470703125 0.11458333333333333
2 0.144775390625 0.6266276041666666 0.22705078125 0.17643229166666666
2 0.2646484375 0.5992838541666666 0.0966796875 0.13736979166666666
2 0.337646484375 0.5859375 0.09228515625 0.10546875
2 0.404296875 0.5677083333333334 0.068359375 0.0703125
2 0.439453125 0.5621744791666666 0.0361328125 0.061848958333333336
2 0.45849609375 0.5572916666666666 0.0283203125 0.053385416666666664
2 0.479736328125 0.5543619791666666 0.02392578125 0.048828125
2 0.4912109375 0.5302734375 0.048828125 0.025390625
2 0.566162109375 0.6438802083333334 0.20263671875 0.22005208333333334
2 0.90966796875 0.703125 0.1171875 0.4153645833333333
2 0.84765625 0.662109375 0.1455078125 0.20703125
2 0.826904296875 0.6087239583333334 0.18212890625 0.19010416666666666
2 0.731689453125 0.5885416666666666 0.07373046875 0.10026041666666667
2 0.693115234375 0.5615234375 0.05419921875 0.08919270833333333
2 0.663330078125 0.5598958333333334 0.02587890625 0.05859375
2 0.65771484375 0.5390625 0.0400390625 0.036458333333333336
2 0.638427734375 0.5354817708333334 0.02099609375 0.026692708333333332
2 0.52880859375 0.5283203125 0.0166015625 0.012369791666666666
2 0.544921875 0.5296223958333334 0.0166015625 0.008463541666666666
2 0.5625 0.5270182291666666 0.0244140625 0.014973958333333334
