7 0.5555555555555556 0.4109375 0.008888888888888889 0.033125
7 0.3025 0.41625 0.009444444444444445 0.0275
0 0.9880555555555556 0.4353125 0.02388888888888889 0.054375
0 0.9391666666666667 0.4440625 0.029444444444444443 0.066875
0 0.8044444444444444 0.4384375 0.016666666666666666 0.034375
0 0.7813888888888889 0.4484375 0.02388888888888889 0.034375
0 0.7433333333333333 0.45 0.021111111111111112 0.03375
0 0.6575 0.4578125 0.010555555555555556 0.023125
0 0.6691666666666667 0.458125 0.009444444444444445 0.025
0 0.6233333333333333 0.45375 0.013333333333333334 0.02125
2 0.15611111111111112 0.5140625 0.24222222222222223 0.186875
2 0.32805555555555554 0.4884375 0.095 0.076875
2 0.39 0.4809375 0.043333333333333335 0.041875
2 0.4772222222222222 0.4859375 0.12444444444444444 0.126875
