4 0.48333333333333334 0.4478125 0.01 0.013125
7 0.25305555555555553 0.2890625 0.019444444444444445 0.058125
7 0.24694444444444444 0.3578125 0.02277777777777778 0.023125
7 0.0575 0.26 0.02388888888888889 0.06125
7 0.04888888888888889 0.338125 0.01888888888888889 0.02875
7 0.8705555555555555 0.305625 0.016666666666666666 0.055
7 0.8727777777777778 0.3740625 0.023333333333333334 0.021875
9 0.028055555555555556 0.31 0.020555555555555556 0.025
9 0.8897222222222222 0.3546875 0.059444444444444446 0.018125
9 0.5244444444444445 0.4478125 0.005555555555555556 0.004375
9 0.5247222222222222 0.441875 0.007222222222222222 0.0075
9 0.73 0.4084375 0.011111111111111112 0.019375
0 0.009166666666666667 0.4396875 0.018333333333333333 0.063125
0 0.030555555555555555 0.43875 0.01 0.055
0 0.05472222222222222 0.445 0.030555555555555555 0.11
0 0.08805555555555555 0.443125 0.03722222222222222 0.1225
0 0.18166666666666667 0.4559375 0.05555555555555555 0.103125
0 0.16972222222222222 0.4509375 0.05388888888888889 0.120625
0 0.34055555555555556 0.458125 0.04555555555555556 0.11
0 0.3211111111111111 0.4609375 0.04666666666666667 0.101875
0 0.5386111111111112 0.4625 0.02722222222222222 0.09625
0 0.5511111111111111 0.459375 0.04777777777777778 0.11375
2 0.9472222222222222 0.4821875 0.10555555555555556 0.116875
2 0.6980555555555555 0.4659375 0.095 0.083125
2 0.6358333333333334 0.4696875 0.050555555555555555 0.044375
2 0.6158333333333333 0.463125 0.050555555555555555 0.0475
2 0.5861111111111111 0.454375 0.04777777777777778 0.0525
2 0.5352777777777777 0.4634375 0.012777777777777779 0.019375
2 0.5322222222222223 0.4609375 0.014444444444444444 0.018125
2 0.525 0.460625 0.008888888888888889 0.01875
2 0.52 0.459375 0.011111111111111112 0.0175
2 0.5022222222222222 0.4596875 0.025555555555555557 0.023125
2 0.48944444444444446 0.459375 0.006666666666666667 0.01625
2 0.4816666666666667 0.4546875 0.01 0.010625
2 0.47305555555555556 0.45625 0.010555555555555556 0.01125
2 0.47583333333333333 0.4465625 0.005 0.005625
2 0.3819444444444444 0.4646875 0.058333333333333334 0.055625
2 0.39444444444444443 0.45625 0.052222222222222225 0.05625
2 0.4211111111111111 0.4571875 0.024444444444444446 0.045625
2 0.43333333333333335 0.46 0.02 0.0325
2 0.4452777777777778 0.455625 0.021666666666666667 0.02875
2 0.4436111111111111 0.458125 0.015 0.02875
2 0.45861111111111114 0.45375 0.010555555555555556 0.015
2 0.4633333333333333 0.451875 0.006666666666666667 0.01
2 0.4677777777777778 0.4475 0.006666666666666667 0.00625
8 0.2747222222222222 0.4646875 0.015 0.041875
1 0.2061111111111111 0.4521875 0.035555555555555556 0.041875
