9 0.132568359375 0.388671875 0.08349609375 0.0390625
9 0.692626953125 0.4479166666666667 0.02783203125 0.033854166666666664
9 0.69140625 0.4703776041666667 0.01953125 0.011067708333333334
0 0.911376953125 0.5953776041666666 0.04541015625 0.185546875
0 0.7509765625 0.5582682291666666 0.01953125 0.06575520833333333
0 0.7255859375 0.5563151041666666 0.0205078125 0.060546875
2 0.31591796875 0.5595703125 0.0302734375 0.031901041666666664
2 0.37548828125 0.5553385416666666 0.037109375 0.04296875
2 0.332763671875 0.552734375 0.02783203125 0.041666666666666664
2 0.7490234375 0.5628255208333334 0.0380859375 0.035807291666666664
8 0.205322265625 0.5963541666666666 0.01708984375 0.048177083333333336
