4 0.3459967320261438 0.4814453125 0.08088235294117647 0.048828125
7 0.7593954248366013 0.43408203125 0.010620915032679739 0.0322265625
7 0.6388888888888888 0.4521484375 0.006535947712418301 0.015625
7 0.576797385620915 0.41650390625 0.011437908496732025 0.0322265625
7 0.5751633986928104 0.48779296875 0.004901960784313725 0.0087890625
7 0.28594771241830064 0.42529296875 0.011437908496732025 0.0322265625
7 0.5196078431372549 0.453125 0.004901960784313725 0.01171875
7 0.4305555555555556 0.453125 0.004901960784313725 0.01171875
7 0.26266339869281047 0.46044921875 0.0024509803921568627 0.0087890625
7 0.2622549019607843 0.4794921875 0.0032679738562091504 0.00390625
7 0.9334150326797386 0.4677734375 0.004084967320261438 0.013671875
9 0.7324346405228758 0.453125 0.018790849673202614 0.033203125
9 0.7675653594771242 0.4609375 0.02042483660130719 0.0234375
9 0.5747549019607843 0.44970703125 0.02042483660130719 0.0244140625
9 0.289624183006536 0.46435546875 0.01715686274509804 0.0224609375
9 0.761437908496732 0.47314453125 0.00980392156862745 0.0126953125
9 0.8002450980392157 0.43359375 0.008986928104575163 0.01953125
9 0.8002450980392157 0.45166015625 0.008986928104575163 0.0166015625
9 0.7998366013071896 0.4697265625 0.00980392156862745 0.01953125
9 0.6454248366013072 0.41943359375 0.008169934640522876 0.0107421875
9 0.9093137254901961 0.5556640625 0.08496732026143791 0.037109375
0 0.5649509803921569 0.49658203125 0.007352941176470588 0.0205078125
0 0.29411764705882354 0.49609375 0.013071895424836602 0.03515625
0 0.3684640522875817 0.52734375 0.014705882352941176 0.080078125
0 0.04003267973856209 0.50927734375 0.027777777777777776 0.0673828125
0 0.20915032679738563 0.46337890625 0.0032679738562091504 0.0107421875
0 0.12540849673202614 0.47509765625 0.005718954248366013 0.0302734375
0 0.10947712418300654 0.46142578125 0.00980392156862745 0.0224609375
6 0.4730392156862745 0.48291015625 0.08496732026143791 0.1181640625
6 0.21691176470588236 0.478515625 0.007352941176470588 0.01171875
3 0.26919934640522875 0.51025390625 0.04330065359477124 0.0322265625
3 0.2818627450980392 0.51220703125 0.03758169934640523 0.0341796875
3 0.3014705882352941 0.51318359375 0.042483660130718956 0.0400390625
3 0.306781045751634 0.51708984375 0.04330065359477124 0.0419921875
3 0.17483660130718953 0.50537109375 0.029411764705882353 0.0302734375
2 0.5490196078431373 0.49365234375 0.029411764705882353 0.0205078125
2 0.5261437908496732 0.50830078125 0.027777777777777776 0.0341796875
2 0.6433823529411765 0.49853515625 0.049836601307189546 0.0244140625
2 0.6776960784313726 0.5009765625 0.041666666666666664 0.0234375
2 0.7581699346405228 0.619140625 0.29901960784313725 0.181640625
2 0.4199346405228758 0.5224609375 0.09477124183006536 0.08203125
2 0.4444444444444444 0.5888671875 0.1503267973856209 0.154296875
2 0.05310457516339869 0.62646484375 0.10620915032679738 0.1884765625
14 0.9076797385620915 0.4951171875 0.0915032679738562 0.08203125
