7 0.246826171875 0.48046875 0.01611328125 0.049479166666666664
7 0.24267578125 0.521484375 0.0146484375 0.022135416666666668
7 0.340576171875 0.5042317708333334 0.01416015625 0.044921875
7 0.68310546875 0.5055338541666666 0.013671875 0.042317708333333336
0 0.84326171875 0.5911458333333334 0.0146484375 0.061197916666666664
0 0.789306640625 0.6009114583333334 0.01806640625 0.0859375
0 0.776123046875 0.5930989583333334 0.00634765625 0.03515625
0 0.8076171875 0.5944010416666666 0.0146484375 0.041666666666666664
1 0.224853515625 0.623046875 0.03466796875 0.052083333333333336
1 0.950439453125 0.6624348958333334 0.03271484375 0.11002604166666667
1 0.702392578125 0.640625 0.01806640625 0.048177083333333336
2 0.461669921875 0.7044270833333334 0.23291015625 0.25390625
2 0.38720703125 0.6181640625 0.06640625 0.08268229166666667
2 0.538818359375 0.6123046875 0.06396484375 0.076171875
2 0.56494140625 0.5888671875 0.044921875 0.047526041666666664
0 0.701904296875 0.6178385416666666 0.02294921875 0.0703125
8 0.19189453125 0.6383463541666666 0.0166015625 0.064453125
