9 0.8013888888888889 0.3303125 0.049444444444444444 0.014375
9 0.7794444444444445 0.346875 0.016666666666666666 0.01875
0 0.35833333333333334 0.4740625 0.008888888888888889 0.019375
0 0.3502777777777778 0.47375 0.006111111111111111 0.015
1 0.8077777777777778 0.553125 0.06111111111111111 0.10375
1 0.7227777777777777 0.530625 0.06 0.105
1 0.6788888888888889 0.51875 0.035555555555555556 0.075
1 0.6327777777777778 0.5146875 0.01888888888888889 0.043125
1 0.6566666666666666 0.5078125 0.027777777777777776 0.030625
1 0.7444444444444445 0.4996875 0.02 0.038125
2 0.14277777777777778 0.4896875 0.18555555555555556 0.141875
2 0.4463888888888889 0.4765625 0.01611111111111111 0.013125
2 0.3788888888888889 0.48 0.013333333333333334 0.01
2 0.3972222222222222 0.480625 0.005555555555555556 0.005
0 0.8080555555555555 0.5090625 0.06166666666666667 0.134375
0 0.7186111111111111 0.4878125 0.05722222222222222 0.151875
0 0.6777777777777778 0.4940625 0.03777777777777778 0.098125
0 0.6358333333333334 0.486875 0.028333333333333332 0.0775
0 0.66 0.4884375 0.021111111111111112 0.060625
