7 0.795 0.350625 0.025555555555555557 0.06625
7 0.07305555555555555 0.356875 0.03388888888888889 0.07875
7 0.43166666666666664 0.4475 0.005555555555555556 0.0075
7 0.5122222222222222 0.446875 0.0044444444444444444 0.00625
9 0.7852777777777777 0.4053125 0.028333333333333332 0.049375
9 0.6936111111111111 0.4103125 0.011666666666666667 0.019375
9 0.6936111111111111 0.3890625 0.01611111111111111 0.024375
9 0.0811111111111111 0.4109375 0.025555555555555557 0.048125
9 0.7875 0.45375 0.012777777777777779 0.01875
0 0.9461111111111111 0.4853125 0.02666666666666667 0.115625
0 0.9269444444444445 0.48625 0.02388888888888889 0.1
0 0.8833333333333333 0.4909375 0.028888888888888888 0.115625
0 0.8308333333333333 0.4846875 0.025 0.095625
0 0.008055555555555555 0.508125 0.01611111111111111 0.10375
0 0.07055555555555555 0.4975 0.03333333333333333 0.095
2 0.5569444444444445 0.4753125 0.03611111111111111 0.033125
2 0.47888888888888886 0.466875 0.04111111111111111 0.0375
2 0.4147222222222222 0.4675 0.025 0.02375
2 0.37555555555555553 0.4759375 0.03111111111111111 0.030625
2 0.32916666666666666 0.480625 0.059444444444444446 0.04125
2 0.39444444444444443 0.47375 0.013333333333333334 0.02125
8 0.7588888888888888 0.506875 0.016666666666666666 0.04125
