7 0.51513671875 0.022786458333333332 0.0234375 0.037760416666666664
7 0.887939453125 0.3063151041666667 0.02783203125 0.039713541666666664
9 0.76171875 0.4742838541666667 0.009765625 0.021484375
9 0.677490234375 0.4833984375 0.01513671875 0.024088541666666668
1 0.7919921875 0.5927734375 0.03125 0.08528645833333333
1 0.82080078125 0.59375 0.0322265625 0.09505208333333333
1 0.67529296875 0.5970052083333334 0.037109375 0.09375
1 0.748046875 0.55859375 0.0126953125 0.045572916666666664
1 0.063720703125 0.5804036458333334 0.04638671875 0.08658854166666667
1 0.123046875 0.5634765625 0.0244140625 0.052734375
2 0.489013671875 0.5387369791666666 0.03173828125 0.031901041666666664
2 0.232666015625 0.6018880208333334 0.22998046875 0.193359375
0 0.672607421875 0.564453125 0.04345703125 0.13671875
