9 0.945703125 0.3388671875 0.09921875 0.15234375
9 0.591796875 0.43505859375 0.04140625 0.0654296875
0 0.04453125 0.51611328125 0.0140625 0.0458984375
0 0.0796875 0.50830078125 0.0140625 0.0478515625
2 0.927734375 0.48095703125 0.14453125 0.0732421875
2 0.669140625 0.47119140625 0.05546875 0.0244140625
2 0.676953125 0.46875 0.06171875 0.033203125
2 0.427734375 0.46630859375 0.01171875 0.0087890625
2 0.437890625 0.46826171875 0.01171875 0.0107421875
2 0.451953125 0.4677734375 0.01640625 0.015625
2 0.45859375 0.478515625 0.0203125 0.021484375
2 0.401171875 0.46533203125 0.01328125 0.0126953125
2 0.3796875 0.48388671875 0.021875 0.0244140625
2 0.3015625 0.46533203125 0.0109375 0.0107421875
2 0.324609375 0.4775390625 0.02109375 0.0234375
2 0.110546875 0.4912109375 0.03828125 0.017578125
2 0.172265625 0.49169921875 0.04609375 0.0302734375
