7 0.9788888888888889 0.318125 0.023333333333333334 0.05875
7 0.6430555555555556 0.3915625 0.02277777777777778 0.020625
7 0.6480555555555556 0.3396875 0.029444444444444443 0.055625
7 0.5302777777777777 0.42125 0.010555555555555556 0.01375
7 0.08472222222222223 0.408125 0.013888888888888888 0.01625
7 0.08305555555555555 0.3528125 0.026111111111111113 0.056875
9 0.6522222222222223 0.3728125 0.035555555555555556 0.014375
9 0.22444444444444445 0.415 0.015555555555555555 0.01875
9 0.08555555555555555 0.39 0.03111111111111111 0.01375
9 0.645 0.431875 0.01 0.01625
9 0.09361111111111112 0.44625 0.010555555555555556 0.0175
0 0.8730555555555556 0.456875 0.02388888888888889 0.07375
0 0.84 0.45375 0.025555555555555557 0.08
0 0.8197222222222222 0.4578125 0.02722222222222222 0.080625
0 0.8533333333333334 0.4521875 0.02 0.065625
0 0.7408333333333333 0.450625 0.019444444444444445 0.0625
0 0.7213888888888889 0.4509375 0.018333333333333333 0.063125
0 0.26555555555555554 0.4675 0.016666666666666666 0.04
0 0.2086111111111111 0.4634375 0.013888888888888888 0.046875
0 0.19666666666666666 0.464375 0.011111111111111112 0.045
0 0.3269444444444444 0.4540625 0.007222222222222222 0.018125
0 0.31722222222222224 0.4525 0.0077777777777777776 0.02
0 0.3025 0.45375 0.008333333333333333 0.02
0 0.15444444444444444 0.4540625 0.016666666666666666 0.039375
0 0.1297222222222222 0.458125 0.013888888888888888 0.05
0 0.13583333333333333 0.46125 0.013888888888888888 0.04375
2 0.5127777777777778 0.4596875 0.02 0.025625
2 0.4775 0.4571875 0.03833333333333333 0.036875
