0 0.395703125 0.50634765625 0.00859375 0.0380859375
0 0.466796875 0.4931640625 0.00703125 0.029296875
0 0.481640625 0.494140625 0.00703125 0.029296875
0 0.4734375 0.49462890625 0.00625 0.0263671875
1 0.450390625 0.48828125 0.00546875 0.009765625
2 0.707421875 0.63623046875 0.19453125 0.1865234375
2 0.053515625 0.6376953125 0.10703125 0.1640625
2 0.044140625 0.5419921875 0.08671875 0.0703125
2 0.0359375 0.50146484375 0.071875 0.0302734375
2 0.173046875 0.5791015625 0.12265625 0.11328125
2 0.228125 0.55029296875 0.0953125 0.1005859375
2 0.29609375 0.5234375 0.06875 0.080078125
2 0.332421875 0.5244140625 0.01796875 0.048828125
2 0.340234375 0.52099609375 0.02421875 0.0458984375
2 0.353515625 0.5146484375 0.03203125 0.041015625
2 0.356640625 0.50732421875 0.04140625 0.0498046875
2 0.378515625 0.50830078125 0.01484375 0.0361328125
2 0.385546875 0.50732421875 0.01328125 0.0322265625
2 0.384375 0.5 0.0265625 0.03515625
2 0.401171875 0.50048828125 0.00859375 0.0263671875
2 0.403515625 0.49658203125 0.01640625 0.0263671875
2 0.4078125 0.4921875 0.01875 0.02734375
2 0.421875 0.490234375 0.0109375 0.021484375
2 0.432421875 0.48681640625 0.01015625 0.0146484375
2 0.4375 0.4853515625 0.00625 0.013671875
2 0.65 0.580078125 0.1484375 0.154296875
2 0.580078125 0.568359375 0.05234375 0.103515625
2 0.57421875 0.54541015625 0.0640625 0.0712890625
2 0.54296875 0.52783203125 0.0453125 0.0556640625
2 0.529296875 0.5205078125 0.02578125 0.048828125
2 0.524609375 0.51220703125 0.03046875 0.0439453125
2 0.510546875 0.509765625 0.01171875 0.03515625
2 0.513671875 0.501953125 0.02890625 0.033203125
2 0.50390625 0.4970703125 0.0234375 0.03125
2 0.495703125 0.49462890625 0.01640625 0.0283203125
2 0.4421875 0.48388671875 0.0078125 0.0126953125
2 0.248828125 0.4892578125 0.03359375 0.01953125
2 0.22265625 0.48974609375 0.0234375 0.0185546875
2 0.281640625 0.48046875 0.01796875 0.01171875
0 0.450390625 0.484375 0.00390625 0.009765625
