4 0.1761111111111111 0.4890625 0.08444444444444445 0.089375
7 0.06694444444444445 0.4703125 0.0038888888888888888 0.009375
9 0.11527777777777778 0.4746875 0.005 0.013125
0 0.6447222222222222 0.5515625 0.019444444444444445 0.061875
0 0.3686111111111111 0.5203125 0.019444444444444445 0.046875
0 0.29444444444444445 0.5078125 0.02 0.059375
0 0.2702777777777778 0.510625 0.018333333333333333 0.05375
0 0.06861111111111111 0.4934375 0.013888888888888888 0.031875
2 0.05444444444444444 0.490625 0.023333333333333334 0.02625
2 0.03166666666666667 0.49 0.013333333333333334 0.01375
2 0.01638888888888889 0.4925 0.020555555555555556 0.02125
