4 0.30777777777777776 0.4490625 0.06333333333333334 0.053125
7 0.5480555555555555 0.42375 0.0038888888888888888 0.00875
7 0.46805555555555556 0.4209375 0.0038888888888888888 0.009375
7 0.43166666666666664 0.4403125 0.0044444444444444444 0.010625
7 0.49472222222222223 0.4396875 0.0038888888888888888 0.009375
7 0.5622222222222222 0.4259375 0.0033333333333333335 0.006875
9 0.6033333333333334 0.41 0.01888888888888889 0.02125
9 0.6033333333333334 0.4284375 0.012222222222222223 0.008125
9 0.26666666666666666 0.430625 0.008888888888888889 0.02125
9 0.16916666666666666 0.41125 0.018333333333333333 0.02375
9 0.17 0.430625 0.011111111111111112 0.0075
9 0.5555555555555556 0.43125 0.008888888888888889 0.01
1 0.11472222222222223 0.4796875 0.019444444444444445 0.035625
2 0.3408333333333333 0.4640625 0.04833333333333333 0.040625
2 0.48305555555555557 0.458125 0.018333333333333333 0.02
2 0.4683333333333333 0.463125 0.023333333333333334 0.025
2 0.5358333333333334 0.4590625 0.012777777777777779 0.015625
2 0.5405555555555556 0.460625 0.012222222222222223 0.0175
2 0.5491666666666667 0.4634375 0.019444444444444445 0.021875
2 0.5675 0.46625 0.03611111111111111 0.0325
2 0.6002777777777778 0.470625 0.045 0.07125
2 0.6486111111111111 0.4725 0.09722222222222222 0.09
2 0.6802777777777778 0.491875 0.08055555555555556 0.08625
2 0.7986111111111112 0.494375 0.20833333333333334 0.1775
2 0.9266666666666666 0.504375 0.14666666666666667 0.31375
2 0.43416666666666665 0.4578125 0.018333333333333333 0.009375
2 0.42333333333333334 0.458125 0.016666666666666666 0.00875
0 0.115 0.46875 0.02 0.045
