9 0.041015625 0.3583984375 0.05546875 0.076171875
9 0.039453125 0.40478515625 0.03671875 0.0166015625
0 0.510546875 0.4775390625 0.01171875 0.033203125
0 0.838671875 0.60400390625 0.04765625 0.1708984375
0 0.36171875 0.478515625 0.0125 0.015625
2 0.47578125 0.46337890625 0.0125 0.0185546875
2 0.465625 0.4677734375 0.0171875 0.01953125
2 0.45625 0.4755859375 0.01875 0.025390625
2 0.445703125 0.48095703125 0.01953125 0.0283203125
2 0.4390625 0.48681640625 0.01875 0.0341796875
2 0.422265625 0.48828125 0.03359375 0.041015625
2 0.41328125 0.49609375 0.0296875 0.037109375
2 0.392578125 0.5009765625 0.03984375 0.04296875
2 0.3671875 0.51123046875 0.0484375 0.0517578125
2 0.348828125 0.52294921875 0.04296875 0.0537109375
2 0.3265625 0.53125 0.040625 0.0625
2 0.3046875 0.5400390625 0.0484375 0.072265625
2 0.276171875 0.5498046875 0.06328125 0.087890625
2 0.2125 0.57421875 0.1296875 0.1171875
2 0.542578125 0.47119140625 0.02890625 0.0302734375
2 0.5421875 0.47412109375 0.0203125 0.0205078125
2 0.546875 0.482421875 0.01875 0.029296875
2 0.5640625 0.48779296875 0.0296875 0.0517578125
2 0.584765625 0.4951171875 0.05234375 0.060546875
2 0.5984375 0.50341796875 0.0609375 0.0673828125
2 0.984375 0.56884765625 0.03125 0.1064453125
2 0.964453125 0.5234375 0.07109375 0.1328125
2 0.913671875 0.53369140625 0.08046875 0.1025390625
