9 0.1736111111111111 0.4165625 0.012777777777777779 0.023125
1 0.8761111111111111 0.566875 0.10777777777777778 0.1925
2 0.2663888888888889 0.501875 0.12277777777777778 0.11125
2 0.3452777777777778 0.49625 0.04722222222222222 0.04875
2 0.3738888888888889 0.490625 0.03111111111111111 0.0425
2 0.4083333333333333 0.4846875 0.044444444444444446 0.036875
2 0.43083333333333335 0.4784375 0.019444444444444445 0.028125
2 0.43972222222222224 0.474375 0.025 0.02625
2 0.45694444444444443 0.4725 0.019444444444444445 0.02125
2 0.47055555555555556 0.4709375 0.014444444444444444 0.016875
2 0.4880555555555556 0.4646875 0.012777777777777779 0.011875
2 0.4922222222222222 0.4615625 0.01 0.011875
2 0.5836111111111111 0.470625 0.042777777777777776 0.0325
2 0.5613888888888889 0.468125 0.013888888888888888 0.025
2 0.5605555555555556 0.464375 0.024444444444444446 0.02625
2 0.5488888888888889 0.4621875 0.011111111111111112 0.021875
2 0.5447222222222222 0.46 0.007222222222222222 0.015
2 0.5152777777777777 0.4525 0.009444444444444445 0.00875
2 0.5033333333333333 0.455 0.01 0.01
2 0.5294444444444445 0.45 0.015555555555555555 0.00875
0 0.8730555555555556 0.4934375 0.0961111111111111 0.255625
