7 0.06888888888888889 0.3675 0.02 0.05375
7 0.09277777777777778 0.4115625 0.014444444444444444 0.020625
7 0.6 0.395 0.014444444444444444 0.02
7 0.6038888888888889 0.3459375 0.015555555555555555 0.043125
7 0.8155555555555556 0.3309375 0.023333333333333334 0.050625
7 0.43583333333333335 0.4440625 0.006111111111111111 0.006875
9 0.5511111111111111 0.40125 0.013333333333333334 0.02
9 0.5375 0.4134375 0.005 0.008125
9 0.43916666666666665 0.4340625 0.010555555555555556 0.004375
0 0.04083333333333333 0.5590625 0.08166666666666667 0.245625
0 0.19666666666666666 0.5503125 0.18222222222222223 0.301875
0 0.24833333333333332 0.5278125 0.13777777777777778 0.298125
0 0.34305555555555556 0.4634375 0.008333333333333333 0.024375
0 0.3358333333333333 0.4609375 0.007222222222222222 0.023125
2 0.5416666666666666 0.476875 0.27444444444444444 0.11625
2 0.8288888888888889 0.4771875 0.3422222222222222 0.223125
