7 0.6188725490196079 0.484375 0.005718954248366013 0.015625
7 0.3276143790849673 0.51708984375 0.0016339869281045752 0.0029296875
7 0.33374183006535946 0.51123046875 0.0024509803921568627 0.0048828125
0 0.33986928104575165 0.52783203125 0.008169934640522876 0.0244140625
0 0.25857843137254904 0.52783203125 0.010620915032679739 0.0283203125
0 0.21650326797385622 0.5302734375 0.011437908496732025 0.037109375
0 0.20547385620915032 0.525390625 0.012254901960784314 0.033203125
0 0.23570261437908496 0.52978515625 0.012254901960784314 0.0322265625
2 0.46568627450980393 0.5556640625 0.1781045751633987 0.251953125
2 0.34967320261437906 0.6982421875 0.3055555555555556 0.294921875
2 0.3668300653594771 0.533203125 0.0392156862745098 0.0234375
