9 0.8105555555555556 0.3075 0.05444444444444444 0.0225
9 0.8144444444444444 0.34625 0.04666666666666667 0.05375
9 0.8116666666666666 0.485625 0.05555555555555555 0.01875
9 0.91 0.395 0.04111111111111111 0.01875
9 0.13166666666666665 0.413125 0.02666666666666667 0.00875
9 0.13055555555555556 0.4246875 0.027777777777777776 0.009375
9 0.2866666666666667 0.38375 0.011111111111111112 0.01
9 0.28583333333333333 0.4028125 0.009444444444444445 0.023125
9 0.3080555555555556 0.4225 0.006111111111111111 0.01375
0 0.29138888888888886 0.4575 0.012777777777777779 0.0275
0 0.6863888888888889 0.4459375 0.020555555555555556 0.039375
0 0.7097222222222223 0.459375 0.020555555555555556 0.0725
0 0.7261111111111112 0.4603125 0.022222222222222223 0.079375
0 0.7636111111111111 0.456875 0.018333333333333333 0.08
0 0.7588888888888888 0.46625 0.02 0.06875
0 0.07722222222222222 0.4740625 0.013333333333333334 0.060625
0 0.08611111111111111 0.471875 0.012222222222222223 0.0625
0 0.058611111111111114 0.485625 0.017222222222222222 0.03
0 0.12861111111111112 0.5028125 0.02722222222222222 0.094375
0 0.1075 0.5053125 0.03277777777777778 0.101875
2 0.4463888888888889 0.45 0.013888888888888888 0.01125
2 0.8769444444444444 0.46 0.0961111111111111 0.06125
2 0.9297222222222222 0.456875 0.14055555555555554 0.0825
2 0.3452777777777778 0.5003125 0.2061111111111111 0.108125
2 0.4663888888888889 0.5025 0.08611111111111111 0.1175
2 0.5811111111111111 0.558125 0.31666666666666665 0.27375
2 0.044444444444444446 0.54125 0.08888888888888889 0.14
4 0.38305555555555554 0.42875 0.04833333333333333 0.03625
