7 0.484375 0.4684244791666667 0.009765625 0.014973958333333334
7 0.560546875 0.4169921875 0.0087890625 0.014973958333333334
7 0.62939453125 0.4710286458333333 0.009765625 0.016276041666666668
7 0.6474609375 0.4527994791666667 0.01171875 0.017578125
9 0.69482421875 0.4742838541666667 0.01171875 0.021484375
0 0.118896484375 0.5491536458333334 0.02978515625 0.115234375
0 0.104248046875 0.4954427083333333 0.02001953125 0.04296875
0 0.153076171875 0.5504557291666666 0.02880859375 0.11653645833333333
0 0.198974609375 0.55078125 0.02587890625 0.109375
0 0.224609375 0.5517578125 0.0244140625 0.10481770833333333
0 0.263427734375 0.5439453125 0.01904296875 0.080078125
0 0.584228515625 0.548828125 0.01611328125 0.049479166666666664
0 0.557373046875 0.5338541666666666 0.00830078125 0.02734375
0 0.53955078125 0.5322265625 0.0068359375 0.027994791666666668
1 0.330078125 0.5550130208333334 0.01953125 0.068359375
1 0.34423828125 0.556640625 0.01953125 0.05859375
2 0.79833984375 0.615234375 0.1865234375 0.18880208333333334
2 0.705322265625 0.5895182291666666 0.07568359375 0.11653645833333333
0 0.449462890625 0.5419921875 0.01708984375 0.054036458333333336
1 0.44873046875 0.5579427083333334 0.015625 0.0390625
