9 0.645263671875 0.4899088541666667 0.00927734375 0.016276041666666668
0 0.215576171875 0.5589192708333334 0.01806640625 0.060546875
0 0.25390625 0.544921875 0.015625 0.0625
0 0.265625 0.5455729166666666 0.0146484375 0.057291666666666664
0 0.31005859375 0.5458984375 0.009765625 0.048828125
0 0.304931640625 0.5472005208333334 0.00732421875 0.044921875
1 0.18115234375 0.572265625 0.0244140625 0.03515625
1 0.195068359375 0.5719401041666666 0.02294921875 0.033203125
2 0.36083984375 0.5556640625 0.0869140625 0.06575520833333333
2 0.41796875 0.5556640625 0.078125 0.060546875
8 0.91259765625 0.6536458333333334 0.0537109375 0.09635416666666667
