4 0.5714869281045751 0.44189453125 0.10702614379084967 0.1376953125
9 0.30392156862745096 0.45751953125 0.014705882352941176 0.0166015625
3 0.9276960784313726 0.59716796875 0.09558823529411764 0.2841796875
2 0.04084967320261438 0.51953125 0.08169934640522876 0.05859375
2 0.09477124183006536 0.55859375 0.1895424836601307 0.130859375
2 0.20098039215686275 0.5185546875 0.08006535947712418 0.06640625
2 0.2295751633986928 0.49365234375 0.042483660130718956 0.0361328125
2 0.26715686274509803 0.486328125 0.04084967320261438 0.03515625
2 0.3075980392156863 0.49560546875 0.06781045751633986 0.0556640625
2 0.34477124183006536 0.48388671875 0.03104575163398693 0.0322265625
2 0.38562091503267976 0.48876953125 0.06045751633986928 0.0537109375
2 0.42483660130718953 0.46240234375 0.032679738562091505 0.0361328125
2 0.46691176470588236 0.4931640625 0.06454248366013073 0.07421875
2 0.5502450980392157 0.54248046875 0.16258169934640523 0.1845703125
2 0.8382352941176471 0.45166015625 0.0718954248366013 0.0439453125
2 0.9031862745098039 0.447265625 0.06454248366013073 0.025390625
2 0.8578431372549019 0.56103515625 0.16666666666666666 0.2138671875
2 0.7598039215686274 0.50634765625 0.12091503267973856 0.1162109375
2 0.7071078431372549 0.48193359375 0.07761437908496732 0.0869140625
2 0.6650326797385621 0.4736328125 0.032679738562091505 0.0546875
2 0.6384803921568627 0.45458984375 0.010620915032679739 0.0224609375
2 0.6719771241830066 0.45263671875 0.06290849673202614 0.0751953125
2 0.6294934640522876 0.453125 0.010620915032679739 0.013671875
