4 0.7377450980392157 0.4423828125 0.21405228758169934 0.08984375
4 0.24959150326797386 0.44677734375 0.18382352941176472 0.2880859375
7 0.38439542483660133 0.46435546875 0.004084967320261438 0.0146484375
9 0.6127450980392157 0.43017578125 0.006535947712418301 0.0087890625
9 0.6127450980392157 0.439453125 0.006535947712418301 0.0078125
9 0.9219771241830066 0.41455078125 0.012254901960784314 0.0068359375
9 0.460375816993464 0.46630859375 0.008986928104575163 0.0048828125
0 0.21609477124183007 0.39453125 0.06454248366013073 0.130859375
0 0.2847222222222222 0.38330078125 0.051470588235294115 0.1123046875
0 0.24509803921568626 0.31396484375 0.0196078431372549 0.0126953125
0 0.21895424836601307 0.31591796875 0.011437908496732025 0.0087890625
0 0.24428104575163398 0.43798828125 0.06862745098039216 0.1298828125
0 0.2839052287581699 0.43701171875 0.028594771241830064 0.0556640625
0 0.25980392156862747 0.47119140625 0.03594771241830065 0.0888671875
0 0.3872549019607843 0.48388671875 0.004901960784313725 0.0185546875
0 0.576797385620915 0.4755859375 0.00980392156862745 0.03125
0 0.5857843137254902 0.46923828125 0.004901960784313725 0.0205078125
1 0.3880718954248366 0.49609375 0.016339869281045753 0.017578125
6 0.12867647058823528 0.486328125 0.07761437908496732 0.0390625
3 0.23815359477124182 0.5205078125 0.03349673202614379 0.046875
2 0.007352941176470588 0.5205078125 0.014705882352941176 0.03125
2 0.02246732026143791 0.51904296875 0.02369281045751634 0.0263671875
2 0.05759803921568627 0.51611328125 0.04003267973856209 0.0400390625
2 0.0923202614379085 0.5205078125 0.08169934640522876 0.046875
2 0.14869281045751634 0.51025390625 0.04084967320261438 0.0419921875
2 0.2238562091503268 0.5380859375 0.06209150326797386 0.087890625
2 0.34763071895424835 0.4912109375 0.02042483660130719 0.033203125
2 0.4252450980392157 0.48779296875 0.051470588235294115 0.0361328125
2 0.4636437908496732 0.4931640625 0.08741830065359477 0.05078125
2 0.5355392156862745 0.48583984375 0.06290849673202614 0.0458984375
2 0.6123366013071896 0.48095703125 0.06781045751633986 0.0498046875
2 0.6352124183006536 0.48583984375 0.09558823529411764 0.0517578125
2 0.6956699346405228 0.47607421875 0.06290849673202614 0.0458984375
2 0.928921568627451 0.49560546875 0.14215686274509803 0.1064453125
