7 0.7672222222222222 0.460625 0.005555555555555556 0.02375
7 0.7205555555555555 0.4709375 0.005555555555555556 0.006875
7 0.6402777777777777 0.4375 0.007222222222222222 0.01875
7 0.5208333333333334 0.4128125 0.008333333333333333 0.021875
7 0.5158333333333334 0.4434375 0.006111111111111111 0.014375
7 0.4663888888888889 0.484375 0.006111111111111111 0.0175
9 0.9122222222222223 0.4703125 0.005555555555555556 0.008125
9 0.5072222222222222 0.4078125 0.01 0.010625
9 0.5088888888888888 0.4415625 0.0044444444444444444 0.006875
9 0.9508333333333333 0.3715625 0.029444444444444443 0.034375
9 0.9513888888888888 0.4053125 0.030555555555555555 0.030625
9 0.9516666666666667 0.4303125 0.024444444444444446 0.020625
0 0.9113888888888889 0.505625 0.008333333333333333 0.02125
0 0.09666666666666666 0.5234375 0.034444444444444444 0.055625
0 0.6936111111111111 0.513125 0.011666666666666667 0.04
0 0.765 0.51375 0.0077777777777777776 0.0325
0 0.7994444444444444 0.513125 0.0077777777777777776 0.03
0 0.09833333333333333 0.521875 0.01888888888888889 0.05625
1 0.8177777777777778 0.5290625 0.03111111111111111 0.065625
1 0.8719444444444444 0.5396875 0.049444444444444444 0.089375
1 0.725 0.523125 0.02 0.035
2 0.6138888888888889 0.5234375 0.16333333333333333 0.143125
2 0.44555555555555554 0.5253125 0.06888888888888889 0.026875
2 0.7105555555555556 0.51625 0.028888888888888888 0.035
0 0.7247222222222223 0.50375 0.021666666666666667 0.06125
0 0.8138888888888889 0.5015625 0.028888888888888888 0.104375
0 0.875 0.4965625 0.051111111111111114 0.134375
