9 0.60546875 0.43115234375 0.00625 0.0087890625
0 0.31015625 0.513671875 0.025 0.078125
2 0.8578125 0.59912109375 0.1828125 0.1630859375
2 0.787890625 0.55615234375 0.12421875 0.1298828125
2 0.7703125 0.51953125 0.11875 0.123046875
2 0.710546875 0.52783203125 0.03203125 0.0712890625
2 0.70625 0.51220703125 0.0609375 0.0849609375
2 0.6796875 0.505859375 0.034375 0.064453125
2 0.6625 0.4990234375 0.03125 0.044921875
2 0.655078125 0.49560546875 0.02734375 0.0439453125
2 0.63515625 0.4892578125 0.025 0.0390625
2 0.629296875 0.48193359375 0.02421875 0.0302734375
2 0.616796875 0.47509765625 0.02265625 0.0263671875
2 0.60859375 0.46875 0.0171875 0.029296875
2 0.601171875 0.4609375 0.01953125 0.0234375
2 0.59296875 0.45751953125 0.009375 0.0166015625
2 0.5640625 0.4560546875 0.021875 0.01171875
2 0.525 0.45947265625 0.015625 0.0166015625
2 0.51875 0.46484375 0.021875 0.021484375
2 0.464453125 0.46435546875 0.03984375 0.0283203125
2 0.434375 0.49951171875 0.0703125 0.0654296875
2 0.359375 0.4853515625 0.0453125 0.03515625
2 0.320703125 0.50146484375 0.05234375 0.0576171875
2 0.289453125 0.47021484375 0.06953125 0.0166015625
2 0.247265625 0.51513671875 0.08046875 0.0849609375
2 0.3625 0.544921875 0.1046875 0.095703125
2 0.065625 0.56396484375 0.13125 0.1298828125
2 0.128515625 0.6591796875 0.24765625 0.216796875
2 0.63046875 0.447265625 0.0203125 0.009765625
2 0.54296875 0.453125 0.0140625 0.013671875
2 0.526171875 0.451171875 0.01640625 0.009765625
