7 0.5694444444444444 0.441875 0.0044444444444444444 0.01
7 0.6 0.43125 0.0044444444444444444 0.01375
7 0.6125 0.4309375 0.006111111111111111 0.013125
9 0.4058333333333333 0.4490625 0.008333333333333333 0.010625
9 0.5383333333333333 0.4571875 0.008888888888888889 0.006875
9 0.6072222222222222 0.4421875 0.01 0.004375
9 0.7925 0.3725 0.013888888888888888 0.02375
9 0.7925 0.39875 0.013888888888888888 0.025
9 0.615 0.41875 0.011111111111111112 0.01875
0 0.17805555555555555 0.4703125 0.021666666666666667 0.071875
0 0.2822222222222222 0.46875 0.01 0.0425
2 0.4822222222222222 0.4665625 0.015555555555555555 0.015625
2 0.4627777777777778 0.4684375 0.02 0.015625
2 0.49805555555555553 0.466875 0.045 0.0225
2 0.5308333333333334 0.4703125 0.02277777777777778 0.019375
2 0.5472222222222223 0.4675 0.016666666666666666 0.015
2 0.5694444444444444 0.470625 0.028888888888888888 0.02625
2 0.6005555555555555 0.4703125 0.04666666666666667 0.041875
2 0.6497222222222222 0.4740625 0.07611111111111112 0.059375
2 0.8877777777777778 0.513125 0.22444444444444445 0.15625
2 0.9897222222222222 0.5759375 0.020555555555555556 0.143125
2 0.7411111111111112 0.4840625 0.13444444444444445 0.104375
