1 0.9061111111111111 0.5565625 0.15666666666666668 0.118125
1 0.09666666666666666 0.5375 0.057777777777777775 0.1075
1 0.25194444444444447 0.5196875 0.042777777777777776 0.084375
1 0.29194444444444445 0.5053125 0.02388888888888889 0.050625
1 0.2772222222222222 0.5090625 0.023333333333333334 0.061875
1 0.3225 0.5065625 0.028333333333333332 0.055625
1 0.3525 0.498125 0.02277777777777778 0.05
1 0.37305555555555553 0.4878125 0.018333333333333333 0.035625
2 0.5713888888888888 0.47375 0.07055555555555555 0.065
2 0.5366666666666666 0.473125 0.021111111111111112 0.04125
2 0.5261111111111111 0.4721875 0.015555555555555555 0.035625
2 0.5191666666666667 0.47 0.013888888888888888 0.03125
2 0.49194444444444446 0.4665625 0.04388888888888889 0.019375
2 0.4275 0.47 0.03277777777777778 0.02625
2 0.3875 0.47 0.013888888888888888 0.025
2 0.22583333333333333 0.47625 0.03611111111111111 0.07
2 0.08277777777777778 0.4990625 0.16555555555555557 0.096875
0 0.9088888888888889 0.5109375 0.08777777777777777 0.168125
0 0.10305555555555555 0.4865625 0.06944444444444445 0.148125
0 0.26611111111111113 0.4815625 0.07111111111111111 0.115625
0 0.2775 0.4725 0.03166666666666667 0.085
0 0.3213888888888889 0.4790625 0.03388888888888889 0.083125
0 0.36027777777777775 0.4778125 0.04055555555555555 0.073125
0 0.37805555555555553 0.4675 0.03388888888888889 0.05625
0 0.29694444444444446 0.4821875 0.020555555555555556 0.065625
