9 0.7586111111111111 0.424375 0.011666666666666667 0.01
9 0.7022222222222222 0.416875 0.016666666666666666 0.02125
9 0.7216666666666667 0.4159375 0.014444444444444444 0.019375
9 0.5061111111111111 0.4228125 0.012222222222222223 0.024375
9 0.48305555555555557 0.4284375 0.007222222222222222 0.014375
9 0.5411111111111111 0.363125 0.025555555555555557 0.0275
9 0.30583333333333335 0.4990625 0.01611111111111111 0.061875
0 0.9077777777777778 0.45625 0.011111111111111112 0.0375
0 0.8119444444444445 0.455 0.006111111111111111 0.01875
2 0.5811111111111111 0.4553125 0.024444444444444446 0.023125
2 0.5291666666666667 0.4596875 0.026111111111111113 0.019375
2 0.49472222222222223 0.4540625 0.045 0.018125
