0 0.467041015625 0.5859375 0.00830078125 0.037760416666666664
0 0.174560546875 0.5364583333333334 0.03271484375 0.0625
0 0.136474609375 0.5305989583333334 0.03076171875 0.037760416666666664
2 0.881103515625 0.6741536458333334 0.18994140625 0.166015625
2 0.570556640625 0.62890625 0.10986328125 0.11848958333333333
2 0.521240234375 0.6022135416666666 0.06298828125 0.07942708333333333
2 0.504150390625 0.5836588541666666 0.04833984375 0.06575520833333333
2 0.475341796875 0.5869140625 0.01611328125 0.033203125
2 0.437255859375 0.5836588541666666 0.02490234375 0.026692708333333332
2 0.375244140625 0.5794270833333334 0.01611328125 0.028645833333333332
2 0.3564453125 0.5768229166666666 0.0283203125 0.040364583333333336
2 0.3388671875 0.576171875 0.017578125 0.049479166666666664
2 0.31787109375 0.576171875 0.0439453125 0.046875
2 0.281982421875 0.5810546875 0.03466796875 0.057942708333333336
2 0.246337890625 0.5826822916666666 0.06396484375 0.06770833333333333
2 0.203369140625 0.58984375 0.04248046875 0.08723958333333333
2 0.11865234375 0.6682942708333334 0.2041015625 0.240234375
