7 0.7202777777777778 0.3721875 0.01611111111111111 0.021875
7 0.7166666666666667 0.3115625 0.04111111111111111 0.045625
7 0.6841666666666667 0.3225 0.012777777777777779 0.035
7 0.3725 0.13875 0.03944444444444444 0.0475
7 0.18138888888888888 0.146875 0.03833333333333333 0.0475
7 0.04638888888888889 0.0990625 0.055 0.068125
7 0.3736111111111111 0.416875 0.0038888888888888888 0.0125
7 0.32666666666666666 0.4503125 0.0044444444444444444 0.011875
9 0.43805555555555553 0.1446875 0.029444444444444443 0.048125
9 0.23916666666666667 0.154375 0.028333333333333332 0.04875
6 0.9505555555555556 0.435 0.03111111111111111 0.025
2 0.9625 0.4371875 0.030555555555555555 0.020625
2 0.8252777777777778 0.4475 0.02277777777777778 0.01625
2 0.5258333333333334 0.533125 0.3427777777777778 0.31625
2 0.0275 0.5028125 0.055 0.046875
2 0.08888888888888889 0.491875 0.07222222222222222 0.05875
2 0.14916666666666667 0.4909375 0.08166666666666667 0.058125
2 0.20333333333333334 0.486875 0.04666666666666667 0.04375
2 0.23416666666666666 0.4828125 0.03277777777777778 0.038125
14 0.28888888888888886 0.466875 0.08444444444444445 0.07875
2 0.2816666666666667 0.475625 0.07 0.06125
