7 0.817138671875 0.4586588541666667 0.01806640625 0.061848958333333336
7 0.624267578125 0.5725911458333334 0.00732421875 0.029296875
7 0.519775390625 0.5833333333333334 0.00537109375 0.015625
7 0.583984375 0.5833333333333334 0.0029296875 0.010416666666666666
7 0.534912109375 0.5797526041666666 0.00439453125 0.012369791666666666
7 0.435302734375 0.5686848958333334 0.00634765625 0.024088541666666668
9 0.807373046875 0.5335286458333334 0.03564453125 0.07747395833333333
9 0.5986328125 0.5927734375 0.005859375 0.011067708333333334
0 0.18798828125 0.6080729166666666 0.017578125 0.041666666666666664
0 0.257568359375 0.60546875 0.01318359375 0.026041666666666668
2 0.511962890625 0.611328125 0.02001953125 0.015625
2 0.559814453125 0.6214192708333334 0.02978515625 0.034505208333333336
