4 0.5089869281045751 0.39453125 0.04738562091503268 0.07421875
9 0.24101307189542484 0.294921875 0.08006535947712418 0.07421875
9 0.4215686274509804 0.4169921875 0.016339869281045753 0.005859375
9 0.41217320261437906 0.35595703125 0.007352941176470588 0.0087890625
9 0.4125816993464052 0.37158203125 0.011437908496732025 0.0185546875
9 0.3925653594771242 0.38427734375 0.005718954248366013 0.0087890625
9 0.7651143790849673 0.390625 0.02696078431372549 0.037109375
6 0.5641339869281046 0.3974609375 0.02696078431372549 0.025390625
2 0.9305555555555556 0.4619140625 0.07352941176470588 0.0546875
2 0.8492647058823529 0.44970703125 0.08088235294117647 0.0498046875
2 0.6503267973856209 0.41845703125 0.03104575163398693 0.0283203125
2 0.5367647058823529 0.412109375 0.00980392156862745 0.025390625
2 0.48161764705882354 0.4091796875 0.007352941176470588 0.015625
2 0.4652777777777778 0.4091796875 0.02696078431372549 0.033203125
2 0.42687908496732024 0.4228515625 0.06781045751633986 0.068359375
2 0.2549019607843137 0.41357421875 0.06699346405228758 0.0478515625
2 0.1736111111111111 0.41748046875 0.06781045751633986 0.0439453125
2 0.10416666666666667 0.41552734375 0.10049019607843138 0.0556640625
2 0.026552287581699346 0.41650390625 0.05310457516339869 0.0654296875
