1 0.9561111111111111 0.5540625 0.08777777777777777 0.086875
1 0.6363888888888889 0.5390625 0.13833333333333334 0.100625
1 0.35305555555555557 0.5246875 0.07055555555555555 0.095625
1 0.27361111111111114 0.5 0.020555555555555556 0.04875
1 0.25305555555555553 0.5134375 0.020555555555555556 0.058125
1 0.24055555555555555 0.5190625 0.04 0.078125
1 0.3188888888888889 0.4909375 0.023333333333333334 0.041875
2 0.08222222222222222 0.499375 0.16444444444444445 0.09875
2 0.24583333333333332 0.47375 0.07166666666666667 0.07375
2 0.40166666666666667 0.4721875 0.044444444444444446 0.035625
2 0.4275 0.466875 0.026111111111111113 0.02875
2 0.3725 0.4709375 0.030555555555555555 0.028125
2 0.4533333333333333 0.4675 0.017777777777777778 0.0175
2 0.5719444444444445 0.4734375 0.07055555555555555 0.064375
2 0.5358333333333334 0.47375 0.021666666666666667 0.04125
2 0.5263888888888889 0.4715625 0.018333333333333333 0.035625
2 0.5180555555555556 0.4703125 0.013888888888888888 0.031875
2 0.49583333333333335 0.471875 0.009444444444444445 0.0075
0 0.9794444444444445 0.490625 0.04111111111111111 0.165
0 0.6297222222222222 0.50625 0.0661111111111111 0.14
0 0.3541666666666667 0.49 0.051666666666666666 0.13375
0 0.33111111111111113 0.468125 0.028888888888888888 0.08375
0 0.32055555555555554 0.4640625 0.023333333333333334 0.070625
0 0.27305555555555555 0.4771875 0.021666666666666667 0.070625
0 0.24138888888888888 0.488125 0.041666666666666664 0.105
0 0.2586111111111111 0.4746875 0.021666666666666667 0.071875
