7 0.8508986928104575 0.43798828125 0.012254901960784314 0.0302734375
7 0.7250816993464052 0.4560546875 0.008986928104575163 0.025390625
7 0.670751633986928 0.40869140625 0.0196078431372549 0.0498046875
9 0.2651143790849673 0.47314453125 0.015522875816993464 0.0166015625
9 0.2651143790849673 0.48681640625 0.012254901960784314 0.0087890625
9 0.8496732026143791 0.4716796875 0.021241830065359478 0.02734375
9 0.758578431372549 0.4794921875 0.010620915032679739 0.01953125
9 0.6058006535947712 0.458984375 0.013888888888888888 0.01953125
0 0.7389705882352942 0.53173828125 0.015522875816993464 0.0537109375
0 0.6074346405228758 0.5283203125 0.010620915032679739 0.03515625
0 0.636437908496732 0.51025390625 0.008169934640522876 0.0205078125
3 0.8492647058823529 0.58837890625 0.09722222222222222 0.1513671875
3 0.7986111111111112 0.5947265625 0.05473856209150327 0.1171875
3 0.7810457516339869 0.56396484375 0.06372549019607843 0.0888671875
3 0.5943627450980392 0.52734375 0.015522875816993464 0.025390625
3 0.18831699346405228 0.5380859375 0.022058823529411766 0.02734375
2 0.11764705882352941 0.6123046875 0.23529411764705882 0.177734375
2 0.28799019607843135 0.54736328125 0.125 0.1083984375
2 0.38766339869281047 0.51513671875 0.03676470588235294 0.0439453125
2 0.4252450980392157 0.51171875 0.035130718954248366 0.046875
2 0.5302287581699346 0.5625 0.0915032679738562 0.0859375
2 0.7790032679738562 0.52685546875 0.07434640522875817 0.0478515625
2 0.8280228758169934 0.52490234375 0.02369281045751634 0.0224609375
2 0.8717320261437909 0.52197265625 0.03431372549019608 0.0341796875
2 0.5077614379084967 0.50927734375 0.010620915032679739 0.0087890625
