2 0.129296875 0.52880859375 0.07578125 0.0771484375
2 0.936328125 0.43359375 0.12734375 0.087890625
2 0.51171875 0.46337890625 0.028125 0.0322265625
2 0.49921875 0.4501953125 0.021875 0.02734375
2 0.48046875 0.4501953125 0.01875 0.017578125
2 0.465234375 0.447265625 0.01484375 0.01171875
2 0.078125 0.4990234375 0.06875 0.03515625
2 0.31875 0.453125 0.0140625 0.01171875
2 0.30078125 0.45166015625 0.015625 0.0146484375
2 0.401953125 0.4521484375 0.02109375 0.017578125
2 0.4328125 0.447265625 0.0171875 0.015625
2 0.44609375 0.4404296875 0.009375 0.0078125
