7 0.09033203125 0.3401692708333333 0.03125 0.11653645833333333
7 0.495849609375 0.1552734375 0.02587890625 0.09830729166666667
7 0.7431640625 0.3453776041666667 0.0224609375 0.09049479166666667
9 0.68310546875 0.4440104166666667 0.021484375 0.033854166666666664
9 0.6806640625 0.470703125 0.009765625 0.01953125
0 0.1162109375 0.6848958333333334 0.146484375 0.4921875
0 0.282470703125 0.55859375 0.02880859375 0.15625
0 0.844970703125 0.5325520833333334 0.02099609375 0.08984375
1 0.741943359375 0.6569010416666666 0.19580078125 0.17317708333333334
1 0.55322265625 0.6315104166666666 0.15234375 0.11197916666666667
2 0.215087890625 0.5442708333333334 0.11181640625 0.061197916666666664
2 0.6259765625 0.5517578125 0.0732421875 0.07877604166666667
0 0.734130859375 0.6002604166666666 0.08251953125 0.234375
0 0.40478515625 0.7496744791666666 0.1494140625 0.3548177083333333
14 0.416259765625 0.8336588541666666 0.17138671875 0.21158854166666666
0 0.55615234375 0.5836588541666666 0.060546875 0.189453125
