7 0.40645424836601307 0.37451171875 0.0024509803921568627 0.0107421875
9 0.22263071895424835 0.34228515625 0.02696078431372549 0.0302734375
9 0.3680555555555556 0.3388671875 0.015522875816993464 0.029296875
9 0.3709150326797386 0.36279296875 0.013071895424836602 0.0146484375
9 0.6776960784313726 0.45458984375 0.022058823529411766 0.0244140625
9 0.6025326797385621 0.423828125 0.010620915032679739 0.01171875
9 0.5837418300653595 0.4150390625 0.007352941176470588 0.009765625
9 0.37826797385620914 0.3984375 0.0196078431372549 0.021484375
9 0.7058823529411765 0.42822265625 0.008169934640522876 0.0107421875
0 0.3480392156862745 0.400390625 0.00980392156862745 0.03515625
0 0.35294117647058826 0.400390625 0.008169934640522876 0.033203125
1 0.6621732026143791 0.43408203125 0.013888888888888888 0.0361328125
1 0.6466503267973857 0.43212890625 0.025326797385620915 0.0361328125
1 0.6274509803921569 0.43115234375 0.016339869281045753 0.0400390625
1 0.608251633986928 0.427734375 0.02042483660130719 0.037109375
2 0.18137254901960784 0.4677734375 0.20588235294117646 0.16015625
2 0.29330065359477125 0.44677734375 0.10457516339869281 0.0966796875
2 0.443218954248366 0.408203125 0.03349673202614379 0.03125
2 0.45874183006535946 0.40380859375 0.015522875816993464 0.0263671875
2 0.46691176470588236 0.40380859375 0.007352941176470588 0.0244140625
2 0.5069444444444444 0.39453125 0.01715686274509804 0.009765625
2 0.4730392156862745 0.3994140625 0.00980392156862745 0.009765625
2 0.5269607843137255 0.39697265625 0.014705882352941176 0.0048828125
2 0.5424836601307189 0.4072265625 0.014705882352941176 0.017578125
2 0.5502450980392157 0.4111328125 0.010620915032679739 0.0234375
2 0.556781045751634 0.41357421875 0.013888888888888888 0.0263671875
2 0.5751633986928104 0.4130859375 0.0392156862745098 0.03515625
2 0.5049019607843137 0.4462890625 0.09640522875816994 0.095703125
2 0.815359477124183 0.44873046875 0.0457516339869281 0.0380859375
2 0.7810457516339869 0.4404296875 0.042483660130718956 0.03515625
2 0.7577614379084967 0.4326171875 0.03839869281045752 0.037109375
2 0.6907679738562091 0.4267578125 0.03022875816993464 0.02734375
2 0.6670751633986928 0.42333984375 0.02369281045751634 0.0244140625
2 0.6503267973856209 0.419921875 0.017973856209150325 0.01953125
2 0.6205065359477124 0.4169921875 0.035130718954248366 0.03515625
2 0.880718954248366 0.51513671875 0.238562091503268 0.1865234375
