7 0.70361328125 0.486328125 0.0087890625 0.026041666666666668
7 0.6513671875 0.4547526041666667 0.0078125 0.025390625
7 0.6005859375 0.490234375 0.0068359375 0.026041666666666668
7 0.75048828125 0.494140625 0.009765625 0.014322916666666666
9 0.87939453125 0.4560546875 0.013671875 0.029296875
9 0.784423828125 0.4811197916666667 0.00927734375 0.018229166666666668
0 0.327392578125 0.5602213541666666 0.02587890625 0.099609375
0 0.4296875 0.5423177083333334 0.017578125 0.06901041666666667
0 0.480224609375 0.5393880208333334 0.01318359375 0.042317708333333336
0 0.51513671875 0.5345052083333334 0.01171875 0.03515625
0 0.46728515625 0.5397135416666666 0.01171875 0.05078125
0 0.529541015625 0.5345052083333334 0.00732421875 0.032552083333333336
1 0.920654296875 0.583984375 0.03369140625 0.08463541666666667
1 0.173095703125 0.611328125 0.07568359375 0.13020833333333334
1 0.27978515625 0.6009114583333334 0.033203125 0.08723958333333333
1 0.120361328125 0.6246744791666666 0.04638671875 0.11263020833333333
2 0.824462890625 0.6012369791666666 0.15478515625 0.146484375
2 0.75634765625 0.583984375 0.0498046875 0.11197916666666667
2 0.7548828125 0.5556640625 0.08203125 0.08528645833333333
