9 0.2802777777777778 0.435625 0.008333333333333333 0.01
0 0.8616666666666667 0.5446875 0.10222222222222223 0.315625
2 0.21972222222222224 0.4590625 0.03611111111111111 0.040625
2 0.11638888888888889 0.51125 0.23277777777777778 0.1425
2 0.18916666666666668 0.461875 0.013888888888888888 0.0125
2 0.7633333333333333 0.47 0.13111111111111112 0.02625
2 0.8855555555555555 0.470625 0.13555555555555557 0.0275
2 0.4741666666666667 0.4653125 0.11388888888888889 0.019375
8 0.37027777777777776 0.5153125 0.02277777777777778 0.049375
2 0.6519444444444444 0.4609375 0.09277777777777778 0.028125
14 0.7583333333333333 0.60125 0.2111111111111111 0.2275
