9 0.283203125 0.42236328125 0.01640625 0.0068359375
9 0.284375 0.40283203125 0.021875 0.0322265625
0 0.88359375 0.42529296875 0.0140625 0.0322265625
0 0.917578125 0.56005859375 0.03359375 0.0908203125
0 0.878125 0.54345703125 0.025 0.0966796875
0 0.448046875 0.470703125 0.01015625 0.0234375
0 0.4421875 0.4677734375 0.0078125 0.0234375
1 0.394140625 0.498046875 0.00859375 0.029296875
1 0.426953125 0.4990234375 0.00859375 0.029296875
1 0.419140625 0.49853515625 0.01015625 0.0263671875
1 0.407421875 0.48779296875 0.00859375 0.0224609375
2 0.60625 0.5263671875 0.0734375 0.072265625
2 0.583203125 0.50830078125 0.06640625 0.0673828125
2 0.55078125 0.50634765625 0.0296875 0.0498046875
2 0.534765625 0.49951171875 0.02890625 0.0400390625
2 0.515234375 0.490234375 0.03046875 0.033203125
2 0.501953125 0.48583984375 0.01796875 0.0302734375
2 0.49375 0.484375 0.015625 0.0234375
2 0.491015625 0.47998046875 0.02578125 0.0263671875
2 0.479296875 0.47607421875 0.02109375 0.0263671875
2 0.460546875 0.46875 0.01484375 0.0234375
2 0.113671875 0.79736328125 0.22734375 0.4052734375
2 0.158203125 0.6435546875 0.29921875 0.326171875
2 0.073046875 0.4619140625 0.06640625 0.052734375
2 0.175390625 0.4697265625 0.06171875 0.02734375
2 0.24921875 0.48046875 0.046875 0.046875
2 0.243359375 0.4501953125 0.02734375 0.013671875
2 0.266796875 0.451171875 0.02265625 0.013671875
2 0.309765625 0.45361328125 0.02578125 0.0166015625
2 0.290234375 0.45361328125 0.01796875 0.0146484375
2 0.328125 0.50927734375 0.0703125 0.0634765625
2 0.35078125 0.49755859375 0.04375 0.0517578125
2 0.353125 0.486328125 0.0484375 0.05078125
2 0.36484375 0.47265625 0.040625 0.0390625
2 0.384375 0.46826171875 0.0171875 0.0283203125
0 0.394921875 0.4814453125 0.01171875 0.041015625
0 0.408203125 0.474609375 0.01328125 0.0390625
0 0.427734375 0.4833984375 0.01171875 0.044921875
0 0.419921875 0.4765625 0.01328125 0.033203125
9 0.924609375 0.39794921875 0.03671875 0.0068359375
