4 0.16625816993464052 0.33056640625 0.33251633986928103 0.6611328125
4 0.9285130718954249 0.39404296875 0.14297385620915032 0.0498046875
7 0.4097222222222222 0.3720703125 0.007352941176470588 0.01953125
7 0.8337418300653595 0.40576171875 0.004084967320261438 0.0205078125
7 0.7516339869281046 0.4072265625 0.006535947712418301 0.009765625
7 0.6184640522875817 0.38525390625 0.00980392156862745 0.0283203125
7 0.5751633986928104 0.38037109375 0.014705882352941176 0.0361328125
2 0.43709150326797386 0.4150390625 0.03594771241830065 0.04296875
2 0.46078431372549017 0.40966796875 0.02287581699346405 0.0302734375
2 0.4950980392156863 0.41552734375 0.017973856209150325 0.0263671875
2 0.502859477124183 0.42529296875 0.031862745098039214 0.0400390625
2 0.5465686274509803 0.455078125 0.09313725490196079 0.1015625
2 0.6993464052287581 0.421875 0.04084967320261438 0.044921875
2 0.9387254901960784 0.53125 0.12254901960784313 0.275390625
2 0.8929738562091504 0.45361328125 0.10457516339869281 0.0849609375
2 0.8190359477124183 0.447265625 0.04656862745098039 0.048828125
2 0.738562091503268 0.4375 0.05555555555555555 0.044921875
2 0.7630718954248366 0.4365234375 0.0457516339869281 0.044921875
