7 0.005718954248366013 0.34814453125 0.008169934640522876 0.0244140625
7 0.014297385620915032 0.35498046875 0.008986928104575163 0.0126953125
7 0.8594771241830066 0.2119140625 0.0392156862745098 0.14453125
7 0.8954248366013072 0.236328125 0.03594771241830065 0.099609375
9 0.03799019607843137 0.42041015625 0.008986928104575163 0.0146484375
9 0.03676470588235294 0.291015625 0.03431372549019608 0.046875
9 0.4264705882352941 0.38037109375 0.00980392156862745 0.0107421875
9 0.4485294117647059 0.38623046875 0.008169934640522876 0.0087890625
9 0.818218954248366 0.25927734375 0.041666666666666664 0.0537109375
9 0.9293300653594772 0.30126953125 0.04003267973856209 0.0498046875
9 0.4105392156862745 0.326171875 0.010620915032679739 0.017578125
0 0.08986928104575163 0.40869140625 0.011437908496732025 0.0556640625
0 0.11233660130718955 0.45751953125 0.04820261437908497 0.1533203125
0 0.16911764705882354 0.47021484375 0.07352941176470588 0.1513671875
0 0.15890522875816993 0.40673828125 0.02042483660130719 0.0517578125
0 0.19076797385620914 0.41845703125 0.01715686274509804 0.0576171875
0 0.20016339869281047 0.41552734375 0.013071895424836602 0.0595703125
0 0.21241830065359477 0.423828125 0.008169934640522876 0.0390625
0 0.22263071895424835 0.41357421875 0.013888888888888888 0.0615234375
0 0.24223856209150327 0.416015625 0.013888888888888888 0.05859375
0 0.25040849673202614 0.4189453125 0.008986928104575163 0.052734375
0 0.25980392156862747 0.41796875 0.013071895424836602 0.0546875
0 0.27369281045751637 0.4248046875 0.014705882352941176 0.041015625
0 0.315359477124183 0.41796875 0.013071895424836602 0.0546875
0 0.34068627450980393 0.4189453125 0.011437908496732025 0.05078125
0 0.3545751633986928 0.41162109375 0.013071895424836602 0.0439453125
0 0.36437908496732024 0.42041015625 0.014705882352941176 0.0478515625
0 0.3758169934640523 0.419921875 0.017973856209150325 0.05078125
0 0.3741830065359477 0.40283203125 0.008169934640522876 0.0224609375
0 0.4444444444444444 0.421875 0.014705882352941176 0.052734375
0 0.9901960784313726 0.4580078125 0.0196078431372549 0.11328125
0 0.41625816993464054 0.41064453125 0.007352941176470588 0.0244140625
0 0.4236111111111111 0.41015625 0.005718954248366013 0.02734375
6 0.48856209150326796 0.39697265625 0.026143790849673203 0.0341796875
2 0.04330065359477124 0.6220703125 0.08660130718954248 0.19921875
2 0.4579248366013072 0.41650390625 0.031862745098039214 0.0458984375
2 0.47671568627450983 0.42041015625 0.008986928104575163 0.0302734375
2 0.4910130718954248 0.41552734375 0.021241830065359478 0.0263671875
2 0.5036764705882353 0.4072265625 0.005718954248366013 0.01171875
2 0.7099673202614379 0.5703125 0.46078431372549017 0.509765625
2 0.9644607843137255 0.4541015625 0.06781045751633986 0.091796875
