7 0.1265625 0.4189453125 0.015625 0.029296875
7 0.15546875 0.568359375 0.0140625 0.048828125
7 0.644140625 0.4287109375 0.00703125 0.01171875
7 0.78671875 0.3955078125 0.0140625 0.033203125
9 0.12734375 0.4638671875 0.025 0.046875
9 0.78515625 0.4375 0.028125 0.052734375
9 0.786328125 0.490234375 0.01171875 0.01953125
0 0.148828125 0.5107421875 0.02109375 0.06640625
0 0.359765625 0.4873046875 0.01015625 0.037109375
1 0.736328125 0.5224609375 0.05234375 0.048828125
2 0.425390625 0.54248046875 0.09921875 0.0849609375
2 0.4359375 0.48876953125 0.0484375 0.0283203125
