4 0.46691176470588236 0.3173828125 0.2426470588235294 0.4609375
7 0.7896241830065359 0.20361328125 0.04656862745098039 0.1337890625
9 0.7720588235294118 0.486328125 0.03431372549019608 0.041015625
9 0.6740196078431373 0.45556640625 0.02287581699346405 0.0263671875
0 0.010212418300653595 0.4140625 0.02042483660130719 0.1015625
0 0.024509803921568627 0.42138671875 0.03104575163398693 0.1162109375
0 0.21854575163398693 0.41162109375 0.02042483660130719 0.0693359375
0 0.29697712418300654 0.3994140625 0.012254901960784314 0.044921875
0 0.2826797385620915 0.40283203125 0.013071895424836602 0.0517578125
0 0.2675653594771242 0.40234375 0.010620915032679739 0.046875
0 0.26143790849673204 0.39404296875 0.011437908496732025 0.0478515625
0 0.7267156862745098 0.47509765625 0.04656862745098039 0.2021484375
1 0.14460784313725492 0.462890625 0.03758169934640523 0.08984375
1 0.19607843137254902 0.4580078125 0.06372549019607843 0.087890625
1 0.1781045751633987 0.44921875 0.0457516339869281 0.07421875
2 0.335375816993464 0.42138671875 0.022058823529411766 0.0888671875
