7 0.12622549019607843 0.54638671875 0.015522875816993464 0.0595703125
7 0.12663398692810457 0.30322265625 0.032679738562091505 0.1162109375
7 0.14338235294117646 0.43505859375 0.04656862745098039 0.0458984375
9 0.8206699346405228 0.45166015625 0.02042483660130719 0.0244140625
9 0.8206699346405228 0.46875 0.01715686274509804 0.009765625
0 0.9705882352941176 0.51123046875 0.014705882352941176 0.0244140625
0 0.9575163398692811 0.51171875 0.011437908496732025 0.025390625
0 0.9248366013071896 0.51318359375 0.011437908496732025 0.0224609375
2 0.33455882352941174 0.5087890625 0.031862745098039214 0.021484375
2 0.3574346405228758 0.50927734375 0.015522875816993464 0.0146484375
2 0.8941993464052288 0.5849609375 0.21160130718954248 0.12109375
2 0.8537581699346405 0.50537109375 0.05228758169934641 0.0322265625
2 0.6727941176470589 0.54443359375 0.031862745098039214 0.0556640625
2 0.516748366013072 0.52490234375 0.022058823529411766 0.0302734375
2 0.5428921568627451 0.53759765625 0.04493464052287582 0.0556640625
2 0.6062091503267973 0.552734375 0.11437908496732026 0.107421875
2 0.4681372549019608 0.515625 0.032679738562091505 0.025390625
2 0.46200980392156865 0.54345703125 0.05800653594771242 0.0595703125
2 0.41299019607843135 0.52587890625 0.02369281045751634 0.0244140625
2 0.4272875816993464 0.5224609375 0.014705882352941176 0.01953125
2 0.43423202614379086 0.51904296875 0.012254901960784314 0.0146484375
2 0.39869281045751637 0.521484375 0.013071895424836602 0.017578125
2 0.3839869281045752 0.52392578125 0.0196078431372549 0.0205078125
2 0.372140522875817 0.5263671875 0.013888888888888888 0.025390625
2 0.35498366013071897 0.52490234375 0.028594771241830064 0.0322265625
2 0.33088235294117646 0.54248046875 0.06209150326797386 0.0517578125
2 0.2512254901960784 0.53564453125 0.041666666666666664 0.0341796875
2 0.2883986928104575 0.537109375 0.04738562091503268 0.0390625
2 0.032679738562091505 0.58056640625 0.06535947712418301 0.0966796875
2 0.07066993464052287 0.5390625 0.06944444444444445 0.044921875
2 0.20874183006535948 0.5400390625 0.03022875816993464 0.04296875
2 0.12867647058823528 0.5810546875 0.1772875816993464 0.1328125
