7 0.2267156862745098 0.50390625 0.005718954248366013 0.0078125
7 0.610702614379085 0.3974609375 0.018790849673202614 0.05859375
7 0.1772875816993464 0.38916015625 0.017973856209150325 0.0458984375
7 0.6029411764705882 0.51025390625 0.008169934640522876 0.0107421875
9 0.1830065359477124 0.4638671875 0.017973856209150325 0.03515625
9 0.16176470588235295 0.43603515625 0.02287581699346405 0.0283203125
9 0.2222222222222222 0.4921875 0.011437908496732025 0.005859375
9 0.22303921568627452 0.482421875 0.00980392156862745 0.01171875
9 0.4133986928104575 0.47900390625 0.00980392156862745 0.0107421875
9 0.41380718954248363 0.48779296875 0.012254901960784314 0.0068359375
9 0.4775326797385621 0.45849609375 0.013888888888888888 0.0166015625
9 0.4775326797385621 0.470703125 0.012254901960784314 0.005859375
9 0.47794117647058826 0.48388671875 0.013071895424836602 0.0205078125
9 0.633578431372549 0.49853515625 0.007352941176470588 0.0263671875
9 0.6838235294117647 0.47509765625 0.006535947712418301 0.0185546875
9 0.7181372549019608 0.47705078125 0.006535947712418301 0.0126953125
9 0.7173202614379085 0.4892578125 0.006535947712418301 0.009765625
9 0.6838235294117647 0.4873046875 0.004901960784313725 0.005859375
9 0.8901143790849673 0.4384765625 0.012254901960784314 0.025390625
0 0.9150326797385621 0.54150390625 0.024509803921568627 0.0771484375
0 0.9354575163398693 0.54296875 0.016339869281045753 0.072265625
3 0.2581699346405229 0.57666015625 0.03758169934640523 0.0673828125
2 0.1948529411764706 0.54541015625 0.09722222222222222 0.0556640625
2 0.3202614379084967 0.52392578125 0.03594771241830065 0.0283203125
2 0.38357843137254904 0.50390625 0.013888888888888888 0.013671875
2 0.4007352941176471 0.4931640625 0.010620915032679739 0.009765625
2 0.4783496732026144 0.578125 0.12173202614379085 0.1328125
2 0.3897058823529412 0.67578125 0.2696078431372549 0.25390625
2 0.7826797385620915 0.54150390625 0.05718954248366013 0.0400390625
2 0.8594771241830066 0.53955078125 0.10294117647058823 0.0498046875
2 0.3410947712418301 0.51953125 0.018790849673202614 0.021484375
0 0.2581699346405229 0.55078125 0.029411764705882353 0.0625
