0 0.8969444444444444 0.4990625 0.029444444444444443 0.121875
2 0.39694444444444443 0.50125 0.03388888888888889 0.03375
2 0.41555555555555557 0.4990625 0.013333333333333334 0.026875
2 0.16444444444444445 0.5240625 0.09222222222222222 0.055625
2 0.07166666666666667 0.5184375 0.09 0.036875
2 0.018055555555555554 0.5203125 0.03611111111111111 0.031875
2 0.020555555555555556 0.505 0.04111111111111111 0.0225
2 0.1275 0.508125 0.058333333333333334 0.045
2 0.29555555555555557 0.491875 0.013333333333333334 0.015
2 0.3436111111111111 0.495625 0.009444444444444445 0.01
2 0.1922222222222222 0.50375 0.03333333333333333 0.03375
