7 0.665 0.2584375 0.03111111111111111 0.054375
7 0.19666666666666666 0.431875 0.005555555555555556 0.0075
7 0.35638888888888887 0.3215625 0.018333333333333333 0.025625
7 0.35833333333333334 0.3621875 0.011111111111111112 0.023125
9 0.2 0.4253125 0.011111111111111112 0.006875
9 0.2922222222222222 0.3996875 0.006666666666666667 0.010625
9 0.2922222222222222 0.4121875 0.008888888888888889 0.014375
9 0.30444444444444446 0.41125 0.0077777777777777776 0.0125
9 0.3038888888888889 0.3834375 0.015555555555555555 0.021875
9 0.3463888888888889 0.418125 0.012777777777777779 0.02
9 0.6713888888888889 0.315625 0.03388888888888889 0.025
9 0.7358333333333333 0.32875 0.042777777777777776 0.01875
9 0.7166666666666667 0.25875 0.014444444444444444 0.0125
0 0.37694444444444447 0.4484375 0.029444444444444443 0.093125
0 0.4136111111111111 0.4490625 0.03944444444444444 0.099375
0 0.5697222222222222 0.480625 0.05722222222222222 0.17375
0 0.6075 0.4746875 0.04722222222222222 0.171875
0 0.6572222222222223 0.475625 0.05555555555555555 0.1625
0 0.6688888888888889 0.48625 0.06 0.28875
0 0.7222222222222222 0.5009375 0.07666666666666666 0.300625
0 0.7752777777777777 0.499375 0.10055555555555555 0.365
0 0.8575 0.506875 0.105 0.34125
2 0.10472222222222222 0.4571875 0.03833333333333333 0.030625
2 0.27 0.4596875 0.04777777777777778 0.046875
2 0.8983333333333333 0.47875 0.20333333333333334 0.11625
2 0.22333333333333333 0.4496875 0.01888888888888889 0.014375
2 0.19305555555555556 0.4515625 0.02277777777777778 0.018125
8 0.33416666666666667 0.4665625 0.015 0.043125
