7 0.09130859375 0.328125 0.021484375 0.057291666666666664
7 0.498046875 0.12923177083333334 0.017578125 0.060546875
7 0.7431640625 0.3199869791666667 0.025390625 0.07356770833333333
9 0.682861328125 0.4404296875 0.02197265625 0.035807291666666664
9 0.6806640625 0.4671223958333333 0.0087890625 0.018880208333333332
0 0.923095703125 0.5439453125 0.02783203125 0.14518229166666666
0 0.899169921875 0.5380859375 0.02880859375 0.14388020833333334
0 0.81591796875 0.5354817708333334 0.025390625 0.10221354166666667
0 0.05517578125 0.509765625 0.021484375 0.04296875
2 0.45263671875 0.5416666666666666 0.0712890625 0.08072916666666667
2 0.504150390625 0.5143229166666666 0.02294921875 0.028645833333333332
2 0.624267578125 0.5491536458333334 0.07763671875 0.07356770833333333
2 0.583984375 0.5345052083333334 0.037109375 0.057291666666666664
2 0.58056640625 0.5201822916666666 0.0380859375 0.041666666666666664
1 0.8486328125 0.5462239583333334 0.0361328125 0.032552083333333336
2 0.556640625 0.517578125 0.021484375 0.029947916666666668
