9 0.8216666666666667 0.383125 0.01 0.015
9 0.5408333333333334 0.3928125 0.007222222222222222 0.013125
9 0.08444444444444445 0.3584375 0.027777777777777776 0.044375
0 0.2947222222222222 0.4496875 0.03944444444444444 0.103125
1 0.5591666666666667 0.445 0.020555555555555556 0.03375
1 0.5113888888888889 0.4490625 0.02277777777777778 0.031875
1 0.4836111111111111 0.4515625 0.035 0.033125
1 0.4419444444444444 0.4521875 0.035 0.040625
1 0.39944444444444444 0.4578125 0.028888888888888888 0.040625
1 0.3333333333333333 0.460625 0.04 0.055
1 0.26916666666666667 0.470625 0.03833333333333333 0.05375
1 0.24 0.4740625 0.04111111111111111 0.051875
1 0.08 0.4828125 0.05444444444444444 0.068125
1 0.12555555555555556 0.479375 0.06222222222222222 0.065
1 0.1786111111111111 0.47875 0.03944444444444444 0.06
1 0.21611111111111111 0.480625 0.028888888888888888 0.03875
2 0.8113888888888889 0.430625 0.028333333333333332 0.06
2 0.7547222222222222 0.4325 0.11166666666666666 0.07125
2 0.11833333333333333 0.4290625 0.19777777777777777 0.070625
2 0.5361111111111111 0.4340625 0.03111111111111111 0.024375
0 0.5588888888888889 0.430625 0.01888888888888889 0.0475
0 0.5108333333333334 0.44125 0.018333333333333333 0.04375
0 0.48194444444444445 0.4371875 0.025 0.048125
0 0.43833333333333335 0.4328125 0.03 0.064375
0 0.39944444444444444 0.4396875 0.025555555555555557 0.053125
0 0.3352777777777778 0.443125 0.03944444444444444 0.08375
0 0.2738888888888889 0.445625 0.03111111111111111 0.07
0 0.25805555555555554 0.4528125 0.02277777777777778 0.061875
0 0.23944444444444443 0.46125 0.03333333333333333 0.07625
0 0.08027777777777778 0.465 0.04722222222222222 0.0975
0 0.1288888888888889 0.4546875 0.042222222222222223 0.111875
0 0.18194444444444444 0.4603125 0.042777777777777776 0.095625
0 0.2175 0.4540625 0.026111111111111113 0.075625
