4 0.30583333333333335 0.430625 0.09166666666666666 0.045
7 0.1275 0.1871875 0.03166666666666667 0.071875
7 0.49333333333333335 0.4440625 0.005555555555555556 0.014375
7 0.47194444444444444 0.3003125 0.01611111111111111 0.038125
7 0.7558333333333334 0.361875 0.018333333333333333 0.045
7 0.8377777777777777 0.3528125 0.013333333333333334 0.040625
7 0.7777777777777778 0.23875 0.016666666666666666 0.0425
7 0.7361111111111112 0.2875 0.01888888888888889 0.07625
7 0.7572222222222222 0.279375 0.035555555555555556 0.08
9 0.051944444444444446 0.1653125 0.058333333333333334 0.048125
9 0.5086111111111111 0.439375 0.008333333333333333 0.01
9 0.52 0.4390625 0.0077777777777777776 0.009375
9 0.5052777777777778 0.2825 0.01611111111111111 0.02
9 0.9216666666666666 0.34375 0.017777777777777778 0.0125
9 0.8913888888888889 0.2459375 0.013888888888888888 0.033125
9 0.8108333333333333 0.2440625 0.021666666666666667 0.035625
9 0.09388888888888888 0.360625 0.043333333333333335 0.045
9 0.6486111111111111 0.413125 0.017222222222222222 0.01875
9 0.6491666666666667 0.4278125 0.012777777777777779 0.006875
0 0.9386111111111111 0.48625 0.07944444444444444 0.23125
1 0.7147222222222223 0.5346875 0.05388888888888889 0.108125
6 0.5141666666666667 0.4759375 0.030555555555555555 0.016875
2 0.38972222222222225 0.4684375 0.025 0.034375
2 0.41 0.4746875 0.022222222222222223 0.026875
2 0.3725 0.4728125 0.03833333333333333 0.039375
2 0.1511111111111111 0.518125 0.3022222222222222 0.28
2 0.3075 0.493125 0.13166666666666665 0.1425
2 0.465 0.4790625 0.024444444444444446 0.014375
2 0.62 0.465625 0.15333333333333332 0.0775
0 0.7175 0.4965625 0.05388888888888889 0.151875
8 0.7536111111111111 0.49875 0.02277777777777778 0.06875
