9 0.15861111111111112 0.3009375 0.03833333333333333 0.051875
9 0.1575 0.338125 0.03166666666666667 0.0225
0 0.7133333333333334 0.481875 0.03111111111111111 0.1275
0 0.46805555555555556 0.4715625 0.0038888888888888888 0.010625
0 0.4636111111111111 0.470625 0.005 0.0125
0 0.4033333333333333 0.46875 0.006666666666666667 0.0225
1 0.37916666666666665 0.47125 0.015 0.02
2 0.7238888888888889 0.47375 0.1111111111111111 0.0675
2 0.6186111111111111 0.473125 0.025 0.0375
2 0.5972222222222222 0.4565625 0.07777777777777778 0.064375
2 0.5905555555555555 0.463125 0.07333333333333333 0.0475
2 0.5444444444444444 0.4634375 0.03333333333333333 0.036875
2 0.5288888888888889 0.4621875 0.022222222222222223 0.030625
2 0.5155555555555555 0.461875 0.014444444444444444 0.02875
2 0.5086111111111111 0.469375 0.013888888888888888 0.01875
2 0.49583333333333335 0.470625 0.015 0.01375
0 0.3788888888888889 0.4646875 0.014444444444444444 0.025625
2 0.8152777777777778 0.4403125 0.10166666666666667 0.080625
2 0.6822222222222222 0.4596875 0.10444444444444445 0.068125
