7 0.3084150326797386 0.3544921875 0.008986928104575163 0.0078125
0 0.09681372549019608 0.3564453125 0.008986928104575163 0.01171875
0 0.11315359477124183 0.36328125 0.007352941176470588 0.01953125
0 0.12009803921568628 0.3642578125 0.006535947712418301 0.0234375
2 0.2455065359477124 0.37158203125 0.02042483660130719 0.0283203125
2 0.31495098039215685 0.39501953125 0.0727124183006536 0.0615234375
2 0.38235294117647056 0.392578125 0.06209150326797386 0.052734375
2 0.4068627450980392 0.4296875 0.10294117647058823 0.07421875
2 0.45383986928104575 0.40771484375 0.08415032679738563 0.0615234375
2 0.47263071895424835 0.39892578125 0.05800653594771242 0.0556640625
2 0.5441176470588235 0.41552734375 0.09803921568627451 0.0830078125
2 0.6356209150326797 0.43115234375 0.10947712418300654 0.1064453125
2 0.7577614379084967 0.455078125 0.18218954248366012 0.1484375
2 0.9146241830065359 0.51416015625 0.1707516339869281 0.2568359375
