7 0.32055555555555554 0.3996875 0.006666666666666667 0.016875
7 0.38 0.4565625 0.0077777777777777776 0.018125
7 0.495 0.405625 0.006666666666666667 0.01375
7 0.5786111111111111 0.4315625 0.005 0.006875
7 0.5447222222222222 0.4371875 0.0038888888888888888 0.013125
7 0.5488888888888889 0.43875 0.0044444444444444444 0.0125
9 0.09555555555555556 0.44875 0.012222222222222223 0.025
9 0.5394444444444444 0.4125 0.024444444444444446 0.00625
9 0.5452777777777778 0.4546875 0.005 0.009375
0 0.6133333333333333 0.468125 0.01 0.035
0 0.6033333333333334 0.4675 0.012222222222222223 0.035
3 0.4577777777777778 0.474375 0.017777777777777778 0.0275
2 0.31555555555555553 0.4909375 0.1 0.076875
2 0.4097222222222222 0.471875 0.04611111111111111 0.04375
2 0.5752777777777778 0.4675 0.04055555555555555 0.01875
2 0.4955555555555556 0.466875 0.03777777777777778 0.03625
2 0.5341666666666667 0.470625 0.025 0.0225
0 0.4577777777777778 0.4665625 0.015555555555555555 0.034375
