0 0.295703125 0.52294921875 0.02265625 0.0927734375
1 0.42109375 0.63330078125 0.0578125 0.1376953125
1 0.377734375 0.50537109375 0.01484375 0.0458984375
2 0.052734375 0.63818359375 0.10546875 0.1787109375
2 0.123828125 0.58544921875 0.13515625 0.1279296875
2 0.051953125 0.50390625 0.07578125 0.044921875
2 0.134765625 0.4912109375 0.06796875 0.056640625
2 0.193359375 0.53173828125 0.11953125 0.1318359375
2 0.255859375 0.52490234375 0.04140625 0.0947265625
2 0.290234375 0.51611328125 0.05546875 0.0693359375
2 0.3296875 0.494140625 0.05 0.044921875
2 0.35703125 0.4833984375 0.034375 0.03515625
2 0.378515625 0.47509765625 0.02890625 0.0302734375
2 0.393359375 0.47119140625 0.01484375 0.0283203125
2 0.397265625 0.46484375 0.02265625 0.02734375
2 0.42265625 0.46826171875 0.0296875 0.0263671875
2 0.4390625 0.45849609375 0.0140625 0.0146484375
2 0.442578125 0.4541015625 0.01953125 0.01953125
2 0.462109375 0.45361328125 0.01796875 0.0146484375
2 0.473828125 0.45166015625 0.01015625 0.0146484375
2 0.490234375 0.44921875 0.01171875 0.013671875
2 0.49609375 0.46484375 0.01875 0.033203125
2 0.505078125 0.47412109375 0.02578125 0.0458984375
2 0.53359375 0.47802734375 0.0515625 0.0576171875
2 0.526953125 0.44384765625 0.00859375 0.0087890625
2 0.511328125 0.44580078125 0.01015625 0.0068359375
2 0.538671875 0.49169921875 0.04453125 0.0498046875
2 0.6109375 0.46826171875 0.1015625 0.0322265625
2 0.555859375 0.5068359375 0.03359375 0.064453125
2 0.60234375 0.51220703125 0.103125 0.0908203125
2 0.68671875 0.5791015625 0.153125 0.201171875
2 0.8375 0.65283203125 0.325 0.3505859375
2 0.728125 0.45947265625 0.0796875 0.0263671875
2 0.710546875 0.458984375 0.08671875 0.044921875
2 0.640625 0.4462890625 0.03125 0.013671875
0 0.59921875 0.59814453125 0.084375 0.2197265625
0 0.41640625 0.5673828125 0.06875 0.205078125
0 0.376171875 0.48291015625 0.01953125 0.0654296875
11 0.59765625 0.70703125 0.0265625 0.021484375
