7 0.7155555555555555 0.3125 0.01888888888888889 0.055
7 0.9330555555555555 0.2578125 0.02388888888888889 0.025625
7 0.9322222222222222 0.3578125 0.011111111111111112 0.020625
7 0.7127777777777777 0.3753125 0.012222222222222223 0.019375
7 0.4041666666666667 0.15625 0.025 0.065
9 0.04694444444444444 0.4090625 0.01611111111111111 0.015625
9 0.5641666666666667 0.406875 0.018333333333333333 0.02375
9 0.6927777777777778 0.3134375 0.02 0.041875
9 0.7038888888888889 0.3509375 0.042222222222222223 0.015625
9 0.985 0.3128125 0.03 0.015625
2 0.12444444444444444 0.49125 0.18666666666666668 0.1375
