9 0.5308333333333334 0.448125 0.0038888888888888888 0.00625
9 0.3725 0.43125 0.006111111111111111 0.01
2 0.8444444444444444 0.448125 0.06777777777777778 0.02875
2 0.7741666666666667 0.459375 0.05611111111111111 0.035
2 0.7094444444444444 0.4615625 0.06 0.048125
2 0.6727777777777778 0.454375 0.03222222222222222 0.0325
2 0.6052777777777778 0.4696875 0.07166666666666667 0.070625
2 0.5652777777777778 0.465625 0.03722222222222222 0.04
2 0.5427777777777778 0.4671875 0.017777777777777778 0.020625
2 0.5336111111111111 0.4621875 0.012777777777777779 0.021875
2 0.5236111111111111 0.4603125 0.011666666666666667 0.009375
2 0.4886111111111111 0.4575 0.008333333333333333 0.01
2 0.45444444444444443 0.4646875 0.02666666666666667 0.025625
