9 0.6644444444444444 0.41875 0.005555555555555556 0.01375
9 0.8116666666666666 0.408125 0.024444444444444446 0.005
9 0.82 0.3259375 0.021111111111111112 0.041875
0 0.8538888888888889 0.465 0.035555555555555556 0.11375
2 0.6177777777777778 0.445625 0.013333333333333334 0.0125
2 0.6602777777777777 0.4565625 0.010555555555555556 0.021875
2 0.6427777777777778 0.456875 0.03111111111111111 0.03375
2 0.5994444444444444 0.435625 0.006666666666666667 0.0075
0 0.8644444444444445 0.476875 0.022222222222222223 0.035
12 0.8636111111111111 0.4896875 0.04388888888888889 0.075625
