2 0.498291015625 0.5348307291666666 0.03759765625 0.048828125
2 0.48193359375 0.5485026041666666 0.037109375 0.054036458333333336
2 0.43115234375 0.5537109375 0.0615234375 0.061848958333333336
2 0.37939453125 0.5667317708333334 0.0712890625 0.08658854166666667
2 0.32861328125 0.5758463541666666 0.0693359375 0.11393229166666667
2 0.119873046875 0.5589192708333334 0.14013671875 0.099609375
2 0.2421875 0.587890625 0.16796875 0.1328125
2 0.700439453125 0.5533854166666666 0.07666015625 0.08333333333333333
2 0.707763671875 0.5732421875 0.05615234375 0.087890625
2 0.767578125 0.5865885416666666 0.1123046875 0.14973958333333334
2 0.7734375 0.6214192708333334 0.07421875 0.15169270833333334
2 0.869873046875 0.6311848958333334 0.19384765625 0.271484375
2 0.577880859375 0.6422526041666666 0.22607421875 0.236328125
2 0.046142578125 0.607421875 0.03662109375 0.17838541666666666
