7 0.025833333333333333 0.4125 0.009444444444444445 0.03
7 0.025277777777777777 0.43625 0.008333333333333333 0.01375
7 0.2652777777777778 0.2959375 0.009444444444444445 0.031875
7 0.37777777777777777 0.30125 0.01 0.03375
7 0.5427777777777778 0.384375 0.012222222222222223 0.03125
7 0.7347222222222223 0.3725 0.011666666666666667 0.03
7 0.7622222222222222 0.411875 0.011111111111111112 0.0125
7 0.9505555555555556 0.0425 0.08 0.085
9 0.29055555555555557 0.293125 0.014444444444444444 0.0175
9 0.5352777777777777 0.335625 0.018333333333333333 0.0125
9 0.4880555555555556 0.444375 0.005 0.00625
9 0.48777777777777775 0.43625 0.005555555555555556 0.00875
9 0.5380555555555555 0.4215625 0.009444444444444445 0.016875
0 0.5419444444444445 0.4690625 0.015 0.045625
0 0.5547222222222222 0.469375 0.01611111111111111 0.04625
0 0.5144444444444445 0.46375 0.008888888888888889 0.03
0 0.6930555555555555 0.451875 0.01611111111111111 0.0325
0 0.6736111111111112 0.4528125 0.015 0.048125
0 0.8119444444444445 0.4696875 0.035 0.110625
0 0.8469444444444445 0.4740625 0.035 0.115625
0 0.9080555555555555 0.4740625 0.04833333333333333 0.124375
0 0.925 0.4659375 0.028888888888888888 0.119375
0 0.9366666666666666 0.458125 0.02666666666666667 0.105
0 0.9644444444444444 0.465 0.03666666666666667 0.14
0 0.9861111111111112 0.4784375 0.027777777777777776 0.095625
1 0.05472222222222222 0.49625 0.028333333333333332 0.0325
1 0.6705555555555556 0.47125 0.04555555555555556 0.01375
1 0.7302777777777778 0.540625 0.04611111111111111 0.1225
2 0.17027777777777778 0.49 0.18388888888888888 0.13625
2 0.27111111111111114 0.479375 0.03111111111111111 0.03375
2 0.2886111111111111 0.4753125 0.03166666666666667 0.034375
2 0.30972222222222223 0.4740625 0.02277777777777778 0.029375
2 0.40305555555555556 0.519375 0.185 0.17
2 0.8344444444444444 0.4615625 0.13333333333333333 0.066875
0 0.05388888888888889 0.483125 0.025555555555555557 0.04875
0 0.7355555555555555 0.48375 0.06333333333333334 0.195
0 0.7177777777777777 0.4484375 0.03333333333333333 0.073125
