9 0.45016339869281047 0.4697265625 0.013071895424836602 0.0078125
9 0.4505718954248366 0.45947265625 0.010620915032679739 0.0107421875
9 0.3958333333333333 0.47705078125 0.012254901960784314 0.0146484375
9 0.2107843137254902 0.421875 0.008169934640522876 0.033203125
9 0.2013888888888889 0.4580078125 0.007352941176470588 0.033203125
9 0.03227124183006536 0.3916015625 0.022058823529411766 0.0625
9 0.01715686274509804 0.44140625 0.017973856209150325 0.064453125
9 0.5629084967320261 0.42578125 0.03758169934640523 0.0390625
9 0.5633169934640523 0.45849609375 0.04003267973856209 0.0244140625
9 0.5641339869281046 0.49267578125 0.03676470588235294 0.0439453125
9 0.6119281045751634 0.35986328125 0.017973856209150325 0.0263671875
9 0.613562091503268 0.380859375 0.0196078431372549 0.025390625
9 0.6290849673202614 0.35546875 0.011437908496732025 0.021484375
2 0.9158496732026143 0.5400390625 0.16830065359477125 0.171875
