2 0.0703125 0.5166015625 0.084375 0.029296875
2 0.28046875 0.505859375 0.0375 0.044921875
2 0.153125 0.5048828125 0.06875 0.033203125
2 0.84296875 0.45751953125 0.0984375 0.0419921875
2 0.821875 0.4501953125 0.1578125 0.0546875
2 0.512890625 0.4755859375 0.02421875 0.025390625
2 0.501953125 0.46435546875 0.01796875 0.0205078125
2 0.48671875 0.4638671875 0.0140625 0.015625
2 0.4734375 0.462890625 0.0140625 0.013671875
2 0.4265625 0.46875 0.01875 0.01953125
2 0.32109375 0.4658203125 0.0140625 0.013671875
2 0.335546875 0.46630859375 0.01328125 0.0107421875
