7 0.7666015625 0.3248697916666667 0.0234375 0.08072916666666667
7 0.480224609375 0.11588541666666667 0.02294921875 0.07682291666666667
7 0.18798828125 0.330078125 0.025390625 0.08203125
9 0.658935546875 0.4742838541666667 0.01025390625 0.020182291666666668
9 0.64208984375 0.4840494791666667 0.0078125 0.016276041666666668
0 0.899169921875 0.5279947916666666 0.02587890625 0.12109375
0 0.892333984375 0.5436197916666666 0.02587890625 0.12890625
0 0.871337890625 0.5458984375 0.03076171875 0.130859375
0 0.85888671875 0.5452473958333334 0.01953125 0.130859375
0 0.23193359375 0.525390625 0.0205078125 0.07682291666666667
0 0.25439453125 0.5305989583333334 0.0205078125 0.08463541666666667
0 0.273193359375 0.5221354166666666 0.01708984375 0.07161458333333333
1 0.04296875 0.5611979166666666 0.0234375 0.0546875
1 0.060302734375 0.5520833333333334 0.05810546875 0.0625
1 0.335693359375 0.6002604166666666 0.04150390625 0.09765625
2 0.619384765625 0.5250651041666666 0.02880859375 0.029296875
2 0.457275390625 0.5218098958333334 0.03369140625 0.046223958333333336
0 0.335693359375 0.5673828125 0.04150390625 0.134765625
8 0.69287109375 0.576171875 0.01953125 0.046875
