9 0.6919444444444445 0.374375 0.015 0.01625
9 0.6908333333333333 0.3603125 0.03722222222222222 0.014375
9 0.3022222222222222 0.423125 0.0077777777777777776 0.0175
2 0.6730555555555555 0.4596875 0.08611111111111111 0.060625
2 0.5605555555555556 0.4765625 0.08444444444444445 0.075625
2 0.5108333333333334 0.4665625 0.049444444444444444 0.058125
2 0.4861111111111111 0.4671875 0.015555555555555555 0.036875
2 0.4647222222222222 0.4509375 0.013888888888888888 0.014375
2 0.46 0.4478125 0.011111111111111112 0.013125
2 0.2586111111111111 0.4740625 0.06277777777777778 0.031875
2 0.35083333333333333 0.4796875 0.04388888888888889 0.033125
2 0.39611111111111114 0.4675 0.023333333333333334 0.025
2 0.40194444444444444 0.44875 0.013888888888888888 0.0125
2 0.45805555555555555 0.438125 0.011666666666666667 0.01
2 0.4338888888888889 0.4340625 0.015555555555555555 0.010625
2 0.3597222222222222 0.4525 0.029444444444444443 0.0225
2 0.47888888888888886 0.466875 0.01 0.025
