9 0.241455078125 0.4547526041666667 0.03173828125 0.011067708333333334
9 0.4892578125 0.5029296875 0.0087890625 0.012369791666666666
1 0.475341796875 0.5615234375 0.02294921875 0.041015625
1 0.510009765625 0.5716145833333334 0.02294921875 0.05078125
2 0.39111328125 0.5296223958333334 0.0185546875 0.025390625
2 0.401611328125 0.5266927083333334 0.01611328125 0.026041666666666668
2 0.365966796875 0.5530598958333334 0.05712890625 0.056640625
2 0.115234375 0.6380208333333334 0.1689453125 0.1875
2 0.5302734375 0.5406901041666666 0.0283203125 0.041015625
2 0.540771484375 0.5465494791666666 0.02587890625 0.039713541666666664
2 0.56298828125 0.544921875 0.0322265625 0.0625
2 0.568603515625 0.5501302083333334 0.03564453125 0.06770833333333333
2 0.599853515625 0.5647786458333334 0.07080078125 0.083984375
2 0.875244140625 0.6793619791666666 0.18701171875 0.2532552083333333
0 0.47509765625 0.5445963541666666 0.0224609375 0.059244791666666664
0 0.510498046875 0.5436197916666666 0.02197265625 0.06640625
