4 0.5841503267973857 0.43701171875 0.05228758169934641 0.0322265625
7 0.08455882352941177 0.474609375 0.005718954248366013 0.0078125
7 0.07230392156862746 0.47509765625 0.005718954248366013 0.0087890625
7 0.0821078431372549 0.4560546875 0.007352941176470588 0.029296875
7 0.2569444444444444 0.37353515625 0.028594771241830064 0.0771484375
7 0.27001633986928103 0.4296875 0.018790849673202614 0.0234375
7 0.4166666666666667 0.4375 0.006535947712418301 0.01171875
9 0.2152777777777778 0.3798828125 0.051470588235294115 0.087890625
9 0.9611928104575164 0.400390625 0.015522875816993464 0.017578125
0 0.9583333333333334 0.37353515625 0.032679738562091505 0.0576171875
1 0.0727124183006536 0.53759765625 0.049019607843137254 0.0341796875
6 0.5343137254901961 0.4375 0.03104575163398693 0.03125
2 0.8978758169934641 0.61669921875 0.2042483660130719 0.3271484375
2 0.7814542483660131 0.53515625 0.15931372549019607 0.154296875
2 0.5588235294117647 0.625 0.3300653594771242 0.3515625
2 0.3709150326797386 0.48388671875 0.03594771241830065 0.0302734375
2 0.40155228758169936 0.4794921875 0.028594771241830064 0.01953125
2 0.2667483660130719 0.57763671875 0.27532679738562094 0.2373046875
2 0.42892156862745096 0.4736328125 0.013071895424836602 0.015625
0 0.07598039215686274 0.5224609375 0.021241830065359478 0.056640625
