0 0.73515625 0.4833984375 0.0296875 0.056640625
0 0.441015625 0.44970703125 0.00390625 0.0107421875
0 0.39921875 0.46435546875 0.0125 0.0419921875
0 0.40703125 0.4501953125 0.003125 0.01171875
1 0.447265625 0.46240234375 0.00703125 0.0166015625
3 0.507421875 0.4775390625 0.04296875 0.03515625
2 0.93984375 0.55908203125 0.1203125 0.1533203125
2 0.896484375 0.49658203125 0.17578125 0.1396484375
2 0.655078125 0.53662109375 0.18046875 0.1728515625
2 0.573828125 0.52587890625 0.03984375 0.1005859375
2 0.5515625 0.4658203125 0.0265625 0.03125
2 0.551171875 0.4619140625 0.03046875 0.03515625
2 0.525390625 0.45654296875 0.02265625 0.0263671875
2 0.493359375 0.4716796875 0.03515625 0.03515625
2 0.475390625 0.46728515625 0.01484375 0.0283203125
2 0.469140625 0.462890625 0.01484375 0.0234375
2 0.5015625 0.44775390625 0.015625 0.0146484375
2 0.450390625 0.45068359375 0.01171875 0.0126953125
2 0.425 0.45068359375 0.0125 0.0126953125
2 0.38359375 0.45947265625 0.0140625 0.0224609375
2 0.378125 0.46240234375 0.0140625 0.0224609375
2 0.356640625 0.4658203125 0.03203125 0.03515625
2 0.351171875 0.474609375 0.03046875 0.033203125
2 0.342578125 0.47900390625 0.01640625 0.0361328125
2 0.333984375 0.48095703125 0.02109375 0.0400390625
2 0.309375 0.4853515625 0.046875 0.0546875
2 0.294921875 0.49609375 0.04765625 0.05078125
2 0.274609375 0.51171875 0.03828125 0.064453125
2 0.23984375 0.52099609375 0.06875 0.0771484375
2 0.21328125 0.53662109375 0.0921875 0.0908203125
2 0.1453125 0.56591796875 0.1375 0.1259765625
2 0.136328125 0.48828125 0.09140625 0.0390625
2 0.375390625 0.46533203125 0.01015625 0.0244140625
2 0.414453125 0.44921875 0.01171875 0.0078125
0 0.446875 0.45458984375 0.0078125 0.0205078125
