7 0.5227777777777778 0.4378125 0.0033333333333333335 0.010625
7 0.43333333333333335 0.4625 0.0022222222222222222 0.00625
9 0.19305555555555556 0.415625 0.011666666666666667 0.02
9 0.47194444444444444 0.4665625 0.006111111111111111 0.004375
9 0.5630555555555555 0.4259375 0.007222222222222222 0.010625
1 0.9263888888888889 0.5703125 0.09388888888888888 0.170625
2 0.059722222222222225 0.586875 0.11944444444444445 0.23
2 0.08277777777777778 0.51375 0.13555555555555557 0.08375
2 0.2225 0.49625 0.0961111111111111 0.06375
2 0.29055555555555557 0.4765625 0.06333333333333334 0.063125
2 0.35833333333333334 0.486875 0.08222222222222222 0.06875
2 0.4041666666666667 0.473125 0.03722222222222222 0.03875
2 0.4263888888888889 0.471875 0.01611111111111111 0.02125
2 0.44027777777777777 0.47375 0.015 0.01625
2 0.49194444444444446 0.4734375 0.015 0.013125
2 0.44805555555555554 0.4734375 0.006111111111111111 0.013125
2 0.45416666666666666 0.473125 0.009444444444444445 0.0125
2 0.8633333333333333 0.4725 0.0811111111111111 0.06625
2 0.8197222222222222 0.4596875 0.08166666666666667 0.031875
2 0.7733333333333333 0.4565625 0.09888888888888889 0.035625
2 0.7244444444444444 0.4528125 0.058888888888888886 0.021875
2 0.6622222222222223 0.4475 0.051111111111111114 0.01375
0 0.9291666666666667 0.5103125 0.08833333333333333 0.231875
8 0.5261111111111111 0.475 0.0044444444444444444 0.01
