7 0.60546875 0.43017578125 0.00625 0.0068359375
7 0.628515625 0.4462890625 0.00703125 0.0078125
7 0.528125 0.45068359375 0.00625 0.0068359375
9 0.45703125 0.4560546875 0.0078125 0.005859375
9 0.456640625 0.44287109375 0.01171875 0.0146484375
9 0.678125 0.44921875 0.0078125 0.005859375
9 0.67734375 0.435546875 0.0109375 0.015625
2 0.0734375 0.5712890625 0.146875 0.115234375
2 0.165625 0.5458984375 0.1015625 0.099609375
2 0.30859375 0.515625 0.0734375 0.068359375
2 0.415625 0.49365234375 0.034375 0.0380859375
2 0.439453125 0.4912109375 0.01484375 0.029296875
2 0.608984375 0.46533203125 0.01484375 0.0126953125
2 0.691796875 0.484375 0.02578125 0.037109375
2 0.695703125 0.4873046875 0.01328125 0.033203125
2 0.70703125 0.48486328125 0.0203125 0.0439453125
2 0.715625 0.48876953125 0.01875 0.0458984375
2 0.754296875 0.48095703125 0.06328125 0.0927734375
