9 0.5408333333333334 0.41 0.018333333333333333 0.0075
9 0.5591666666666667 0.4053125 0.01611111111111111 0.021875
9 0.5908333333333333 0.4034375 0.009444444444444445 0.015625
9 0.25055555555555553 0.4096875 0.008888888888888889 0.015625
9 0.2511111111111111 0.3896875 0.016666666666666666 0.024375
9 0.29833333333333334 0.4215625 0.013333333333333334 0.009375
9 0.2980555555555556 0.40625 0.019444444444444445 0.02125
9 0.5044444444444445 0.4546875 0.0044444444444444444 0.006875
9 0.5041666666666667 0.44625 0.007222222222222222 0.01
2 0.8727777777777778 0.5421875 0.2544444444444444 0.353125
2 0.7155555555555555 0.509375 0.18888888888888888 0.155
2 0.6272222222222222 0.4853125 0.10888888888888888 0.116875
2 0.5741666666666667 0.4703125 0.08166666666666667 0.100625
2 0.5297222222222222 0.475 0.03388888888888889 0.05625
2 0.3572222222222222 0.4584375 0.07222222222222222 0.079375
2 0.41388888888888886 0.4696875 0.021111111111111112 0.019375
2 0.3988888888888889 0.4671875 0.012222222222222223 0.019375
2 0.445 0.4678125 0.022222222222222223 0.019375
2 0.42916666666666664 0.4621875 0.013888888888888888 0.013125
2 0.51 0.4678125 0.02666666666666667 0.025625
2 0.48444444444444446 0.4690625 0.03 0.023125
2 0.4683333333333333 0.466875 0.012222222222222223 0.01625
2 0.46305555555555555 0.463125 0.010555555555555556 0.015
8 0.275 0.47375 0.005555555555555556 0.01375
