9 0.8772222222222222 0.3078125 0.06222222222222222 0.094375
9 0.7241666666666666 0.368125 0.012777777777777779 0.02625
9 0.3175 0.479375 0.012777777777777779 0.015
0 0.04027777777777778 0.503125 0.02388888888888889 0.08375
2 0.8908333333333334 0.535625 0.21833333333333332 0.3275
2 0.6433333333333333 0.49125 0.11888888888888889 0.1175
2 0.5625 0.483125 0.05722222222222222 0.045
2 0.5341666666666667 0.474375 0.03388888888888889 0.03625
2 0.5108333333333334 0.4725 0.019444444444444445 0.02375
2 0.4891666666666667 0.4728125 0.009444444444444445 0.009375
2 0.4563888888888889 0.47 0.008333333333333333 0.00875
2 0.41833333333333333 0.474375 0.008888888888888889 0.02
2 0.4066666666666667 0.4734375 0.022222222222222223 0.026875
2 0.3861111111111111 0.4778125 0.03333333333333333 0.035625
2 0.35083333333333333 0.4825 0.049444444444444444 0.04375
