7 0.4052734375 0.525390625 0.017578125 0.026041666666666668
7 0.637939453125 0.5289713541666666 0.01416015625 0.024088541666666668
7 0.76318359375 0.4928385416666667 0.015625 0.02734375
7 0.7763671875 0.3860677083333333 0.0283203125 0.0390625
9 0.0400390625 0.3427734375 0.017578125 0.064453125
9 0.76806640625 0.5563151041666666 0.0146484375 0.025390625
9 0.77880859375 0.4609375 0.0478515625 0.024739583333333332
0 0.124755859375 0.5784505208333334 0.02197265625 0.06705729166666667
0 0.3466796875 0.5709635416666666 0.009765625 0.028645833333333332
0 0.366455078125 0.5667317708333334 0.00732421875 0.024088541666666668
0 0.84716796875 0.6197916666666666 0.0244140625 0.11197916666666667
0 0.8623046875 0.6145833333333334 0.0244140625 0.14713541666666666
0 0.80810546875 0.6106770833333334 0.0322265625 0.13151041666666666
2 0.6064453125 0.5774739583333334 0.029296875 0.036458333333333336
2 0.5224609375 0.5804036458333334 0.037109375 0.043619791666666664
2 0.5556640625 0.5914713541666666 0.0576171875 0.06575520833333333
