9 0.2808333333333333 0.4146875 0.007222222222222222 0.018125
9 0.3788888888888889 0.42375 0.014444444444444444 0.005
0 0.027777777777777776 0.4996875 0.023333333333333334 0.069375
0 0.04888888888888889 0.4871875 0.03111111111111111 0.100625
0 0.42277777777777775 0.4671875 0.0077777777777777776 0.015625
1 0.6075 0.500625 0.029444444444444443 0.0575
2 0.5538888888888889 0.4703125 0.021111111111111112 0.019375
2 0.5411111111111111 0.47375 0.0077777777777777776 0.01
2 0.4761111111111111 0.4765625 0.01888888888888889 0.010625
2 0.445 0.471875 0.027777777777777776 0.02125
2 0.5141666666666667 0.476875 0.007222222222222222 0.005
2 0.5172222222222222 0.474375 0.005555555555555556 0.00625
0 0.6075 0.471875 0.030555555555555555 0.08375
