4 0.39111111111111113 0.45875 0.09666666666666666 0.0675
9 0.7805555555555556 0.42875 0.005555555555555556 0.015
9 0.8152777777777778 0.4265625 0.006111111111111111 0.015625
9 0.8352777777777778 0.4303125 0.005 0.016875
0 0.9325 0.46 0.012777777777777779 0.0325
0 0.8502777777777778 0.4553125 0.008333333333333333 0.024375
0 0.8630555555555556 0.4578125 0.011666666666666667 0.029375
0 0.8202777777777778 0.4509375 0.006111111111111111 0.019375
2 0.03916666666666667 0.4790625 0.07833333333333334 0.114375
2 0.12777777777777777 0.4775 0.11333333333333333 0.08625
2 0.2927777777777778 0.478125 0.08222222222222222 0.05375
2 0.5466666666666666 0.496875 0.11666666666666667 0.10875
2 0.5952777777777778 0.4709375 0.03833333333333333 0.058125
2 0.7469444444444444 0.475 0.05611111111111111 0.035
2 0.7075 0.475625 0.05611111111111111 0.0375
2 0.7036111111111111 0.4703125 0.06055555555555556 0.035625
2 0.6819444444444445 0.4671875 0.06833333333333333 0.043125
14 0.7730555555555556 0.501875 0.10944444444444444 0.0575
4 0.6311111111111111 0.4596875 0.04 0.039375
