4 0.6169444444444444 0.3078125 0.395 0.606875
9 0.9486111111111111 0.4140625 0.020555555555555556 0.024375
9 0.8530555555555556 0.371875 0.026111111111111113 0.03
9 0.4708333333333333 0.505 0.04055555555555555 0.0425
6 0.0875 0.4246875 0.175 0.175625
2 0.11083333333333334 0.4915625 0.0961111111111111 0.091875
2 0.21777777777777776 0.488125 0.15222222222222223 0.10625
2 0.3413888888888889 0.4890625 0.14277777777777778 0.118125
2 0.0763888888888889 0.596875 0.1527777777777778 0.18875
2 0.815 0.4971875 0.10111111111111111 0.065625
2 0.9152777777777777 0.496875 0.11944444444444445 0.05125
