7 0.5019444444444444 0.41375 0.0038888888888888888 0.01
7 0.4602777777777778 0.3940625 0.0038888888888888888 0.009375
7 0.4255555555555556 0.3946875 0.0044444444444444444 0.010625
7 0.4077777777777778 0.386875 0.005555555555555556 0.0125
9 0.8127777777777778 0.37375 0.012222222222222223 0.02125
9 0.7711111111111111 0.380625 0.011111111111111112 0.02625
9 0.7722222222222223 0.4028125 0.011111111111111112 0.015625
9 0.8141666666666667 0.395625 0.011666666666666667 0.02125
9 0.5986111111111111 0.398125 0.020555555555555556 0.02125
9 0.5375 0.4115625 0.018333333333333333 0.018125
9 0.43333333333333335 0.3940625 0.0044444444444444444 0.005625
0 0.9825 0.4103125 0.008333333333333333 0.031875
2 0.4075 0.4415625 0.011666666666666667 0.013125
2 0.41638888888888886 0.4428125 0.013888888888888888 0.014375
2 0.44305555555555554 0.4384375 0.028333333333333332 0.015625
2 0.47055555555555556 0.4390625 0.012222222222222223 0.011875
2 0.9666666666666667 0.4128125 0.024444444444444446 0.028125
2 0.8897222222222222 0.426875 0.1638888888888889 0.05625
2 0.8133333333333334 0.4275 0.07222222222222222 0.05
2 0.7783333333333333 0.4284375 0.08333333333333333 0.039375
2 0.6663888888888889 0.4284375 0.050555555555555555 0.026875
2 0.6797222222222222 0.4309375 0.035 0.030625
2 0.7466666666666667 0.4309375 0.05 0.034375
2 0.9933333333333333 0.4078125 0.013333333333333334 0.043125
