9 0.4255555555555556 0.43 0.008888888888888889 0.01375
9 0.6436111111111111 0.4315625 0.010555555555555556 0.030625
9 0.5644444444444444 0.4303125 0.0033333333333333335 0.006875
0 0.535 0.4565625 0.021111111111111112 0.060625
0 0.6294444444444445 0.4603125 0.02666666666666667 0.075625
0 0.6052777777777778 0.46875 0.03277777777777778 0.08875
0 0.5902777777777778 0.46625 0.020555555555555556 0.0675
0 0.9061111111111111 0.4821875 0.044444444444444446 0.093125
0 0.9413888888888889 0.4634375 0.025 0.054375
0 0.9622222222222222 0.4796875 0.03777777777777778 0.098125
0 0.9875 0.494375 0.025 0.1475
0 0.4 0.456875 0.014444444444444444 0.04125
0 0.38333333333333336 0.44375 0.013333333333333334 0.02625
1 0.8347222222222223 0.5665625 0.11277777777777778 0.181875
2 0.0763888888888889 0.450625 0.02722222222222222 0.03125
2 0.042222222222222223 0.4721875 0.08444444444444445 0.068125
2 0.13527777777777777 0.464375 0.11944444444444445 0.08375
2 0.21944444444444444 0.456875 0.07555555555555556 0.0475
2 0.2588888888888889 0.4446875 0.03222222222222222 0.025625
2 0.30527777777777776 0.4465625 0.08277777777777778 0.025625
2 0.3277777777777778 0.4803125 0.14444444444444443 0.099375
2 0.435 0.4509375 0.04 0.028125
2 0.49027777777777776 0.4509375 0.026111111111111113 0.025625
2 0.5097222222222222 0.4465625 0.009444444444444445 0.008125
2 0.5219444444444444 0.45375 0.013888888888888888 0.02125
2 0.7216666666666667 0.4515625 0.15333333333333332 0.066875
0 0.8347222222222223 0.485625 0.10055555555555555 0.2425
0 0.5152777777777777 0.455 0.008333333333333333 0.01375
14 0.5155555555555555 0.464375 0.014444444444444444 0.01875
