4 0.49972222222222223 0.4553125 0.015 0.021875
9 0.11194444444444444 0.31125 0.042777777777777776 0.02
9 0.11222222222222222 0.3865625 0.015555555555555555 0.018125
9 0.7872222222222223 0.388125 0.04666666666666667 0.02
9 0.7872222222222223 0.3609375 0.03222222222222222 0.038125
9 0.6752777777777778 0.4325 0.03388888888888889 0.03875
9 0.7825 0.36375 0.04611111111111111 0.01875
2 0.3705555555555556 0.4665625 0.056666666666666664 0.045625
2 0.4033333333333333 0.464375 0.025555555555555557 0.0375
2 0.4175 0.4628125 0.028333333333333332 0.033125
2 0.45055555555555554 0.460625 0.02 0.01875
2 0.5730555555555555 0.46875 0.03722222222222222 0.02625
2 0.5525 0.46625 0.015 0.02
2 0.5438888888888889 0.4625 0.016666666666666666 0.02
2 0.5311111111111111 0.4584375 0.015555555555555555 0.018125
2 0.4386111111111111 0.46375 0.015 0.02
