7 0.5723039215686274 0.51611328125 0.004084967320261438 0.0087890625
9 0.7941176470588235 0.47998046875 0.016339869281045753 0.0087890625
9 0.7888071895424836 0.46875 0.013888888888888888 0.009765625
9 0.5723039215686274 0.50146484375 0.005718954248366013 0.0029296875
9 0.5727124183006536 0.49658203125 0.006535947712418301 0.0068359375
9 0.5723039215686274 0.48876953125 0.007352941176470588 0.0087890625
9 0.4325980392156863 0.49755859375 0.005718954248366013 0.0087890625
9 0.2397875816993464 0.4697265625 0.013888888888888888 0.017578125
9 0.2397875816993464 0.48095703125 0.013888888888888888 0.0068359375
0 0.8958333333333334 0.5390625 0.02042483660130719 0.0625
0 0.8786764705882353 0.533203125 0.01715686274509804 0.05859375
0 0.6262254901960784 0.5390625 0.012254901960784314 0.041015625
0 0.6115196078431373 0.53857421875 0.012254901960784314 0.0361328125
0 0.7160947712418301 0.533203125 0.008986928104575163 0.03515625
0 0.5923202614379085 0.52587890625 0.004901960784313725 0.0205078125
0 0.5759803921568627 0.52734375 0.004901960784313725 0.017578125
0 0.4464869281045752 0.517578125 0.005718954248366013 0.01953125
0 0.3672385620915033 0.5322265625 0.015522875816993464 0.037109375
0 0.2826797385620915 0.52783203125 0.013071895424836602 0.0322265625
0 0.049019607843137254 0.55029296875 0.049019607843137254 0.0908203125
0 0.026552287581699346 0.55126953125 0.028594771241830064 0.0810546875
0 0.006944444444444444 0.5390625 0.013888888888888888 0.0625
1 0.27532679738562094 0.57080078125 0.05392156862745098 0.0556640625
1 0.28431372549019607 0.56689453125 0.05228758169934641 0.0556640625
3 0.12173202614379085 0.60595703125 0.12908496732026145 0.0927734375
3 0.1613562091503268 0.6025390625 0.0923202614379085 0.08203125
3 0.19526143790849673 0.59228515625 0.08823529411764706 0.0791015625
3 0.22508169934640523 0.576171875 0.08088235294117647 0.0625
3 0.25 0.5751953125 0.05228758169934641 0.064453125
2 0.318218954248366 0.546875 0.06944444444444445 0.064453125
2 0.40155228758169936 0.5546875 0.0661764705882353 0.060546875
2 0.48733660130718953 0.6044921875 0.1380718954248366 0.1328125
2 0.47630718954248363 0.525390625 0.02287581699346405 0.0234375
2 0.49142156862745096 0.52294921875 0.008986928104575163 0.0107421875
2 0.5073529411764706 0.5244140625 0.011437908496732025 0.009765625
2 0.03145424836601307 0.63671875 0.06290849673202614 0.146484375
