7 0.26 0.3859375 0.017777777777777778 0.044375
7 0.2802777777777778 0.4203125 0.008333333333333333 0.013125
7 0.04611111111111111 0.3859375 0.014444444444444444 0.041875
7 0.035555555555555556 0.4265625 0.008888888888888889 0.013125
7 0.6869444444444445 0.4021875 0.009444444444444445 0.013125
7 0.6913888888888889 0.3575 0.018333333333333333 0.02625
7 0.8483333333333334 0.3534375 0.016666666666666666 0.040625
7 0.5466666666666666 0.4409375 0.0077777777777777776 0.009375
9 0.6530555555555555 0.4025 0.013888888888888888 0.01625
9 0.8513888888888889 0.20125 0.028333333333333332 0.07375
9 0.8833333333333333 0.2553125 0.03111111111111111 0.039375
9 0.5486111111111112 0.4315625 0.011666666666666667 0.004375
9 0.6416666666666667 0.4128125 0.006666666666666667 0.008125
9 0.6430555555555556 0.4225 0.006111111111111111 0.01125
9 0.6533333333333333 0.42375 0.0077777777777777776 0.01
0 0.6280555555555556 0.485 0.09277777777777778 0.18
0 0.7886111111111112 0.49375 0.07833333333333334 0.2025
0 0.8116666666666666 0.4809375 0.044444444444444446 0.156875
0 0.8458333333333333 0.47875 0.050555555555555555 0.1625
0 0.9025 0.48375 0.03611111111111111 0.1475
0 0.9841666666666666 0.4246875 0.012777777777777779 0.025625
2 0.9761111111111112 0.46125 0.04777777777777778 0.0575
2 0.3958333333333333 0.469375 0.04833333333333333 0.03875
8 0.6822222222222222 0.46375 0.01 0.02625
