0 0.17583333333333334 0.4865625 0.017222222222222222 0.043125
0 0.14944444444444444 0.493125 0.016666666666666666 0.03125
0 0.2311111111111111 0.4865625 0.013333333333333334 0.041875
0 0.2111111111111111 0.49125 0.014444444444444444 0.0325
0 0.2841666666666667 0.48375 0.012777777777777779 0.0425
2 0.3736111111111111 0.4809375 0.049444444444444444 0.049375
2 0.4075 0.481875 0.021666666666666667 0.0325
2 0.4305555555555556 0.485 0.02 0.02375
2 0.44722222222222224 0.48625 0.02 0.02
2 0.48333333333333334 0.4875 0.022222222222222223 0.02
2 0.5144444444444445 0.489375 0.017777777777777778 0.015
2 0.5455555555555556 0.4803125 0.017777777777777778 0.031875
2 0.5941666666666666 0.4778125 0.08277777777777778 0.079375
2 0.7652777777777777 0.5059375 0.16833333333333333 0.121875
2 0.46166666666666667 0.4903125 0.01 0.013125
2 0.4222222222222222 0.48625 0.017777777777777778 0.0225
