7 0.7238562091503268 0.42138671875 0.0032679738562091504 0.0126953125
7 0.6924019607843137 0.43359375 0.0024509803921568627 0.0078125
7 0.6719771241830066 0.419921875 0.004084967320261438 0.01171875
7 0.6793300653594772 0.43359375 0.0024509803921568627 0.005859375
7 0.6245915032679739 0.43408203125 0.0024509803921568627 0.0068359375
7 0.5976307189542484 0.4267578125 0.004084967320261438 0.01171875
7 0.6123366013071896 0.43359375 0.0024509803921568627 0.005859375
7 0.6540032679738562 0.43359375 0.0024509803921568627 0.005859375
9 0.31209150326797386 0.349609375 0.032679738562091505 0.0390625
9 0.3133169934640523 0.37939453125 0.03839869281045752 0.0224609375
0 0.35049019607843135 0.48486328125 0.016339869281045753 0.0732421875
0 0.3602941176470588 0.49072265625 0.024509803921568627 0.0810546875
0 0.42606209150326796 0.48681640625 0.018790849673202614 0.0634765625
0 0.434640522875817 0.48046875 0.013071895424836602 0.052734375
0 0.4616013071895425 0.47216796875 0.016339869281045753 0.0478515625
0 0.47875816993464054 0.4716796875 0.013071895424836602 0.048828125
0 0.4897875816993464 0.47314453125 0.012254901960784314 0.0458984375
0 0.5040849673202614 0.46826171875 0.014705882352941176 0.0361328125
0 0.5518790849673203 0.45556640625 0.007352941176470588 0.0205078125
0 0.5620915032679739 0.45458984375 0.004901960784313725 0.0205078125
0 0.568218954248366 0.4580078125 0.004084967320261438 0.01953125
0 0.5718954248366013 0.45849609375 0.006535947712418301 0.0205078125
0 0.5825163398692811 0.458984375 0.004901960784313725 0.015625
0 0.6870915032679739 0.45068359375 0.006535947712418301 0.0185546875
0 0.6776960784313726 0.45068359375 0.005718954248366013 0.0185546875
0 0.7058823529411765 0.4521484375 0.006535947712418301 0.017578125
0 0.8978758169934641 0.46484375 0.017973856209150325 0.064453125
0 0.9191176470588235 0.46484375 0.017973856209150325 0.064453125
2 0.5420751633986928 0.5087890625 0.09722222222222222 0.087890625
2 0.6160130718954249 0.4609375 0.0196078431372549 0.0234375
2 0.6384803921568627 0.47998046875 0.051470588235294115 0.0517578125
2 0.7924836601307189 0.49755859375 0.10784313725490197 0.0966796875
2 0.7504084967320261 0.453125 0.04330065359477124 0.056640625
2 0.6589052287581699 0.45166015625 0.010620915032679739 0.0087890625
2 0.6323529411764706 0.45068359375 0.00980392156862745 0.0087890625
