7 0.369281045751634 0.4208984375 0.011437908496732025 0.03125
7 0.43709150326797386 0.43896484375 0.008169934640522876 0.0244140625
7 0.44076797385620914 0.490234375 0.005718954248366013 0.0078125
7 0.8157679738562091 0.47216796875 0.008986928104575163 0.0126953125
9 0.30392156862745096 0.4873046875 0.00980392156862745 0.009765625
9 0.3700980392156863 0.45849609375 0.004901960784313725 0.0126953125
9 0.36437908496732024 0.45849609375 0.004901960784313725 0.0126953125
9 0.7156862745098039 0.46044921875 0.016339869281045753 0.0068359375
9 0.7148692810457516 0.443359375 0.021241830065359478 0.025390625
0 0.4338235294117647 0.525390625 0.032679738562091505 0.0703125
0 0.49673202614379086 0.515625 0.008169934640522876 0.015625
6 0.690359477124183 0.50048828125 0.021241830065359478 0.0341796875
3 0.36642156862745096 0.5263671875 0.028594771241830064 0.037109375
3 0.3312908496732026 0.51708984375 0.008986928104575163 0.0185546875
3 0.6180555555555556 0.52197265625 0.025326797385620915 0.0224609375
3 0.6809640522875817 0.52197265625 0.02369281045751634 0.0224609375
2 0.3006535947712418 0.52197265625 0.017973856209150325 0.0185546875
2 0.3133169934640523 0.5146484375 0.013888888888888888 0.01171875
2 0.3202614379084967 0.51025390625 0.004901960784313725 0.0107421875
2 0.2847222222222222 0.51953125 0.013888888888888888 0.01171875
2 0.14869281045751634 0.6083984375 0.2973856209150327 0.3125
2 0.5878267973856209 0.50537109375 0.03022875816993464 0.0341796875
2 0.6646241830065359 0.50732421875 0.012254901960784314 0.0107421875
2 0.801062091503268 0.51318359375 0.031862745098039214 0.0224609375
2 0.5363562091503268 0.62890625 0.24428104575163398 0.25
2 0.7050653594771242 0.5009765625 0.008169934640522876 0.017578125
0 0.6196895424836601 0.51318359375 0.013888888888888888 0.0283203125
0 0.6834150326797386 0.5126953125 0.010620915032679739 0.0234375
