9 0.31666666666666665 0.38375 0.02 0.02125
9 0.6069444444444444 0.40625 0.018333333333333333 0.02
0 0.9566666666666667 0.5553125 0.08666666666666667 0.253125
0 0.7763888888888889 0.494375 0.06722222222222222 0.12
0 0.7541666666666667 0.4975 0.03944444444444444 0.1125
0 0.6777777777777778 0.485 0.05 0.1675
0 0.5513888888888889 0.465625 0.019444444444444445 0.05875
0 0.5730555555555555 0.4815625 0.02388888888888889 0.068125
1 0.6080555555555556 0.494375 0.08166666666666667 0.07125
0 0.7111111111111111 0.5053125 0.04555555555555556 0.108125
2 0.5227777777777778 0.4678125 0.04555555555555556 0.046875
2 0.49277777777777776 0.4715625 0.03888888888888889 0.070625
2 0.42833333333333334 0.4825 0.11666666666666667 0.12
0 0.6275 0.4590625 0.03833333333333333 0.100625
