7 0.14624183006535948 0.2587890625 0.03431372549019608 0.11328125
7 0.18831699346405228 0.33056640625 0.013888888888888888 0.0458984375
7 0.32312091503267976 0.34619140625 0.013888888888888888 0.0478515625
7 0.3929738562091503 0.369140625 0.004901960784313725 0.01953125
7 0.44893790849673204 0.3837890625 0.005718954248366013 0.009765625
7 0.460375816993464 0.38037109375 0.005718954248366013 0.0146484375
7 0.7214052287581699 0.32080078125 0.024509803921568627 0.0751953125
7 0.8390522875816994 0.279296875 0.03758169934640523 0.115234375
7 0.13929738562091504 0.40771484375 0.008986928104575163 0.0283203125
7 0.5690359477124183 0.37451171875 0.008986928104575163 0.0283203125
7 0.5612745098039216 0.3779296875 0.006535947712418301 0.025390625
9 0.028186274509803922 0.29931640625 0.02369281045751634 0.0185546875
9 0.03349673202614379 0.25341796875 0.026143790849673203 0.0673828125
9 0.29983660130718953 0.29736328125 0.011437908496732025 0.0166015625
9 0.2994281045751634 0.310546875 0.013888888888888888 0.009765625
9 0.29901960784313725 0.3212890625 0.014705882352941176 0.01171875
9 0.2986111111111111 0.3427734375 0.013888888888888888 0.03125
9 0.35866013071895425 0.35400390625 0.0196078431372549 0.0107421875
9 0.3627450980392157 0.341796875 0.014705882352941176 0.01171875
9 0.36151960784313725 0.322265625 0.02042483660130719 0.025390625
9 0.38643790849673204 0.35498046875 0.00980392156862745 0.0068359375
9 0.40808823529411764 0.35205078125 0.02042483660130719 0.0185546875
9 0.40931372549019607 0.37255859375 0.016339869281045753 0.0205078125
9 0.7406045751633987 0.3310546875 0.015522875816993464 0.0234375
9 0.8656045751633987 0.294921875 0.022058823529411766 0.03515625
9 0.8235294117647058 0.54931640625 0.05555555555555555 0.0146484375
0 0.17483660130718953 0.40869140625 0.02287581699346405 0.0654296875
0 0.23284313725490197 0.408203125 0.02287581699346405 0.07421875
1 0.05310457516339869 0.41552734375 0.042483660130718956 0.0341796875
3 0.02246732026143791 0.41015625 0.04493464052287582 0.048828125
2 0.5339052287581699 0.40283203125 0.018790849673202614 0.0244140625
2 0.4963235294117647 0.4326171875 0.07598039215686274 0.083984375
2 0.34477124183006536 0.4345703125 0.12581699346405228 0.12109375
2 0.7802287581699346 0.5029296875 0.25163398692810457 0.205078125
0 0.05065359477124183 0.3984375 0.024509803921568627 0.04296875
0 0.010620915032679739 0.40380859375 0.021241830065359478 0.0634765625
