9 0.3190359477124183 0.34716796875 0.022058823529411766 0.0263671875
9 0.3243464052287582 0.37451171875 0.0784313725490196 0.0263671875
9 0.31086601307189543 0.43017578125 0.010620915032679739 0.0126953125
9 0.31086601307189543 0.44140625 0.008986928104575163 0.009765625
9 0.46895424836601307 0.39599609375 0.0392156862745098 0.0205078125
9 0.4693627450980392 0.41064453125 0.03839869281045752 0.0087890625
9 0.6184640522875817 0.4365234375 0.008169934640522876 0.009765625
9 0.6997549019607843 0.37939453125 0.04656862745098039 0.0087890625
9 0.7001633986928104 0.392578125 0.049019607843137254 0.009765625
9 0.6911764705882353 0.404296875 0.027777777777777776 0.009765625
9 0.37050653594771243 0.4306640625 0.01715686274509804 0.025390625
2 0.5204248366013072 0.451171875 0.00980392156862745 0.009765625
2 0.5298202614379085 0.45263671875 0.007352941176470588 0.0087890625
2 0.5375816993464052 0.45263671875 0.00980392156862745 0.0107421875
2 0.6062091503267973 0.4560546875 0.011437908496732025 0.009765625
2 0.6274509803921569 0.455078125 0.029411764705882353 0.01171875
2 0.6270424836601307 0.51708984375 0.1184640522875817 0.1142578125
2 0.6793300653594772 0.4658203125 0.03349673202614379 0.033203125
2 0.6977124183006536 0.47412109375 0.03431372549019608 0.0341796875
2 0.5882352941176471 0.4599609375 0.014705882352941176 0.015625
2 0.5796568627450981 0.453125 0.013888888888888888 0.013671875
