7 0.41888888888888887 0.46375 0.0033333333333333335 0.00875
7 0.5030555555555556 0.4559375 0.002777777777777778 0.005625
7 0.48777777777777775 0.4478125 0.0022222222222222222 0.004375
0 0.010555555555555556 0.4803125 0.021111111111111112 0.130625
0 0.0375 0.48 0.045 0.1325
0 0.14333333333333334 0.4725 0.03333333333333333 0.10875
0 0.1802777777777778 0.469375 0.03611111111111111 0.11
0 0.24027777777777778 0.470625 0.017222222222222222 0.045
0 0.2544444444444444 0.47 0.015555555555555555 0.04875
0 0.26916666666666667 0.4690625 0.015 0.044375
0 0.2861111111111111 0.47125 0.012222222222222223 0.0375
0 0.29527777777777775 0.47125 0.012777777777777779 0.04
0 0.30916666666666665 0.4709375 0.012777777777777779 0.041875
0 0.32083333333333336 0.4690625 0.010555555555555556 0.035625
0 0.3288888888888889 0.4696875 0.013333333333333334 0.034375
0 0.3388888888888889 0.4696875 0.012222222222222223 0.034375
0 0.3536111111111111 0.4703125 0.009444444444444445 0.031875
0 0.40194444444444444 0.4734375 0.006111111111111111 0.018125
0 0.39166666666666666 0.47375 0.006666666666666667 0.0175
0 0.7786111111111111 0.4834375 0.006111111111111111 0.016875
2 0.4305555555555556 0.4784375 0.01888888888888889 0.019375
2 0.4533333333333333 0.4753125 0.027777777777777776 0.025625
2 0.46944444444444444 0.478125 0.006666666666666667 0.01875
