4 0.3312908496732026 0.4931640625 0.06944444444444445 0.046875
4 0.2426470588235294 0.48681640625 0.026143790849673203 0.0166015625
7 0.2042483660130719 0.4580078125 0.004901960784313725 0.013671875
7 0.1597222222222222 0.4765625 0.004084967320261438 0.015625
7 0.2128267973856209 0.47802734375 0.0024509803921568627 0.0068359375
7 0.21609477124183007 0.47900390625 0.0024509803921568627 0.0068359375
9 0.8774509803921569 0.40380859375 0.042483660130718956 0.0537109375
9 0.8794934640522876 0.44091796875 0.03349673202614379 0.0205078125
9 0.8803104575163399 0.4638671875 0.035130718954248366 0.025390625
9 0.13725490196078433 0.45166015625 0.013071895424836602 0.0224609375
0 0.8484477124183006 0.57275390625 0.03839869281045752 0.1005859375
0 0.8231209150326797 0.57568359375 0.028594771241830064 0.1083984375
0 0.7826797385620915 0.56884765625 0.032679738562091505 0.1064453125
0 0.10947712418300654 0.57861328125 0.06535947712418301 0.2041015625
0 0.1119281045751634 0.5078125 0.006535947712418301 0.025390625
0 0.12418300653594772 0.5048828125 0.006535947712418301 0.0234375
0 0.1315359477124183 0.50439453125 0.006535947712418301 0.0244140625
0 0.3815359477124183 0.51123046875 0.00980392156862745 0.0341796875
0 0.40155228758169936 0.51416015625 0.010620915032679739 0.0361328125
0 0.440359477124183 0.51318359375 0.011437908496732025 0.0361328125
0 0.02900326797385621 0.51513671875 0.01715686274509804 0.0654296875
0 0.4244281045751634 0.52099609375 0.012254901960784314 0.0302734375
3 0.247140522875817 0.52001953125 0.018790849673202614 0.0341796875
3 0.2332516339869281 0.52734375 0.01715686274509804 0.03125
3 0.04820261437908497 0.51953125 0.027777777777777776 0.05078125
2 0.3533496732026144 0.533203125 0.04330065359477124 0.060546875
2 0.29901960784313725 0.548828125 0.1111111111111111 0.11328125
2 0.21200980392156862 0.5048828125 0.035130718954248366 0.01953125
2 0.1597222222222222 0.50537109375 0.03349673202614379 0.0205078125
0 0.24591503267973855 0.5068359375 0.014705882352941176 0.029296875
0 0.23284313725490197 0.5146484375 0.017973856209150325 0.0390625
