7 0.6036111111111111 0.355625 0.019444444444444445 0.04
7 0.48583333333333334 0.39625 0.007222222222222222 0.01375
7 0.42083333333333334 0.279375 0.02722222222222222 0.05875
7 0.1438888888888889 0.2490625 0.028888888888888888 0.064375
7 0.3475 0.44625 0.006111111111111111 0.0075
9 0.4125 0.3828125 0.012777777777777779 0.014375
9 0.35138888888888886 0.4403125 0.009444444444444445 0.004375
0 0.9852777777777778 0.445625 0.029444444444444443 0.16125
0 0.9436111111111111 0.4475 0.03944444444444444 0.12125
0 0.9113888888888889 0.4440625 0.03166666666666667 0.134375
0 0.034166666666666665 0.4609375 0.019444444444444445 0.038125
0 0.05555555555555555 0.463125 0.014444444444444444 0.0325
0 0.04638888888888889 0.463125 0.011666666666666667 0.03
0 0.6830555555555555 0.4559375 0.013888888888888888 0.050625
2 0.23833333333333334 0.4759375 0.08888888888888889 0.073125
