7 0.19305555555555556 0.3890625 0.008333333333333333 0.025625
7 0.43972222222222224 0.293125 0.013888888888888888 0.03125
7 0.5344444444444445 0.2825 0.011111111111111112 0.0275
7 0.9719444444444445 0.2878125 0.009444444444444445 0.025625
7 0.8777777777777778 0.36375 0.005555555555555556 0.01875
7 0.8922222222222222 0.3640625 0.006666666666666667 0.024375
7 0.7908333333333334 0.231875 0.011666666666666667 0.03875
7 0.6516666666666666 0.2328125 0.01 0.038125
7 0.1436111111111111 0.386875 0.006111111111111111 0.0225
7 0.11305555555555556 0.2734375 0.007222222222222222 0.034375
7 0.09027777777777778 0.2459375 0.010555555555555556 0.036875
7 0.9016666666666666 0.3621875 0.0077777777777777776 0.023125
9 0.3502777777777778 0.32 0.03277777777777778 0.0125
9 0.9913888888888889 0.286875 0.01611111111111111 0.0225
9 0.9280555555555555 0.2728125 0.03833333333333333 0.013125
9 0.8294444444444444 0.3690625 0.014444444444444444 0.015625
9 0.7025 0.2271875 0.04055555555555555 0.026875
9 0.18916666666666668 0.4090625 0.012777777777777779 0.006875
9 0.4077777777777778 0.390625 0.011111111111111112 0.0225
0 0.3163888888888889 0.4659375 0.04388888888888889 0.101875
2 0.6325 0.5153125 0.24166666666666667 0.208125
2 0.9361111111111111 0.49625 0.12777777777777777 0.22375
2 0.49916666666666665 0.4303125 0.028333333333333332 0.028125
2 0.5444444444444444 0.426875 0.02666666666666667 0.0325
2 0.5208333333333334 0.4253125 0.02277777777777778 0.025625
