9 0.9163888888888889 0.3728125 0.04055555555555555 0.010625
9 0.9152777777777777 0.39875 0.010555555555555556 0.03125
9 0.9208333333333333 0.3975 0.006111111111111111 0.03125
9 0.8652777777777778 0.4278125 0.042777777777777776 0.008125
9 0.8661111111111112 0.4403125 0.04111111111111111 0.008125
2 0.07888888888888888 0.500625 0.15777777777777777 0.1025
2 0.2061111111111111 0.4759375 0.10777777777777778 0.089375
2 0.2658333333333333 0.4771875 0.029444444444444443 0.058125
2 0.29555555555555557 0.4678125 0.05444444444444444 0.053125
2 0.32861111111111113 0.46625 0.03166666666666667 0.04625
2 0.3458333333333333 0.4646875 0.019444444444444445 0.040625
2 0.35888888888888887 0.4646875 0.015555555555555555 0.031875
2 0.3705555555555556 0.464375 0.017777777777777778 0.0275
2 0.37833333333333335 0.459375 0.02666666666666667 0.0325
2 0.4102777777777778 0.4575 0.025 0.02
2 0.42833333333333334 0.45625 0.013333333333333334 0.0125
2 0.47888888888888886 0.4425 0.0077777777777777776 0.0075
2 0.4861111111111111 0.4490625 0.008888888888888889 0.008125
2 0.4855555555555556 0.455 0.008888888888888889 0.01375
2 0.4911111111111111 0.4559375 0.008888888888888889 0.016875
2 0.49944444444444447 0.456875 0.01888888888888889 0.02
2 0.5027777777777778 0.4603125 0.011111111111111112 0.015625
2 0.5116666666666667 0.461875 0.021111111111111112 0.0225
2 0.525 0.46375 0.01888888888888889 0.03875
2 0.5477777777777778 0.4653125 0.04666666666666667 0.043125
2 0.43583333333333335 0.45375 0.008333333333333333 0.01
