9 0.185 0.3825 0.012222222222222223 0.02125
9 0.7725 0.32625 0.028333333333333332 0.045
9 0.7852777777777777 0.4203125 0.005 0.009375
0 0.9558333333333333 0.4525 0.021666666666666667 0.085
0 0.9394444444444444 0.45125 0.03222222222222222 0.09875
0 0.9036111111111111 0.445625 0.026111111111111113 0.0825
0 0.8911111111111111 0.4459375 0.017777777777777778 0.074375
0 0.8575 0.4490625 0.02388888888888889 0.075625
0 0.8191666666666667 0.4553125 0.02722222222222222 0.079375
1 0.7480555555555556 0.4696875 0.012777777777777779 0.021875
2 0.03861111111111111 0.4909375 0.07722222222222222 0.103125
2 0.08055555555555556 0.460625 0.16111111111111112 0.12875
2 0.10861111111111112 0.4653125 0.12055555555555555 0.098125
2 0.16777777777777778 0.46 0.06222222222222222 0.0875
2 0.21472222222222223 0.448125 0.05388888888888889 0.04875
2 0.3458333333333333 0.455625 0.07388888888888889 0.055
2 0.38722222222222225 0.4459375 0.044444444444444446 0.029375
2 0.4577777777777778 0.4553125 0.04555555555555556 0.033125
2 0.5311111111111111 0.475625 0.11222222222222222 0.09375
2 0.5786111111111111 0.44875 0.07388888888888889 0.0725
0 0.7480555555555556 0.4590625 0.012777777777777779 0.030625
0 0.715 0.4409375 0.023333333333333334 0.038125
