7 0.14972222222222223 0.3946875 0.013888888888888888 0.016875
7 0.45 0.4075 0.01 0.015
7 0.3338888888888889 0.4259375 0.01 0.013125
7 0.5577777777777778 0.385 0.014444444444444444 0.02125
7 0.5533333333333333 0.414375 0.0077777777777777776 0.01375
7 0.4963888888888889 0.4246875 0.007222222222222222 0.010625
7 0.003611111111111111 0.3971875 0.007222222222222222 0.038125
9 0.6769444444444445 0.3546875 0.03277777777777778 0.038125
9 0.6988888888888889 0.3815625 0.013333333333333334 0.019375
9 0.7141666666666666 0.3984375 0.020555555555555556 0.006875
0 0.14083333333333334 0.4578125 0.008333333333333333 0.035625
0 0.15083333333333335 0.4628125 0.011666666666666667 0.045625
0 0.23777777777777778 0.4575 0.01 0.03
0 0.5986111111111111 0.4521875 0.012777777777777779 0.045625
0 0.6125 0.4503125 0.015 0.051875
0 0.6291666666666667 0.455 0.013888888888888888 0.05
0 0.6552777777777777 0.454375 0.010555555555555556 0.04375
0 0.8116666666666666 0.44 0.027777777777777776 0.1125
0 0.8358333333333333 0.448125 0.02722222222222222 0.11
0 0.9011111111111111 0.4478125 0.04 0.144375
0 0.9511111111111111 0.450625 0.04777777777777778 0.15
0 0.5752777777777778 0.4578125 0.012777777777777779 0.038125
2 0.43583333333333335 0.4540625 0.018333333333333333 0.021875
2 0.36 0.4565625 0.02666666666666667 0.025625
