9 0.5437091503267973 0.42431640625 0.007352941176470588 0.0087890625
9 0.5445261437908496 0.43310546875 0.007352941176470588 0.0087890625
9 0.5449346405228758 0.44140625 0.008169934640522876 0.0078125
9 0.556781045751634 0.4287109375 0.008986928104575163 0.009765625
9 0.5571895424836601 0.435546875 0.006535947712418301 0.00390625
9 0.7258986928104575 0.40771484375 0.012254901960784314 0.0146484375
9 0.7250816993464052 0.41845703125 0.008986928104575163 0.0048828125
9 0.9219771241830066 0.3798828125 0.015522875816993464 0.017578125
9 0.9669117647058824 0.3681640625 0.025326797385620915 0.029296875
9 0.41830065359477125 0.41796875 0.014705882352941176 0.0078125
0 0.5665849673202614 0.45751953125 0.007352941176470588 0.0244140625
0 0.9166666666666666 0.453125 0.016339869281045753 0.048828125
0 0.9321895424836601 0.45166015625 0.016339869281045753 0.0537109375
1 0.8676470588235294 0.48681640625 0.032679738562091505 0.0595703125
3 0.4477124183006536 0.47314453125 0.008169934640522876 0.0146484375
3 0.4411764705882353 0.474609375 0.004901960784313725 0.015625
3 0.4812091503267974 0.4736328125 0.014705882352941176 0.025390625
3 0.5371732026143791 0.47412109375 0.01715686274509804 0.0283203125
3 0.5494281045751634 0.466796875 0.012254901960784314 0.015625
3 0.5784313725490197 0.48486328125 0.021241830065359478 0.0341796875
2 0.4464869281045752 0.46142578125 0.015522875816993464 0.0126953125
2 0.6029411764705882 0.4619140625 0.04084967320261438 0.03125
2 0.6433823529411765 0.44921875 0.041666666666666664 0.0234375
2 0.6830065359477124 0.462890625 0.042483660130718956 0.037109375
2 0.7205882352941176 0.462890625 0.05065359477124183 0.041015625
2 0.7924836601307189 0.46533203125 0.08333333333333333 0.0615234375
2 0.6372549019607843 0.50244140625 0.09477124183006536 0.0869140625
0 0.4456699346405229 0.46728515625 0.007352941176470588 0.0205078125
0 0.4803921568627451 0.46728515625 0.013071895424836602 0.0263671875
0 0.5363562091503268 0.46923828125 0.013888888888888888 0.0380859375
0 0.5473856209150327 0.4609375 0.008169934640522876 0.021484375
0 0.5780228758169934 0.47216796875 0.018790849673202614 0.0439453125
0 0.866421568627451 0.46142578125 0.03022875816993464 0.0810546875
