4 0.7283333333333334 0.451875 0.027777777777777776 0.02375
9 0.8794444444444445 0.4484375 0.013333333333333334 0.029375
9 0.7286111111111111 0.43 0.007222222222222222 0.01125
9 0.5563888888888889 0.4290625 0.005 0.009375
0 0.9327777777777778 0.4621875 0.016666666666666666 0.060625
0 0.9244444444444444 0.475 0.025555555555555557 0.0675
0 0.8358333333333333 0.4603125 0.010555555555555556 0.040625
0 0.8227777777777778 0.4615625 0.01 0.036875
0 0.8475 0.4615625 0.010555555555555556 0.033125
0 0.7819444444444444 0.4615625 0.011666666666666667 0.030625
0 0.7741666666666667 0.459375 0.009444444444444445 0.02875
2 0.8116666666666666 0.456875 0.012222222222222223 0.01125
2 0.6947222222222222 0.4621875 0.03833333333333333 0.034375
2 0.6502777777777777 0.463125 0.06055555555555556 0.05125
2 0.5861111111111111 0.4834375 0.07111111111111111 0.059375
2 0.5255555555555556 0.46 0.07555555555555556 0.0425
2 0.5286111111111111 0.4696875 0.02722222222222222 0.028125
2 0.485 0.4615625 0.07444444444444444 0.048125
2 0.4822222222222222 0.4709375 0.02666666666666667 0.035625
2 0.44555555555555554 0.4684375 0.06444444444444444 0.049375
2 0.4175 0.4684375 0.10277777777777777 0.055625
2 0.3283333333333333 0.468125 0.13111111111111112 0.05
2 0.12944444444444445 0.4534375 0.1288888888888889 0.045625
2 0.23472222222222222 0.4565625 0.05388888888888889 0.023125
