7 0.9836111111111111 0.3396875 0.017222222222222222 0.040625
7 0.9044444444444445 0.3509375 0.023333333333333334 0.030625
7 0.6272222222222222 0.4009375 0.013333333333333334 0.031875
7 0.24333333333333335 0.4134375 0.013333333333333334 0.030625
7 0.04111111111111111 0.415625 0.01 0.0275
7 0.013055555555555556 0.4459375 0.01611111111111111 0.018125
7 0.8177777777777778 0.384375 0.01 0.025
7 0.8330555555555555 0.415 0.011666666666666667 0.01625
9 0.8402777777777778 0.3934375 0.020555555555555556 0.008125
9 0.9927777777777778 0.3890625 0.013333333333333334 0.043125
9 0.9111111111111111 0.3078125 0.03333333333333333 0.034375
9 0.030833333333333334 0.446875 0.008333333333333333 0.0325
9 0.2477777777777778 0.4421875 0.014444444444444444 0.026875
9 0.6255555555555555 0.4309375 0.021111111111111112 0.026875
0 0.15388888888888888 0.5021875 0.06555555555555556 0.124375
0 0.16916666666666666 0.4965625 0.06388888888888888 0.131875
2 0.5122222222222222 0.5025 0.2577777777777778 0.25
2 0.3661111111111111 0.483125 0.034444444444444444 0.04125
2 0.9575 0.465 0.07722222222222222 0.065
