9 0.43555555555555553 0.42 0.01 0.02
9 0.41638888888888886 0.425 0.005 0.01125
9 0.4588888888888889 0.38 0.021111111111111112 0.02125
9 0.2841666666666667 0.4471875 0.007222222222222222 0.020625
9 0.285 0.4828125 0.0077777777777777776 0.045625
0 0.8322222222222222 0.453125 0.021111111111111112 0.04125
0 0.755 0.446875 0.005555555555555556 0.01625
2 0.03388888888888889 0.4515625 0.058888888888888886 0.039375
2 0.49805555555555553 0.4515625 0.03277777777777778 0.028125
2 0.4613888888888889 0.4534375 0.026111111111111113 0.018125
2 0.42916666666666664 0.4471875 0.045 0.018125
2 0.5941666666666666 0.44625 0.018333333333333333 0.01
2 0.09972222222222223 0.458125 0.07055555555555555 0.0375
14 0.9880555555555556 0.4371875 0.02388888888888889 0.026875
