7 0.8330555555555555 0.2109375 0.03166666666666667 0.108125
7 0.8258333333333333 0.330625 0.02388888888888889 0.0475
7 0.008888888888888889 0.2159375 0.017777777777777778 0.100625
0 0.6980555555555555 0.4846875 0.017222222222222222 0.061875
0 0.4747222222222222 0.478125 0.010555555555555556 0.02875
1 0.9322222222222222 0.705625 0.13444444444444445 0.33375
1 0.9141666666666667 0.59375 0.12944444444444445 0.1775
1 0.5827777777777777 0.5315625 0.057777777777777775 0.111875
1 0.5169444444444444 0.536875 0.05388888888888889 0.10875
1 0.7472222222222222 0.5125 0.03111111111111111 0.0775
1 0.6272222222222222 0.4965625 0.01888888888888889 0.054375
1 0.6591666666666667 0.5034375 0.02388888888888889 0.059375
1 0.6947222222222222 0.50625 0.02388888888888889 0.055
1 0.095 0.508125 0.021111111111111112 0.0725
1 0.07916666666666666 0.50125 0.02277777777777778 0.0575
1 0.11611111111111111 0.5146875 0.02666666666666667 0.081875
1 0.1388888888888889 0.5115625 0.03222222222222222 0.071875
1 0.16 0.49375 0.034444444444444444 0.0575
1 0.1975 0.49875 0.03833333333333333 0.07125
1 0.24472222222222223 0.4946875 0.010555555555555556 0.039375
1 0.25722222222222224 0.49125 0.016666666666666666 0.04125
1 0.33694444444444444 0.49 0.008333333333333333 0.03
2 0.4311111111111111 0.4809375 0.03666666666666667 0.023125
2 0.3927777777777778 0.483125 0.03333333333333333 0.03125
2 0.44972222222222225 0.4765625 0.010555555555555556 0.009375
2 0.47805555555555557 0.479375 0.021666666666666667 0.0175
2 0.41444444444444445 0.4809375 0.012222222222222223 0.019375
0 0.9327777777777778 0.57625 0.13333333333333333 0.4425
0 0.8977777777777778 0.508125 0.09555555555555556 0.24625
0 0.5827777777777777 0.4840625 0.057777777777777775 0.168125
0 0.5175 0.489375 0.050555555555555555 0.14875
0 0.7483333333333333 0.4865625 0.03222222222222222 0.115625
