4 0.39501633986928103 0.38232421875 0.10049019607843138 0.0595703125
7 0.2536764705882353 0.3623046875 0.007352941176470588 0.01953125
9 0.15318627450980393 0.2880859375 0.04003267973856209 0.046875
9 0.6944444444444444 0.33642578125 0.03431372549019608 0.0322265625
9 0.8255718954248366 0.38427734375 0.02696078431372549 0.0283203125
0 0.1352124183006536 0.404296875 0.01715686274509804 0.072265625
6 0.1613562091503268 0.37890625 0.15604575163398693 0.091796875
2 0.9019607843137255 0.50341796875 0.19607843137254902 0.1494140625
2 0.7283496732026143 0.48779296875 0.33251633986928103 0.2001953125
2 0.497140522875817 0.4599609375 0.1380718954248366 0.109375
2 0.41094771241830064 0.42041015625 0.07352941176470588 0.0595703125
2 0.3214869281045752 0.40576171875 0.049836601307189546 0.0478515625
2 0.27655228758169936 0.4052734375 0.04820261437908497 0.048828125
2 0.5535130718954249 0.42529296875 0.10212418300653595 0.0751953125
2 0.47998366013071897 0.3916015625 0.08088235294117647 0.052734375
