9 0.22 0.3740625 0.006666666666666667 0.031875
9 0.7816666666666666 0.400625 0.006666666666666667 0.0225
0 0.5458333333333333 0.4853125 0.01611111111111111 0.038125
0 0.5327777777777778 0.486875 0.011111111111111112 0.03625
3 0.9230555555555555 0.4890625 0.10277777777777777 0.101875
2 0.9730555555555556 0.498125 0.05388888888888889 0.13
2 0.8758333333333334 0.4784375 0.19166666666666668 0.115625
2 0.7416666666666667 0.4890625 0.09222222222222222 0.048125
2 0.7325 0.4725 0.065 0.03125
2 0.585 0.4840625 0.025555555555555557 0.025625
2 0.6788888888888889 0.48625 0.04 0.03875
2 0.6369444444444444 0.4840625 0.029444444444444443 0.034375
2 0.5627777777777778 0.4853125 0.011111111111111112 0.010625
2 0.30777777777777776 0.4796875 0.13333333333333333 0.058125
2 0.05583333333333333 0.4740625 0.07277777777777777 0.030625
2 0.09777777777777778 0.474375 0.052222222222222225 0.02875
2 0.3525 0.4803125 0.10166666666666667 0.046875
2 0.3977777777777778 0.4828125 0.03666666666666667 0.048125
2 0.6058333333333333 0.4859375 0.009444444444444445 0.011875
2 0.46694444444444444 0.4821875 0.03611111111111111 0.024375
2 0.42194444444444446 0.4809375 0.035 0.031875
2 0.6738888888888889 0.4846875 0.05 0.038125
2 0.6855555555555556 0.49375 0.027777777777777776 0.03125
