9 0.675 0.439453125 0.00625 0.005859375
0 0.3890625 0.5185546875 0.021875 0.076171875
2 0.89140625 0.59033203125 0.15625 0.1455078125
2 0.834375 0.556640625 0.1078125 0.119140625
2 0.821875 0.525390625 0.1078125 0.11328125
2 0.769921875 0.53076171875 0.03046875 0.0693359375
2 0.765234375 0.51708984375 0.05546875 0.0810546875
2 0.74140625 0.5107421875 0.028125 0.060546875
2 0.728515625 0.50634765625 0.02734375 0.0439453125
2 0.717578125 0.501953125 0.01953125 0.04296875
2 0.716796875 0.4951171875 0.03984375 0.0390625
2 0.698828125 0.48974609375 0.03046875 0.0322265625
2 0.68671875 0.482421875 0.021875 0.02734375
2 0.68046875 0.4775390625 0.021875 0.029296875
2 0.67109375 0.46875 0.021875 0.021484375
2 0.701171875 0.4560546875 0.02109375 0.009765625
2 0.641796875 0.46484375 0.02421875 0.013671875
2 0.61484375 0.46142578125 0.0203125 0.0126953125
2 0.594921875 0.46630859375 0.01796875 0.0146484375
2 0.5890625 0.47265625 0.021875 0.01953125
2 0.534765625 0.47265625 0.04140625 0.02734375
2 0.50859375 0.50732421875 0.0671875 0.0634765625
2 0.43046875 0.49267578125 0.0546875 0.0322265625
2 0.50703125 0.47119140625 0.034375 0.0126953125
2 0.39921875 0.50927734375 0.0515625 0.0537109375
2 0.36796875 0.4765625 0.0671875 0.013671875
2 0.3046875 0.5185546875 0.1359375 0.080078125
2 0.44453125 0.54833984375 0.0984375 0.0869140625
2 0.25 0.6396484375 0.209375 0.18359375
2 0.132421875 0.56640625 0.20859375 0.115234375
2 0.158203125 0.5244140625 0.20859375 0.052734375
