9 0.3313888888888889 0.44375 0.059444444444444446 0.0675
0 0.5413888888888889 0.4740625 0.017222222222222222 0.056875
6 0.4066666666666667 0.465 0.051111111111111114 0.06
2 0.0925 0.5315625 0.185 0.210625
2 0.21333333333333335 0.50375 0.12111111111111111 0.1425
2 0.29555555555555557 0.4953125 0.0811111111111111 0.099375
2 0.3586111111111111 0.481875 0.05277777777777778 0.0625
2 0.48583333333333334 0.47625 0.04388888888888889 0.035
2 0.5372222222222223 0.4696875 0.04777777777777778 0.061875
2 0.5719444444444445 0.483125 0.065 0.06625
2 0.6244444444444445 0.4875 0.04666666666666667 0.0525
2 0.6505555555555556 0.490625 0.052222222222222225 0.08625
2 0.8997222222222222 0.534375 0.20055555555555554 0.32875
6 0.8252777777777778 0.410625 0.2927777777777778 0.3075
