7 0.8125 0.405625 0.0038888888888888888 0.01375
9 0.9363888888888889 0.426875 0.007222222222222222 0.00625
0 0.7944444444444444 0.4615625 0.014444444444444444 0.049375
2 0.5477777777777778 0.4596875 0.2 0.103125
2 0.6547222222222222 0.4734375 0.051666666666666666 0.055625
2 0.6827777777777778 0.4659375 0.06888888888888889 0.060625
2 0.7058333333333333 0.459375 0.12944444444444445 0.065
2 0.7905555555555556 0.456875 0.06888888888888889 0.05
2 0.8702777777777778 0.4621875 0.075 0.073125
2 0.9219444444444445 0.4596875 0.04833333333333333 0.053125
2 0.9763888888888889 0.4590625 0.04722222222222222 0.100625
2 0.8286111111111111 0.4575 0.017222222222222222 0.035
14 0.20416666666666666 0.3003125 0.4083333333333333 0.236875
14 0.43722222222222223 0.33375 0.28444444444444444 0.1725
