0 0.32890625 0.515625 0.0203125 0.080078125
0 0.418359375 0.47509765625 0.00859375 0.0263671875
0 0.46796875 0.4716796875 0.0078125 0.021484375
1 0.37578125 0.5146484375 0.0171875 0.044921875
1 0.48984375 0.48876953125 0.009375 0.0283203125
2 0.454296875 0.4638671875 0.01171875 0.01171875
2 0.442578125 0.4658203125 0.01171875 0.013671875
2 0.424609375 0.46484375 0.01171875 0.017578125
2 0.41484375 0.47216796875 0.0171875 0.0244140625
2 0.4078125 0.47705078125 0.015625 0.0263671875
2 0.3953125 0.47900390625 0.0265625 0.0283203125
2 0.3765625 0.48779296875 0.03125 0.0400390625
2 0.356640625 0.4921875 0.02734375 0.041015625
2 0.322265625 0.505859375 0.06015625 0.064453125
2 0.303515625 0.52783203125 0.02734375 0.0693359375
2 0.265625 0.529296875 0.075 0.0859375
2 0.19375 0.55859375 0.1078125 0.123046875
2 0.11171875 0.60400390625 0.159375 0.1357421875
2 0.4890625 0.47314453125 0.01875 0.0224609375
2 0.48046875 0.46923828125 0.0125 0.0185546875
2 0.507421875 0.4677734375 0.01015625 0.015625
2 0.53515625 0.4697265625 0.015625 0.025390625
2 0.559765625 0.47216796875 0.01640625 0.0224609375
2 0.61015625 0.46337890625 0.0578125 0.0224609375
2 0.594140625 0.486328125 0.04921875 0.044921875
2 0.6484375 0.48193359375 0.0609375 0.0498046875
2 0.7046875 0.4970703125 0.0671875 0.072265625
2 0.75859375 0.46826171875 0.0390625 0.0458984375
2 0.818359375 0.46728515625 0.10078125 0.0302734375
2 0.775390625 0.5322265625 0.10546875 0.099609375
2 0.90703125 0.52685546875 0.1859375 0.1279296875
2 0.92578125 0.55517578125 0.1484375 0.1474609375
2 0.639453125 0.5576171875 0.11640625 0.103515625
2 0.011328125 0.68359375 0.02265625 0.173828125
2 0.476171875 0.46533203125 0.00859375 0.0166015625
2 0.600390625 0.45556640625 0.07578125 0.0302734375
0 0.37421875 0.5009765625 0.01875 0.0546875
0 0.489453125 0.4814453125 0.01171875 0.033203125
