9 0.52265625 0.4306640625 0.009375 0.015625
0 0.825390625 0.7275390625 0.11953125 0.466796875
1 0.58515625 0.681640625 0.0765625 0.171875
2 0.88515625 0.775390625 0.2296875 0.44921875
2 0.75546875 0.66064453125 0.1296875 0.2294921875
2 0.730078125 0.490234375 0.11953125 0.087890625
2 0.737109375 0.44580078125 0.07578125 0.0322265625
2 0.63359375 0.46142578125 0.0296875 0.0322265625
2 0.585546875 0.517578125 0.07421875 0.072265625
2 0.55546875 0.49267578125 0.065625 0.0634765625
2 0.523828125 0.4765625 0.03359375 0.037109375
2 0.509765625 0.4638671875 0.02578125 0.03125
2 0.48828125 0.462890625 0.01875 0.015625
2 0.469921875 0.4658203125 0.01953125 0.013671875
2 0.454296875 0.46630859375 0.01328125 0.0146484375
2 0.423046875 0.4716796875 0.03515625 0.021484375
2 0.393359375 0.47119140625 0.02265625 0.0302734375
2 0.380859375 0.4765625 0.02578125 0.03125
2 0.343359375 0.5341796875 0.10859375 0.115234375
2 0.303515625 0.50634765625 0.04296875 0.0576171875
2 0.261328125 0.52880859375 0.04765625 0.0771484375
2 0.21953125 0.54345703125 0.09375 0.0888671875
2 0.15859375 0.51123046875 0.0875 0.0595703125
2 0.13125 0.591796875 0.1203125 0.12890625
2 0.0625 0.63232421875 0.125 0.1689453125
0 0.580859375 0.6162109375 0.06953125 0.25
