7 0.43709150326797386 0.50048828125 0.0032679738562091504 0.0107421875
9 0.5379901960784313 0.49853515625 0.007352941176470588 0.0107421875
0 0.8125 0.55029296875 0.022058823529411766 0.0830078125
0 0.7863562091503268 0.552734375 0.02369281045751634 0.083984375
0 0.9268790849673203 0.56103515625 0.028594771241830064 0.0986328125
0 0.8884803921568627 0.5556640625 0.03022875816993464 0.103515625
0 0.0690359477124183 0.53369140625 0.013888888888888888 0.0556640625
6 0.5122549019607843 0.5205078125 0.032679738562091505 0.041015625
3 0.43218954248366015 0.53466796875 0.00980392156862745 0.0205078125
3 0.47181372549019607 0.52685546875 0.005718954248366013 0.0107421875
3 0.4616013071895425 0.52783203125 0.004901960784313725 0.0087890625
2 0.4456699346405229 0.5263671875 0.02042483660130719 0.021484375
2 0.4889705882352941 0.52880859375 0.013888888888888888 0.0205078125
0 0.4325980392156863 0.52783203125 0.008986928104575163 0.0205078125
0 0.47181372549019607 0.52294921875 0.005718954248366013 0.0107421875
0 0.4616013071895425 0.5234375 0.004901960784313725 0.009765625
